0.0 288.2 1.0000 7.410E22 2.148E25 280.6 252.6 .8692 .5000 6.8581E18 8.4126E18 1.0325E19 1.2119E19
0.1 287.5 0.9881 6.705E22 2.123E25 279.8 252.0 .8561 .4941 6.8539E18 8.4054E18 1.0316E19 1.2111E19
0.2 286.9 0.9764 6.341E22 2.098E25 279.3 251.4 .8489 .4882 6.8497E18 8.3983E18 1.0308E19 1.2104E19
0.3 286.2 0.9645 6.055E22 2.072E25 278.9 250.8 .8430 .4822 6.8456E18 8.3914E18 1.0299E19 1.2097E19
0.4 285.6 0.9535 5.777E22 2.049E25 278.6 250.3 .8372 .4767 6.8414E18 8.3845E18 1.0290E19 1.2090E19
0.5 284.9 0.9415 5.473E22 2.023E25 278.2 249.7 .8307 .4708 6.8373E18 8.3778E18 1.0281E19 1.2083E19
0.6 284.3 0.9308 5.201E22 2.000E25 277.7 249.1 .8240 .4654 6.8332E18 8.3712E18 1.0272E19 1.2076E19
0.7 283.6 0.9194 4.926E22 1.975E25 277.0 248.5 .8133 .4597 6.8291E18 8.3647E18 1.0264E19 1.2069E19
0.8 282.9 0.9084 4.666E22 1.952E25 275.6 248.0 .7906 .4542 6.8251E18 8.3584E18 1.0255E19 1.2062E19
0.9 282.3 0.8978 4.400E22 1.929E25 272.8 247.4 .7497 .4489 6.8210E18 8.3521E18 1.0247E19 1.2055E19
1.0 281.7 0.8872 4.152E22 1.906E25 271.7 246.9 .7342 .4436 6.8170E18 8.3460E18 1.0238E19 1.2048E19
1.1 281.0 0.8765 3.898E22 1.884E25 270.5 246.3 .7176 .4383 6.8130E18 8.3400E18 1.0230E19 1.2041E19
1.2 280.4 0.8660 3.617E22 1.861E25 268.7 245.7 .6928 .4330 6.8090E18 8.3340E18 1.0221E19 1.2034E19
1.3 279.7 0.8553 3.332E22 1.838E25 266.5 245.2 .6634 .4277 6.8050E18 8.3281E18 1.0213E19 1.2027E19
1.4 279.0 0.8443 3.059E22 1.815E25 265.1 244.5 .6454 .4222 6.8011E18 8.3223E18 1.0205E19 1.2021E19
1.5 278.4 0.8344 2.824E22 1.793E25 263.9 244.0 .6299 .4172 6.7971E18 8.3165E18 1.0197E19 1.2014E19
1.6 277.8 0.8242 2.605E22 1.771E25 262.6 243.4 .6157 .4121 6.7932E18 8.3107E18 1.0189E19 1.2007E19
1.7 277.1 0.8138 2.468E22 1.749E25 262.1 242.8 .6074 .4069 6.7892E18 8.3050E18 1.0180E19 1.2001E19
1.8 276.5 0.8043 2.402E22 1.729E25 261.7 242.3 .6032 .4021 6.7853E18 8.2994E18 1.0172E19 1.1994E19
1.9 275.8 0.7945 2.352E22 1.708E25 261.4 241.7 .5998 .3972 6.7814E18 8.2938E18 1.0164E19 1.1988E19
2.0 275.2 0.7846 2.307E22 1.687E25 261.2 241.2 .5967 .3923 6.7775E18 8.2882E18 1.0156E19 1.1981E19
2.1 274.5 0.7747 2.271E22 1.665E25 261.0 240.6 .5943 .3874 6.7736E18 8.2827E18 1.0149E19 1.1975E19
2.2 273.8 0.7649 2.236E22 1.644E25 260.8 240.0 .5919 .3824 6.7697E18 8.2773E18 1.0141E19 1.1968E19
2.3 273.2 0.7556 2.212E22 1.624E25 260.7 239.4 .5903 .3778 6.7659E18 8.2719E18 1.0133E19 1.1962E19
2.4 272.6 0.7464 2.188E22 1.605E25 260.5 238.9 .5887 .3732 6.7622E18 8.2665E18 1.0125E19 1.1956E19
2.5 271.9 0.7372 2.110E22 1.585E25 260.1 238.3 .5836 .3686 6.7586E18 8.2612E18 1.0118E19 1.1949E19
2.6 271.3 0.7280 2.012E22 1.565E25 259.6 237.7 .5774 .3640 6.7550E18 8.2560E18 1.0110E19 1.1943E19
2.7 270.6 0.7187 1.954E22 1.545E25 259.2 237.2 .5736 .3594 6.7514E18 8.2508E18 1.0103E19 1.1937E19
2.8 269.9 0.7095 1.907E22 1.526E25 258.9 236.6 .5703 .3548 6.7479E18 8.2456E18 1.0095E19 1.1931E19
2.9 269.3 0.7008 1.854E22 1.507E25 258.6 236.0 .5664 .3504 6.7445E18 8.2405E18 1.0088E19 1.1925E19
3.0 268.7 0.6922 1.806E22 1.488E25 258.3 235.5 .5627 .3461 6.7412E18 8.2355E18 1.0081E19 1.1919E19
3.1 268.0 0.6836 1.762E22 1.470E25 258.0 234.9 .5594 .3418 6.7379E18 8.2305E18 1.0074E19 1.1912E19
3.2 267.4 0.6749 1.723E22 1.451E25 257.7 234.4 .5564 .3375 6.7346E18 8.2255E18 1.0067E19 1.1906E19
3.3 266.7 0.6663 1.682E22 1.433E25 257.5 233.8 .5535 .3331 6.7313E18 8.2206E18 1.0060E19 1.1900E19
3.4 266.1 0.6577 1.628E22 1.414E25 257.2 233.2 .5498 .3288 6.7281E18 8.2158E18 1.0053E19 1.1894E19
3.5 265.4 0.6491 1.560E22 1.396E25 256.8 232.6 .5454 .3245 6.7249E18 8.2110E18 1.0046E19 1.1888E19
3.6 264.7 0.6405 1.491E22 1.378E25 256.4 232.0 .5412 .3203 6.7217E18 8.2062E18 1.0039E19 1.1882E19
3.7 264.1 0.6325 1.431E22 1.360E25 256.0 231.5 .5376 .3162 6.7185E18 8.2015E18 1.0032E19 1.1876E19
3.8 263.5 0.6244 1.372E22 1.343E25 255.7 230.9 .5340 .3122 6.7153E18 8.1969E18 1.0025E19 1.1870E19
3.9 262.8 0.6163 1.307E22 1.326E25 255.4 230.3 .5301 .3082 6.7122E18 8.1923E18 1.0018E19 1.1864E19
4.0 262.1 0.6083 1.241E22 1.308E25 255.0 229.8 .5260 .3041 6.7091E18 8.1877E18 1.0011E19 1.1858E19
4.1 261.5 0.6003 1.180E22 1.291E25 254.7 229.2 .5223 .3001 6.7060E18 8.1832E18 1.0005E19 1.1852E19
4.2 260.9 0.5929 1.125E22 1.275E25 254.3 228.6 .5190 .2964 6.7029E18 8.1788E18 9.9978E18 1.1846E19
4.3 260.2 0.5852 1.067E22 1.259E25 254.0 228.1 .5154 .2926 6.6998E18 8.1744E18 9.9910E18 1.1840E19
4.4 259.6 0.5774 1.006E22 1.242E25 253.7 227.5 .5116 .2887 6.6968E18 8.1700E18 9.9843E18 1.1834E19
4.5 258.9 0.5696 9.489E21 1.225E25 253.3 226.9 .5083 .2848 6.6938E18 8.1656E18 9.9775E18 1.1828E19
4.6 258.3 0.5622 8.997E21 1.209E25 253.0 226.4 .5048 .2811 6.6908E18 8.1613E18 9.9707E18 1.1822E19
4.7 257.6 0.5552 8.529E21 1.194E25 252.7 225.8 .5016 .2776 6.6878E18 8.1571E18 9.9640E18 1.1816E19
4.8 257.0 0.5480 7.999E21 1.179E25 252.3 225.3 .4973 .2740 6.6848E18 8.1529E18 9.9573E18 1.1810E19
4.9 256.3 0.5406 7.406E21 1.163E25 251.7 224.7 .4910 .2703 6.6819E18 8.1487E18 9.9506E18 1.1804E19
5.0 255.7 0.5336 6.824E21 1.148E25 250.9 224.1 .4832 .2668 6.6790E18 8.1445E18 9.9438E18 1.1798E19
5.1 255.1 0.5266 6.248E21 1.133E25 250.1 223.6 .4747 .2633 6.6761E18 8.1404E18 9.9371E18 1.1792E19
5.2 254.4 0.5195 5.667E21 1.118E25 249.1 222.8 .4649 .2597 6.6732E18 8.1364E18 9.9304E18 1.1786E19
5.3 253.7 0.5124 5.093E21 1.103E25 248.1 221.9 .4549 .2562 6.6703E18 8.1323E18 9.9237E18 1.1780E19
5.4 253.1 0.5054 4.542E21 1.088E25 247.2 221.1 .4471 .2527 6.6675E18 8.1283E18 9.9170E18 1.1774E19
5.5 252.4 0.4986 4.076E21 1.073E25 246.6 220.4 .4407 .2493 6.6647E18 8.1242E18 9.9102E18 1.1768E19
5.6 251.8 0.4918 3.738E21 1.058E25 246.0 219.7 .4355 .2459 6.6619E18 8.1202E18 9.9035E18 1.1762E19
5.7 251.2 0.4855 3.497E21 1.045E25 245.6 219.2 .4318 .2428 6.6591E18 8.1163E18 9.8967E18 1.1756E19
5.8 250.5 0.4791 3.270E21 1.031E25 245.2 218.6 .4284 .2396 6.6563E18 8.1123E18 9.8900E18 1.1750E19
5.9 249.8 0.4724 3.052E21 1.017E25 244.9 218.1 .4252 .2362 6.6536E18 8.1084E18 9.8832E18 1.1744E19
6.0 249.2 0.4661 2.866E21 1.003E25 244.6 217.7 .4222 .2330 6.6509E18 8.1044E18 9.8764E18 1.1738E19
6.1 248.6 0.4599 2.695E21 9.898E24 244.2 217.3 .4191 .2299 6.6482E18 8.1005E18 9.8696E18 1.1731E19
6.2 247.9 0.4534 2.498E21 9.759E24 243.7 217.0 .4144 .2267 6.6455E18 8.0966E18 9.8628E18 1.1725E19
6.3 247.2 0.4470 2.265E21 9.621E24 242.8 216.8 .4024 .2235 6.6429E18 8.0927E18 9.8559E18 1.1719E19
6.4 246.6 0.4411 2.052E21 9.495E24 240.2 216.7 .3842 .2206 6.6403E18 8.0888E18 9.8490E18 1.1713E19
6.5 246.0 0.4352 1.860E21 9.368E24 237.3 216.7 .3601 .2176 6.6378E18 8.0849E18 9.8421E18 1.1706E19
6.6 245.3 0.4292 1.662E21 9.239E24 234.2 216.7 .3364 .2146 6.6353E18 8.0810E18 9.8351E18 1.1699E19
6.7 244.7 0.4231 1.460E21 9.109E24 231.1 216.7 .3133 .2116 6.6328E18 8.0771E18 9.8282E18 1.1693E19
6.8 244.0 0.4171 1.300E21 8.979E24 229.4 216.7 .3014 .2085 6.6304E18 8.0732E18 9.8212E18 1.1686E19
6.9 243.3 0.4114 1.205E21 8.857E24 228.7 216.7 .2969 .2057 6.6280E18 8.0693E18 9.8141E18 1.1679E19
7.0 242.7 0.4057 1.153E21 8.735E24 228.4 216.7 .2945 .2029 6.6257E18 8.0654E18 9.8070E18 1.1672E19
7.1 242.0 0.3999 1.118E21 8.609E24 228.1 216.7 .2928 .1999 6.6234E18 8.0615E18 9.7999E18 1.1665E19
7.2 241.4 0.3941 1.085E21 8.486E24 227.9 216.7 .2912 .1971 6.6211E18 8.0576E18 9.7927E18 1.1658E19
7.3 240.7 0.3886 1.051E21 8.367E24 227.6 216.7 .2895 .1943 6.6188E18 8.0537E18 9.7853E18 1.1650E19
7.4 240.1 0.3833 1.021E21 8.254E24 227.4 216.7 .2880 .1917 6.6165E18 8.0497E18 9.7778E18 1.1642E19
7.5 239.4 0.3778 9.901E20 8.134E24 227.2 216.6 .2864 .1889 6.6143E18 8.0457E18 9.7701E18 1.1634E19
7.6 238.8 0.3727 9.671E20 8.025E24 227.0 216.6 .2852 .1863 6.6120E18 8.0417E18 9.7623E18 1.1626E19
7.7 238.2 0.3674 9.508E20 7.912E24 226.8 216.7 .2843 .1837 6.6098E18 8.0377E18 9.7544E18 1.1618E19
7.8 237.5 0.3618 9.350E20 7.791E24 226.7 216.6 .2835 .1809 6.6075E18 8.0337E18 9.7463E18 1.1609E19
7.9 236.8 0.3568 9.188E20 7.683E24 226.6 216.6 .2827 .1784 6.6053E18 8.0296E18 9.7381E18 1.1600E19
8.0 236.2 0.3520 9.013E20 7.580E24 226.5 216.7 .2818 .1760 6.6031E18 8.0255E18 9.7297E18 1.1591E19
8.1 235.6 0.3468 8.802E20 7.469E24 226.3 216.6 .2808 .1734 6.6009E18 8.0214E18 9.7212E18 1.1581E19
8.2 234.9 0.3417 8.566E20 7.360E24 226.1 216.6 .2796 .1709 6.5987E18 8.0173E18 9.7127E18 1.1571E19
8.3 234.3 0.3368 8.327E20 7.254E24 225.9 216.7 .2784 .1684 6.5965E18 8.0132E18 9.7040E18 1.1560E19
8.4 233.6 0.3319 8.081E20 7.148E24 225.7 216.6 .2772 .1659 6.5944E18 8.0091E18 9.6952E18 1.1547E19
8.5 233.0 0.3270 7.831E20 7.043E24 225.6 216.6 .2759 .1635 6.5922E18 8.0049E18 9.6863E18 1.1534E19
8.6 232.2 0.3223 7.638E20 6.943E24 225.4 216.7 .2749 .1611 6.5901E18 8.0008E18 9.6774E18 1.1520E19
8.7 231.7 0.3176 7.470E20 6.842E24 225.2 216.6 .2741 .1588 6.5879E18 7.9966E18 9.6684E18 1.1505E19
8.8 231.0 0.3131 7.291E20 6.745E24 225.1 216.6 .2731 .1566 6.5858E18 7.9925E18 9.6592E18 1.1489E19
8.9 230.4 0.3085 7.064E20 6.646E24 224.9 216.7 .2720 .1542 6.5837E18 7.9883E18 9.6500E18 1.1472E19
9.0 229.7 0.3040 6.744E20 6.549E24 224.6 216.6 .2704 .1520 6.5816E18 7.9841E18 9.6407E18 1.1453E19
9.1 229.1 0.2994 6.292E20 6.450E24 224.3 216.7 .2681 .1497 6.5795E18 7.9799E18 9.6313E18 1.1434E19
9.2 228.4 0.2950 5.818E20 6.355E24 223.9 216.7 .2657 .1475 6.5774E18 7.9756E18 9.6216E18 1.1415E19
9.3 227.8 0.2907 5.374E20 6.263E24 223.5 216.6 .2636 .1453 6.5753E18 7.9713E18 9.6117E18 1.1395E19
9.4 227.1 0.2861 4.922E20 6.164E24 223.1 216.7 .2613 .1431 6.5732E18 7.9669E18 9.6015E18 1.1374E19
9.5 226.5 0.2819 4.511E20 6.074E24 222.6 216.7 .2591 .1409 6.5711E18 7.9624E18 9.5911E18 1.1353E19
9.6 225.8 0.2778 4.105E20 5.987E24 222.1 216.7 .2568 .1389 6.5690E18 7.9578E18 9.5804E18 1.1332E19
9.7 225.2 0.2738 3.710E20 5.900E24 221.4 216.7 .2537 .1369 6.5669E18 7.9532E18 9.5694E18 1.1310E19
9.8 224.5 0.2696 3.298E20 5.810E24 220.5 216.7 .2495 .1348 6.5648E18 7.9485E18 9.5582E18 1.1287E19
9.9 223.9 0.2655 2.886E20 5.722E24 219.7 216.7 .2460 .1328 6.5627E18 7.9438E18 9.5467E18 1.1264E19
10.0 223.2 0.2617 2.498E20 5.639E24 219.1 216.7 .2425 .1309 6.5606E18 7.9389E18 9.5350E18 1.1241E19
10.1 222.2 0.2574 2.091E20 5.547E24 218.5 216.7 .2388 .1287 6.5585E18 7.9340E18 9.5230E18 1.1217E19
10.2 221.3 0.2534 1.839E20 5.462E24 218.1 216.7 .2363 .1267 6.5564E18 7.9291E18 9.5104E18 1.1192E19
10.3 220.5 0.2497 1.659E20 5.382E24 217.9 216.7 .2345 .1248 6.5543E18 7.9242E18 9.4972E18 1.1167E19
10.4 219.7 0.2458 1.431E20 5.298E24 217.5 216.7 .2313 .1229 6.5522E18 7.9192E18 9.4834E18 1.1141E19
10.5 219.0 0.2420 1.224E20 5.217E24 217.1 216.7 .2274 .1210 6.5502E18 7.9142E18 9.4690E18 1.1114E19
10.6 218.4 0.2383 1.018E20 5.136E24 216.7 216.7 .2218 .1191 6.5481E18 7.9092E18 9.4540E18 1.1086E19
10.7 217.9 0.2346 8.345E19 5.056E24 216.7 216.7 .2131 .1173 6.5461E18 7.9042E18 9.4384E18 1.1058E19
10.8 217.5 0.2311 7.074E19 4.981E24 216.7 216.7 .2016 .1155 6.5440E18 7.8992E18 9.4222E18 1.1029E19
10.9 217.1 0.2276 6.168E19 4.905E24 216.7 216.7 .1922 .1138 6.5420E18 7.8941E18 9.4054E18 1.1000E19
11.0 216.8 0.2241 5.464E19 4.830E24 216.6 216.7 .1841 .1120 6.5400E18 7.8890E18 9.3880E18 1.0969E19
11.1 216.7 0.2206 4.892E19 4.755E24 216.7 216.7 .1773 .1103 6.5380E18 7.8839E18 9.3700E18 1.0938E19
11.2 216.7 0.2171 4.472E19 4.680E24 216.6 216.7 .1720 .1085 6.5360E18 7.8788E18 9.3517E18 1.0907E19
11.3 216.7 0.2136 4.202E19 4.605E24 216.7 216.7 .1683 .1068 6.5340E18 7.8735E18 9.3331E18 1.0874E19
11.4 216.7 0.2103 3.997E19 4.533E24 216.7 216.7 .1653 .1051 6.5320E18 7.8681E18 9.3142E18 1.0840E19
11.5 216.7 0.2070 3.810E19 4.462E24 216.6 216.7 .1625 .1035 6.5300E18 7.8626E18 9.2950E18 1.0805E19
11.6 216.7 0.2038 3.648E19 4.394E24 216.7 216.7 .1601 .1019 6.5280E18 7.8571E18 9.2755E18 1.0770E19
11.7 216.7 0.2007 3.492E19 4.327E24 216.6 216.7 .1577 .1003 6.5260E18 7.8515E18 9.2557E18 1.0734E19
11.8 216.7 0.1974 3.328E19 4.257E24 216.6 216.6 .1552 .0987 6.5240E18 7.8457E18 9.2356E18 1.0696E19
11.9 216.7 0.1945 3.186E19 4.194E24 216.7 216.7 .1530 .0972 6.5220E18 7.8399E18 9.2152E18 1.0658E19
12.0 216.7 0.1915 3.053E19 4.130E24 216.6 216.7 .1507 .0957 6.5200E18 7.8340E18 9.1945E18 1.0619E19
12.1 216.6 0.1885 2.922E19 4.065E24 216.7 216.6 .1485 .0943 6.5180E18 7.8280E18 9.1735E18 1.0579E19
12.2 216.6 0.1855 2.792E19 3.999E24 216.7 216.7 .1463 .0927 6.5160E18 7.8219E18 9.1524E18 1.0539E19
12.3 216.7 0.1826 2.672E19 3.938E24 216.6 216.7 .1440 .0913 6.5140E18 7.8158E18 9.1312E18 1.0498E19
12.4 216.6 0.1797 2.549E19 3.876E24 216.7 216.6 .1414 .0899 6.5120E18 7.8096E18 9.1099E18 1.0457E19
12.5 216.7 0.1768 2.427E19 3.813E24 216.7 216.6 .1386 .0884 6.5100E18 7.8033E18 9.0885E18 1.0415E19
12.6 216.7 0.1741 2.317E19 3.754E24 216.7 216.7 .1359 .0870 6.5080E18 7.7969E18 9.0670E18 1.0373E19
12.7 216.6 0.1714 2.214E19 3.696E24 216.7 216.7 .1331 .0857 6.5060E18 7.7905E18 9.0454E18 1.0331E19
12.8 216.7 0.1688 2.118E19 3.640E24 216.7 216.6 .1303 .0844 6.5040E18 7.7840E18 9.0237E18 1.0288E19
12.9 216.7 0.1663 2.031E19 3.586E24 216.7 216.6 .1277 .0831 6.5020E18 7.7775E18 9.0019E18 1.0245E19
13.0 216.6 0.1637 1.944E19 3.530E24 216.7 216.7 .1248 .0818 6.5000E18 7.7708E18 8.9800E18 1.0201E19
13.1 216.7 0.1611 1.858E19 3.475E24 216.7 216.6 .1214 .0806 6.4980E18 7.7641E18 8.9580E18 1.0157E19
13.2 216.6 0.1586 1.775E19 3.421E24 216.7 216.6 .1177 .0793 6.4960E18 7.7573E18 8.9355E18 1.0112E19
13.3 216.6 0.1561 1.693E19 3.368E24 216.7 216.7 .1136 .0781 6.4940E18 7.7502E18 8.9125E18 1.0067E19
13.4 216.7 0.1537 1.614E19 3.315E24 216.7 216.7 .1092 .0768 6.4919E18 7.7430E18 8.8890E18 1.0021E19
13.5 216.6 0.1512 1.542E19 3.262E24 216.7 216.6 .1059 .0756 6.4899E18 7.7355E18 8.8650E18 9.9750E18
13.6 216.7 0.1488 1.470E19 3.211E24 216.7 216.6 .1027 .0744 6.4879E18 7.7279E18 8.8405E18 9.9280E18
13.7 216.7 0.1466 1.405E19 3.163E24 216.6 216.6 .0997 .0733 6.4858E18 7.7202E18 8.8155E18 9.8804E18
13.8 216.6 0.1444 1.345E19 3.114E24 216.7 216.7 .0970 .0722 6.4837E18 7.7122E18 8.7900E18 9.8322E18
13.9 216.7 0.1421 1.289E19 3.065E24 216.6 216.6 .0941 .0711 6.4816E18 7.7041E18 8.7640E18 9.7834E18
14.0 216.7 0.1399 1.241E19 3.018E24 216.7 216.6 .0915 .0699 6.4796E18 7.6957E18 8.7375E18 9.7340E18
14.1 216.7 0.1377 1.195E19 2.972E24 216.6 216.7 .0888 .0689 6.4775E18 7.6872E18 8.7105E18 9.6840E18
14.2 216.7 0.1355 1.150E19 2.923E24 216.7 216.7 .0862 .0677 6.4753E18 7.6786E18 8.6832E18 9.6339E18
14.3 216.7 0.1333 1.110E19 2.877E24 216.6 216.6 .0833 .0667 6.4732E18 7.6698E18 8.6556E18 9.5837E18
14.4 216.7 0.1312 1.074E19 2.832E24 216.6 216.6 .0808 .0656 6.4710E18 7.6608E18 8.6277E18 9.5334E18
14.5 216.7 0.1292 1.040E19 2.788E24 216.7 216.7 .0786 .0646 6.4688E18 7.6517E18 8.5995E18 9.4830E18
14.6 216.7 0.1272 1.007E19 2.744E24 216.7 216.6 .0766 .0636 6.4665E18 7.6425E18 8.5710E18 9.4325E18
14.7 216.7 0.1252 9.775E18 2.702E24 216.6 216.6 .0749 .0626 6.4642E18 7.6331E18 8.5422E18 9.3819E18
14.8 216.7 0.1233 9.520E18 2.662E24 216.6 216.6 .0734 .0617 6.4619E18 7.6235E18 8.5131E18 9.3312E18
14.9 216.7 0.1214 9.287E18 2.621E24 216.7 216.5 .0720 .0607 6.4596E18 7.6138E18 8.4837E18 9.2804E18
15.0 216.7 0.1195 9.077E18 2.580E24 216.6 216.5 .0706 .0597 6.4572E18 7.6040E18 8.4540E18 9.2295E18
15.1 216.7 0.1176 8.866E18 2.539E24 216.7 216.5 .0690 .0588 6.4548E18 7.5940E18 8.4240E18 9.1785E18
15.2 216.7 0.1158 8.670E18 2.500E24 216.7 216.5 .0675 .0579 6.4524E18 7.5838E18 8.3936E18 9.1272E18
15.3 216.7 0.1140 8.500E18 2.461E24 216.6 216.5 .0660 .0570 6.4499E18 7.5734E18 8.3628E18 9.0756E18
15.4 216.7 0.1122 8.343E18 2.422E24 216.7 216.6 .0646 .0561 6.4474E18 7.5628E18 8.3316E18 9.0237E18
15.5 216.7 0.1104 8.188E18 2.383E24 216.6 216.6 .0634 .0552 6.4448E18 7.5520E18 8.3000E18 8.9715E18
15.6 216.7 0.1087 8.021E18 2.346E24 216.6 216.7 .0622 .0543 6.4422E18 7.5410E18 8.2680E18 8.9190E18
15.7 216.7 0.1070 7.837E18 2.309E24 216.5 216.7 .0609 .0535 6.4396E18 7.5298E18 8.2356E18 8.8662E18
15.8 216.7 0.1054 7.654E18 2.275E24 216.5 216.8 .0596 .0527 6.4369E18 7.5184E18 8.2028E18 8.8131E18
15.9 216.7 0.1038 7.472E18 2.240E24 216.5 216.9 .0583 .0519 6.4342E18 7.5068E18 8.1696E18 8.7597E18
16.0 216.7 0.1021 7.290E18 2.205E24 216.5 217.0 .0571 .0510 6.4314E18 7.4950E18 8.1360E18 8.7060E18
16.1 216.7 0.1005 7.111E18 2.170E24 216.6 217.1 .0560 .0503 6.4286E18 7.4830E18 8.1020E18 8.6520E18
16.2 216.6 0.0990 6.943E18 2.138E24 216.7 217.2 .0549 .0495 6.4257E18 7.4703E18 8.0674E18 8.5975E18
16.3 216.7 0.0975 6.773E18 2.104E24 216.7 217.3 .0537 .0487 6.4226E18 7.4569E18 8.0322E18 8.5425E18
16.4 216.7 0.0959 6.611E18 2.070E24 216.8 217.4 .0526 .0479 6.4194E18 7.4428E18 7.9964E18 8.4870E18
16.5 216.6 0.0944 6.473E18 2.038E24 217.0 217.5 .0517 .0472 6.4160E18 7.4280E18 7.9600E18 8.4310E18
16.6 216.7 0.0929 6.337E18 2.007E24 217.1 217.6 .0507 .0465 6.4125E18 7.4125E18 7.9230E18 8.3745E18
16.7 216.7 0.0915 6.207E18 1.975E24 217.2 217.7 .0498 .0457 6.4089E18 7.3963E18 7.8854E18 8.3175E18
16.8 216.6 0.0900 6.084E18 1.945E24 217.3 217.8 .0490 .0450 6.4051E18 7.3794E18 7.8472E18 8.2600E18
16.9 216.6 0.0886 5.958E18 1.915E24 217.4 217.9 .0481 .0443 6.4012E18 7.3618E18 7.8084E18 8.2020E18
17.0 216.7 0.0873 5.834E18 1.885E24 217.5 218.0 .0473 .0437 6.3971E18 7.3435E18 7.7690E18 8.1435E18
17.1 216.7 0.0859 5.730E18 1.856E24 217.6 218.1 .0466 .0430 6.3929E18 7.3245E18 7.7290E18 8.0845E18
17.2 216.6 0.0846 5.640E18 1.827E24 217.7 218.3 .0459 .0423 6.3883E18 7.3046E18 7.6882E18 8.0255E18
17.3 216.6 0.0832 5.545E18 1.798E24 217.8 218.4 .0453 .0416 6.3832E18 7.2838E18 7.6466E18 7.9665E18
17.4 216.7 0.0819 5.450E18 1.770E24 217.9 218.4 .0447 .0410 6.3777E18 7.2621E18 7.6042E18 7.9075E18
17.5 216.6 0.0807 5.359E18 1.743E24 217.9 218.5 .0442 .0404 6.3718E18 7.2395E18 7.5610E18 7.8485E18
17.6 216.6 0.0795 5.273E18 1.717E24 218.0 218.6 .0436 .0397 6.3655E18 7.2160E18 7.5170E18 7.7895E18
17.7 216.7 0.0783 5.180E18 1.691E24 218.1 218.7 .0430 .0391 6.3587E18 7.1916E18 7.4722E18 7.7305E18
17.8 216.7 0.0770 5.074E18 1.663E24 218.3 218.8 .0422 .0385 6.3515E18 7.1663E18 7.4266E18 7.6715E18
17.9 216.6 0.0758 4.967E18 1.637E24 218.4 218.9 .0414 .0379 6.3438E18 7.1401E18 7.3802E18 7.6125E18
18.0 216.6 0.0746 4.862E18 1.612E24 218.5 219.0 .0408 .0373 6.3358E18 7.1130E18 7.3330E18 7.5535E18
18.1 216.6 0.0734 4.762E18 1.587E24 218.6 219.1 .0401 .0367 6.3273E18 7.0850E18 7.2850E18 7.4945E18
18.2 216.7 0.0723 4.668E18 1.562E24 218.7 219.2 .0394 .0362 6.3176E18 7.0560E18 7.2370E18 7.4356E18
18.3 216.6 0.0712 4.584E18 1.538E24 218.8 219.3 .0388 .0356 6.3068E18 7.0260E18 7.1890E18 7.3768E18
18.4 216.6 0.0701 4.506E18 1.515E24 218.9 219.4 .0383 .0351 6.2949E18 6.9950E18 7.1410E18 7.3181E18
18.5 216.7 0.0690 4.432E18 1.491E24 218.9 219.5 .0379 .0345 6.2818E18 6.9630E18 7.0930E18 7.2595E18
18.6 216.7 0.0679 4.362E18 1.468E24 219.0 219.7 .0374 .0340 6.2675E18 6.9300E18 7.0450E18 7.2010E18
18.7 216.6 0.0669 4.297E18 1.445E24 219.1 219.8 .0370 .0334 6.2521E18 6.8960E18 6.9970E18 7.1426E18
18.8 216.6 0.0658 4.238E18 1.423E24 219.2 219.9 .0366 .0329 6.2356E18 6.8610E18 6.9490E18 7.0843E18
18.9 216.7 0.0648 4.182E18 1.401E24 219.2 220.0 .0363 .0324 6.2179E18 6.8250E18 6.9010E18 7.0261E18
19.0 216.6 0.0639 4.123E18 1.380E24 219.3 220.1 .0358 .0320 6.1990E18 6.7880E18 6.8530E18 6.9680E18
19.1 216.6 0.0628 4.055E18 1.358E24 219.4 220.2 .0354 .0314 6.1790E18 6.7500E18 6.8050E18 6.9100E18
19.2 216.6 0.0618 3.983E18 1.335E24 219.5 220.3 .0348 .0309 6.1582E18 6.7110E18 6.7568E18 6.8523E18
19.3 216.5 0.0608 3.915E18 1.315E24 219.6 220.4 .0343 .0304 6.1366E18 6.6710E18 6.7084E18 6.7949E18
19.4 216.5 0.0599 3.850E18 1.295E24 219.7 220.5 .0339 .0300 6.1142E18 6.6300E18 6.6598E18 6.7378E18
19.5 216.5 0.0590 3.788E18 1.275E24 219.7 220.6 .0335 .0295 6.0910E18 6.5880E18 6.6110E18 6.6810E18
19.6 216.5 0.0581 3.724E18 1.256E24 219.8 220.7 .0330 .0291 6.0670E18 6.5450E18 6.5620E18 6.6245E18
19.7 216.5 0.0572 3.655E18 1.236E24 219.9 220.8 .0325 .0286 6.0422E18 6.5010E18 6.5128E18 6.5683E18
19.8 216.6 0.0563 3.584E18 1.217E24 220.0 220.9 .0320 .0281 6.0166E18 6.4560E18 6.4634E18 6.5124E18
19.9 216.6 0.0555 3.515E18 1.198E24 220.1 221.0 .0316 .0278 5.9902E18 6.4100E18 6.4138E18 6.4568E18
20.0 216.7 0.0546 3.450E18 1.180E24 220.2 221.1 .0311 .0273 5.9630E18 6.3630E18 6.3640E18 6.4015E18
20.1 216.7 0.0537 3.387E18 1.162E24 220.3 221.2 .0307 .0269 5.9350E18 6.3150E18 6.3140E18 6.3465E18
20.2 216.8 0.0529 3.326E18 1.144E24 220.4 221.3 .0303 .0265 5.9064E18 6.2668E18 6.2641E18 6.2920E18
20.3 216.9 0.0521 3.267E18 1.126E24 220.5 221.4 .0299 .0260 5.8772E18 6.2184E18 6.2143E18 6.2380E18
20.4 217.0 0.0513 3.210E18 1.108E24 220.6 221.5 .0295 .0257 5.8474E18 6.1698E18 6.1646E18 6.1845E18
20.5 217.1 0.0505 3.154E18 1.091E24 220.6 221.6 .0291 .0253 5.8170E18 6.1210E18 6.1150E18 6.1315E18
20.6 217.2 0.0497 3.096E18 1.074E24 220.7 221.7 .0287 .0248 5.7860E18 6.0720E18 6.0655E18 6.0790E18
20.7 217.3 0.0489 3.035E18 1.057E24 220.8 221.8 .0282 .0245 5.7544E18 6.0228E18 6.0161E18 6.0270E18
20.8 217.4 0.0481 2.978E18 1.041E24 220.9 221.8 .0279 .0240 5.7222E18 5.9734E18 5.9668E18 5.9755E18
20.9 217.5 0.0474 2.924E18 1.024E24 221.0 221.9 .0275 .0237 5.6894E18 5.9238E18 5.9176E18 5.9245E18
21.0 217.6 0.0467 2.875E18 1.009E24 221.1 222.0 .0270 .0234 5.6560E18 5.8740E18 5.8685E18 5.8740E18
21.1 217.7 0.0460 2.825E18 9.939E23 221.2 222.1 .0267 .0230 5.6220E18 5.8240E18 5.8195E18 5.8240E18
21.2 217.8 0.0452 2.767E18 9.780E23 221.3 222.2 .0263 .0226 5.5874E18 5.7741E18 5.7705E18 5.7741E18
21.3 217.9 0.0445 2.704E18 9.621E23 221.4 222.3 .0259 .0223 5.5522E18 5.7243E18 5.7215E18 5.7243E18
21.4 218.0 0.0438 2.648E18 9.473E23 221.5 222.4 .0255 .0219 5.5164E18 5.6746E18 5.6725E18 5.6746E18
21.5 218.1 0.0431 2.600E18 9.328E23 221.6 222.5 .0252 .0215 5.4800E18 5.6250E18 5.6235E18 5.6250E18
21.6 218.2 0.0425 2.557E18 9.189E23 221.6 222.6 .0250 .0213 5.4430E18 5.5755E18 5.5745E18 5.5755E18
21.7 218.4 0.0418 2.514E18 9.050E23 221.7 222.7 .0247 .0209 5.4054E18 5.5261E18 5.5255E18 5.5261E18
21.8 218.4 0.0412 2.466E18 8.909E23 221.8 222.8 .0244 .0206 5.3672E18 5.4768E18 5.4765E18 5.4768E18
21.9 218.5 0.0406 2.419E18 8.775E23 221.8 222.9 .0241 .0203 5.3284E18 5.4276E18 5.4275E18 5.4276E18
22.0 218.6 0.0400 2.373E18 8.643E23 221.9 223.0 .0238 .0200 5.2890E18 5.3785E18 5.3785E18 5.3785E18
22.1 218.7 0.0393 2.327E18 8.511E23 222.0 223.1 .0234 .0196 5.2490E18 5.3295E18 5.3295E18 5.3295E18
22.2 218.8 0.0387 2.281118 8.379E23 222.1 223.2 .0231 .0193 5.2085E18 5.2805E18 5.2805E18 5.2805E18
22.3 218.9 0.0381 2.234E18 8.247E23 222.2 223.3 .0227 .0191 5.1675E18 5.2315E18 5.2315E18 5.2315E18
22.4 219.0 0.0375 2.186E18 8.115E23 222.3 223.4 .0223 .0188 5.1260E18 5.1825E18 5.1825E18 5.1825E18
22.5 219.1 0.0369 2.141E18 7.989E23 222.4 223.6 .0219 .0184 5.0840E18 5.1335E18 5.1335E18 5.1335E18
22.6 219.2 0.0364 2.100E18 7.869E23 222.5 223.6 .0216 .0182 5.0415E18 5.0845E18 5.0845E18 5.0845E18
22.7 219.3 0.0358 2.060E18 7.749E23 222.6 223.7 .0213 .0179 4.9985E18 5.0355E18 5.0355E18 5.0355E18
22.8 219.4 0.0353 2.022E18 7.634E23 222.7 223.8 .0210 .0177 4.9550E18 4.9865E18 4.9865E18 4.9865E18
22.9 219.5 0.0347 1.984E18 7.518E23 222.8 223.9 .0207 .0173 4.9110E18 4.9375E18 4.9375E18 4.9375E18
23.0 219.6 0.0342 1.947E18 7.402E23 222.8 224.0 .0205 .0171 4.8665E18 4.8885E18 4.8885E18 4.8885E18
23.1 219.7 0.0337 1.910E18 7.286E23 222.9 224.1 .0202 .0169 4.8215E18 4.8395E18 4.8395E18 4.8395E18
23.2 219.8 0.0332 1.875E18 7.176E23 223.0 224.2 .0200 .0166 4.7761E18 4.7905E18 4.7905E18 4.7905E18
23.3 219.9 0.0327 1.840E18 7.069E23 223.1 224.3 .0197 .0163 4.7303E18 4.7415E18 4.7415E18 4.7415E18
23.4 220.0 0.0322 1.804E18 6.962E23 223.2 224.4 .0195 .0161 4.6841E18 4.6925E18 4.6925E18 4.6925E18
23.5 220.1 0.0317 1.767E18 6.856E23 223.3 224.5 .0192 .0159 4.6375E18 4.6435E18 4.6435E18 4.6435E18
23.6 220.2 0.0312 1.729E18 6.749E23 223.4 224.7 .0189 .0156 4.5905E18 4.5945E18 4.5945E18 4.5945E18
23.7 220.3 0.0307 1.693E18 6.645E23 223.5 224.8 .0186 .0154 4.5431E18 4.5455E18 4.5455E18 4.5455E18
23.8 220.4 0.0302 1.658E18 6.543E23 223.6 224.8 .0184 .0151 4.4953E18 4.4965E18 4.4965E18 4.4965E18
23.9 220.5 0.0298 1.624E18 6.441E23 223.7 224.9 .0181 .0149 4.4471E18 4.4475E18 4.4475E18 4.4475E18
24.0 220.6 0.0293 1.592E18 6.346E23 223.7 225.1 .0179 .0147 4.3985E18 4.3985E18 4.3985E18 4.3985E18
24.1 220.7 0.0289 1.560E18 6.250E23 223.8 225.2 .0176 .0144 4.3495E18 4.3495E18 4.3495E18 4.3495E18
24.2 220.8 0.0284 1.529E18 6.155E23 223.9 225.3 .0174 .0142 4.3004E18 4.3004E18 4.3004E18 4.3004E18
24.3 220.9 0.0280 1.499E18 6.060E23 224.0 225.3 .0172 .0140 4.2512E18 4.2512E18 4.2512E18 4.2512E18
24.4 221.0 0.0276 1.470E18 5.965E23 224.1 225.4 .0169 .0138 4.2019E18 4.2019E18 4.2019E18 4.2019E18
24.5 221.1 0.0271 1.441E18 5.878E23 224.2 225.6 .0167 .0136 4.1525E18 4.1525E18 4.1525E18 4.1525E18
24.6 221.2 0.0267 1.413E18 5.788E23 224.3 225.7 .0165 .0133 4.1030E18 4.1030E18 4.1030E18 4.1030E18
24.7 221.3 0.0263 1.384E18 5.701E23 224.3 225.8 .0163 .0132 4.0534E18 4.0534E18 4.0534E18 4.0534E18
24.8 221.4 0.0259 1.354E18 5.615E23 224.4 225.9 .0161 .0130 4.0037E18 4.0037E18 4.0037E18 4.0037E18
24.9 221.5 0.0255 1.323E18 5.530E23 224.5 226.0 .0158 .0127 3.9539E18 3.9539E18 3.9539E18 3.9539E18
25.0 221.6 0.0251 1.292E18 5.445E23 224.6 226.1 .0156 .0126 3.9040E18 3.9040E18 3.9040E18 3.9040E18
25.1 221.7 0.0248 1.261E18 5.361E23 224.7 226.2 .0154 .0124 3.8540E18 3.8540E18 3.8540E18 3.8540E18
25.2 221.8 0.0244 1.232E18 5.282E23 224.8 226.3 .0151 .0122 3.8046E18 3.8046E18 3.8046E18 3.8046E18
25.3 221.8 0.0240 1.204E18 5.203E23 224.9 226.4 .0149 .0120 3.7558E18 3.7558E18 3.7558E18 3.7558E18
25.4 221.9 0.0237 1.178E18 5.124E23 225.0 226.5 .0147 .0119 3.7076E18 3.7076E18 3.7076E18 3.7076E18
25.5 222.0 0.0233 1.155E18 5.048E23 225.1 226.6 .0146 .0116 3.6600E18 3.6600E18 3.6600E18 3.6600E18
25.6 222.1 0.0230 1.133E18 4.973E23 225.2 226.7 .0143 .0115 3.6130E18 3.6130E18 3.6130E18 3.6130E18
25.7 222.2 0.0226 1.113E18 4.898E23 225.3 226.8 .0142 .0113 3.5666E18 3.5666E18 3.5666E18 3.5666E18
25.8 222.3 0.0223 1.093E18 4.823E23 225.3 226.9 .0141 .0111 3.5208E18 3.5208E18 3.5208E18 3.5208E18
25.9 222.4 0.0219 1.073E18 4.748E23 225.4 227.0 .0139 .0110 3.4756E18 3.4756E18 3.4756E18 3.4756E18
26.0 222.5 0.0216 1.050E18 4.674E23 225.5 227.1 .0137 .0108 3.4310E18 3.4310E18 3.4310E18 3.4310E18
26.1 222.6 0.0213 1.028E18 4.606E23 225.6 227.2 .0136 .0106 3.3870E18 3.3870E18 3.3870E18 3.3870E18
26.2 222.7 0.0209 1.005E18 4.537E23 225.7 227.3 .0134 .0104 3.3431E18 3.3431E18 3.3431E18 3.3431E18
26.3 222.8 0.0206 9.824E17 4.469E23 225.7 227.4 .0132 .0103 3.2993E18 3.2993E18 3.2993E18 3.2993E18
26.4 222.9 0.0203 9.596E17 4.401E23 225.8 227.5 .0131 .0102 3.2556E18 3.2556E18 3.2556E18 3.2556E18
26.5 223.0 0.0200 9.372E17 4.332E23 225.9 227.5 .0129 .0100 3.2120E18 3.2120E18 3.2120E18 3.2120E18
26.6 223.1 0.0197 9.169E17 4.268E23 226.0 227.5 .0127 .0099 3.1685E18 3.1685E18 3.1685E18 3.1685E18
26.7 223.2 0.0194 8.975E17 4.205E23 226.1 227.6 .0126 .0097 3.1251E18 3.1251E18 3.1251E18 3.1251E18
26.8 223.3 0.0191 8.787E17 4.143E23 226.2 227.7 .0124 .0095 3.0818E18 3.0818E18 3.0818E18 3.0818E18
26.9 223.4 0.0188 8.603E17 4.081E23 226.3 227.8 .0122 .0094 3.0386E18 3.0386E18 3.0386E18 3.0386E18
27.0 223.5 0.0186 8.420E17 4.020E23 226.4 227.9 .0121 .0093 2.9955E18 2.9955E18 2.9955E18 2.9955E18
27.1 223.6 0.0183 8.235E17 3.959E23 226.4 228.0 .0119 .0092 2.9525E18 2.9525E18 2.9525E18 2.9525E18
27.2 223.7 0.0180 8.046E17 3.898E23 226.5 228.2 .0118 .0090 2.9099E18 2.9099E18 2.9099E18 2.9099E18
27.3 223.8 0.0177 7.868E17 3.841E23 226.6 228.4 .0117 .0088 2.8677E18 2.8677E18 2.8677E18 2.8677E18
27.4 223.9 0.0175 7.691E17 3.784E23 226.7 228.6 .0115 .0088 2.8259E18 2.8259E18 2.8259E18 2.8259E18
27.5 224.0 0.0172 7.514E17 3.728E23 226.7 228.8 .0114 .0086 2.7845E18 2.7845E18 2.7845E18 2.7845E18
27.6 224.1 0.0169 7.341E17 3.672E23 226.8 229.0 .0113 .0084 2.7435E18 2.7435E18 2.7435E18 2.7435E18
27.7 224.2 0.0167 7.170E17 3.617E23 226.9 229.3 .0112 .0083 2.7029E18 2.7029E18 2.7029E18 2.7029E18
27.8 224.3 0.0164 6.998E17 3.562E23 227.0 229.5 .0110 .0082 2.6627E18 2.6627E18 2.6627E18 2.6627E18
27.9 224.4 0.0162 6.826E17 3.508E23 227.0 229.8 .0109 .0081 2.6229E18 2.6229E18 2.6229E18 2.6229E18
28.0 224.5 0.0159 6.668E17 3.456E23 227.1 230.1 .0108 .0080 2.5835E18 2.5835E18 2.5835E18 2.5835E18
28.1 224.6 0.0157 6.513E17 3.405E23 227.2 230.3 .0106 .0078 2.5445E18 2.5445E18 2.5445E18 2.5445E18
28.2 224.7 0.0155 6.363E17 3.353E23 227.4 230.6 .0104 .0077 2.5061E18 2.5061E18 2.5061E18 2.5061E18
28.3 224.8 0.0152 6.219E17 3.303E23 227.5 230.9 .0102 .0076 2.4683E18 2.4683E18 2.4683E18 2.4683E18
28.4 224.9 0.0150 6.076E17 3.254E23 227.5 231.2 .0100 .0075 2.4311E18 2.4311E18 2.4311E18 2.4311E18
28.5 225.0 0.0148 5.931E17 3.204E23 227.5 231.5 .0099 .0074 2.3945E18 2.3945E18 2.3945E18 2.3945E18
28.6 225.1 0.0146 5.788E17 3.157E23 227.5 231.8 .0099 .0073 2.3585E18 2.3585E18 2.3585E18 2.3585E18
28.7 225.2 0.0143 5.642E17 3.109E23 227.5 232.1 .0099 .0071 2.3231E18 2.3231E18 2.3231E18 2.3231E18
28.8 225.3 0.0141 5.496E17 3.063E23 227.5 232.3 .0099 .0071 2.2883E18 2.2883E18 2.2883E18 2.2883E18
28.9 225.4 0.0139 5.357E17 3.019E23 227.5 232.6 .0099 .0069 2.2541E18 2.2541E18 2.2541E18 2.2541E18
29.0 225.5 0.0137 5.221E17 2.975E23 227.5 232.9 .0099 .0069 2.2205E18 2.2205E18 2.2205E18 2.2205E18
29.1 225.6 0.0135 5.086E17 2.930E23 227.5 233.2 .0099 .0068 2.1875E18 2.1875E18 2.1875E18 2.1875E18