NaN	NaN
NaN	NaN
NaN	NaN
NaN	NaN
NaN	NaN
NaN	NaN
NaN	NaN
NaN	NaN
NaN	NaN
NaN	NaN
NaN	NaN
NaN	NaN
NaN	NaN
NaN	NaN
NaN	NaN
NaN	NaN
NaN	NaN
NaN	NaN
NaN	NaN
NaN	NaN
NaN	NaN
NaN	NaN
NaN	NaN
NaN	NaN
NaN	NaN
NaN	NaN
NaN	NaN
NaN	NaN
NaN	NaN
NaN	NaN
NaN	NaN
NaN	NaN
NaN	NaN
NaN	NaN
NaN	NaN
NaN	NaN
NaN	NaN
NaN	NaN
NaN	NaN
NaN	NaN
NaN	NaN
NaN	NaN
NaN	NaN
NaN	NaN
NaN	NaN
NaN	NaN
NaN	NaN
NaN	NaN
NaN	NaN
NaN	NaN
NaN	NaN
NaN	NaN
NaN	NaN
NaN	NaN
NaN	NaN
NaN	NaN
NaN	NaN
NaN	NaN
NaN	NaN
NaN	NaN
NaN	NaN
NaN	NaN
NaN	NaN
NaN	NaN
NaN	NaN
NaN	NaN
NaN	NaN
NaN	NaN
NaN	NaN
NaN	NaN
NaN	NaN
NaN	NaN
NaN	NaN
NaN	NaN
NaN	NaN
NaN	NaN
NaN	NaN
NaN	NaN
NaN	NaN
NaN	NaN
NaN	NaN
NaN	NaN
NaN	NaN
NaN	NaN
NaN	NaN
NaN	NaN
NaN	NaN
NaN	NaN
NaN	NaN
NaN	NaN
NaN	NaN
NaN	NaN
NaN	NaN
NaN	NaN
NaN	NaN
NaN	NaN
NaN	NaN
NaN	NaN
NaN	NaN
NaN	NaN
70.4049607864285	NaN
70.4609617999136	NaN
70.5169529308603	NaN
70.5729341714157	NaN
70.6289055137280	0.121046412808412
70.6848669499470	0.127421815412227
70.7408184722237	0.133797218016042
70.7967600727106	0.140172620619857
70.8526917435617	0.147224248186701
70.9086134769322	0.154317452170118
70.9645252649788	0.161410656153534
71.0204270998595	0.168824416584725
71.0763189737338	0.176794822465048
71.1322008787625	0.184765228345370
71.1880728071079	0.192735634225693
71.2439347509337	0.201725411376245
71.2997867024049	0.210991897925211
71.3556286536880	0.220258384474177
71.4114605969508	0.229570486587035
71.4672825243626	0.239059180116625
71.5230944280940	0.248547873646214
71.5788963003172	0.258036567175804
71.6346881332055	0.268055447203975
71.6904699189340	0.278396855310579
71.7462416496789	0.288738263417183
71.8020033176179	0.299097220931814
71.8577549149300	0.309927071183965
71.9134964337960	0.320756921436115
71.9692278663976	0.331586771688266
72.0249492049183	0.342408455500533
72.0806604415428	0.353220067799911
72.1363615684573	0.364031680099289
72.1920525778495	0.374843292398667
72.2477334619083	0.385451011177219
72.3034042128243	0.396024785561216
72.3590648227892	0.406598559945213
72.4147152839964	0.417028998884976
72.4703555886405	0.427060741280409
72.5259857289178	0.437092483675842
72.5816056970258	0.447124226071275
72.6372154851635	0.456870664866974
72.6928150855313	0.466476100933019
72.7484044903311	0.476081536999064
72.8039836917660	0.485610680795995
72.8595526820410	0.494151799345644
72.9151114533620	0.502692917895294
72.9706599979367	0.511234036444943
73.0261983079741	0.518956712044652
73.0817263756846	0.525762881030520
73.1372441932801	0.532569050016387
73.1927517529739	0.539375219002255
73.2482490469808	0.546164463042137
73.3037360675170	0.552951164750909
73.3592128068001	0.559737866459681
73.4146792570492	0.566166512050007
73.4701354104849	0.571600368540987
73.5255812593290	0.577034225031968
73.5810167958051	0.582468081522948
73.6364420121379	0.587014708340837
73.6918569005538	0.591099206159258
73.7472614532805	0.595183703977679
73.8026556625473	0.599241442308102
73.8580395205848	0.602767813467443
73.9134130196251	0.606294184626784
73.9687761519017	0.609820555786126
74.0241289096498	0.613082516331280
74.0794712851057	0.616002349931496
74.1348032705074	0.618922183531712
74.1901248580942	0.621842017131928
74.2454360401070	0.625009505092152
74.3007368087882	0.628230813642676
74.3560271563814	0.631452122193200
74.4113070751320	0.634497780794476
74.4665765572865	0.636860406805248
74.5218355950931	0.639223032816020
74.5770841808015	0.641585658826792
74.6323223066628	0.643594151659411
74.6875499649294	0.645351595351506
74.7427671478554	0.647109039043602
74.7979738476962	0.648866482735697
74.8531700567090	0.650704332611319
74.9083557671519	0.652545246254718
74.9635309712851	0.654386159898117
75.0186956613698	0.656212345660504
75.0738498296688	0.658009804926194
75.1289934684466	0.659807264191885
75.1841265699689	0.661604723457575
75.2392491265029	0.663735769435544
75.2943611303176	0.666001714246114
75.3494625736830	0.668267659056684
75.4045534488709	0.670434893729232
75.4596337481545	0.671506675961831
75.5147034638085	0.672578458194430
75.5697625881090	0.673650240427028
75.6248111133338	0.674779788489282
75.6798490317619	0.675979729308561
75.7348763356740	0.677179670127841
75.7898930173522	0.678379610947120
75.8448990690801	0.679989370389402
75.8998944831428	0.681691373014538
75.9548792518269	0.683393375639675
76.0098533674205	0.685204343274313
76.0648168222131	0.687514237955249
76.1197696084958	0.689824132636184
76.1747117185613	0.692134027317120
76.2296431447035	0.694157310176204
76.2845638792180	0.695936110804281
76.3394739144020	0.697714911432358
76.3943732425538	0.699493712060435
76.4492618559737	0.700757722772056
76.5041397469632	0.701962939191054
76.5590069078254	0.703168155610051
76.6138633308648	0.704635549224262
76.6687090083875	0.706878111204192
76.7235439327011	0.709120673184123
76.7783680961148	0.711363235164054
76.8331814909390	0.712044292322666
76.8879841094861	0.711707462418642
76.9427759440695	0.711370632514617
76.9975569870044	0.711033802610593
77.0523272306075	0.712941561253456
77.1070866671969	0.714954103764591
77.1618352890924	0.716966646275726
77.2165730886151	0.718696438002672
77.2713000580878	0.719775172078625
77.3260161898347	0.720853906154577
77.3807214761815	0.721932640230529
77.4354159094556	0.723742490421167
77.4900994819857	0.725950281993186
77.5447721861022	0.728158073565205
77.5994340141369	0.730365865137224
77.6540849584233	0.729888187349732
77.7087250112961	0.729382409327428
77.7633541650919	0.728876631305124
77.8179724121486	0.729376356961397
77.8725797448057	0.731926106593920
77.9271761554042	0.734475856226443
77.9817616362866	0.737025605858966
78.0363361797971	0.738179734668812
78.0908997782813	0.738633423452912
78.1454524240862	0.739087112237013
78.1999941095608	0.739540801021113
78.2545248270550	0.740112249612575
78.3090445689208	0.740683710924740
78.3635533275113	0.741255172236906
78.4180510951815	0.741242407299149
78.4725378642878	0.740050158485784
78.5270136271880	0.738857909672420
78.5814783762417	0.737665660859056
78.6359321038099	0.738151777088742
78.6903748022551	0.739502939601569
78.7448064639414	0.740854102114396
78.7992270812346	0.742205264627223
78.8536366465017	0.743117588482892
78.9080351521117	0.744023589139788
78.9624225904347	0.744929589796685
79.0167989538426	0.746079279561194
79.0711642347089	0.747774019701457
79.1255184254086	0.749468759841720
79.1798615183181	0.751163499981983
79.2341935058155	0.752517947366499
79.2885143802805	0.753671997484127
79.3428241340943	0.754826047601755
79.3971227596396	0.755980097719383
79.4514102493007	0.755941838226145
79.5056865954636	0.755836856105797
79.5599517905157	0.755731873985449
79.6142058268459	0.755742703236881
79.6684486968449	0.756079987738816
79.7226803929048	0.756417272240750
79.7769009074193	0.756754556742685
79.8311102327836	0.757352224362443
79.8853083613947	0.758143204510295
79.9394952856508	0.758934184658148
79.9936709979521	0.759725164806000
80.0478354907001	0.760656273270295
80.1019887562979	0.761605919890414
80.1561307871501	0.762555566510534
80.2102615756632	0.763323459673535
80.2643811142449	0.763314419734062
80.3184893953047	0.763305379794589
80.3725864112536	0.763296339855116
80.4266721545041	0.763002446368277
80.4807466174706	0.762415811398328
80.5348097925687	0.761829176428379
80.5888616722157	0.761242541458430
80.6429022488307	0.762502505523560
80.6969315148340	0.764241835636729
80.7509494626479	0.765981165749899
80.8049560846959	0.767527115521068
80.8589513734034	0.767159372473880
80.9129353211973	0.766791629426691
80.9669079205059	0.766423886379503
81.0208691637593	0.766101072588757
81.0748190433892	0.765849495326854
81.1287575518288	0.765597918064952
81.1826846815130	0.765346340803049
81.2366004248781	0.763993809002698
81.2905047743621	0.762120480503646
81.3443977224047	0.760247152004594
81.3982792614471	0.758373823505542
81.4521493839322	0.758731699588062
81.5060080823042	0.759163189991052
81.5598553490094	0.759594680394042
81.6136911764952	0.759632099882240
81.6675155572109	0.758514163582138
81.7213284836074	0.757396227282036
81.7751299481370	0.756278290981934
81.8289199432539	0.755403921122811
81.8826984614137	0.754738987018407
81.9364654950736	0.754074052914003
81.9902210366925	0.753409118809598
82.0439650787310	0.753917274954486
82.0976976136511	0.754686328874193
82.1514186339165	0.755455382793901
82.2051281319926	0.756166496016574
82.2588261003463	0.756328766566764
82.3125125314462	0.756491037116954
82.3661874177625	0.756653307667144
82.4198507517669	0.756719562918479
82.4735025259329	0.756622288907844
82.5271427327355	0.756525014897209
82.5807713646515	0.756427740886575
82.6343884141590	0.756390185702137
82.6879938737380	0.756386019343885
82.7415877358700	0.756381852985633
82.7951699930382	0.756377686627381
82.8487406377274	0.756305852997387
82.9022996624241	0.756227314523887
82.9558470596162	0.756148776050388
83.0093828217934	0.755848503540116
83.0629069414471	0.754504924510041
83.1164194110703	0.753161345479965
83.1699202231574	0.751817766449890
83.2234093702047	0.751072419322254
83.2768868447100	0.751095684847079
83.3303526391730	0.751118950371904
83.3838067460946	0.751142215896729
83.4372491579776	0.751834572528048
83.4906798673265	0.752817770043726
83.5440988666473	0.753800967559405
83.5975061484476	0.754784165075084
83.6509017052369	0.753861657676707
83.7042855295261	0.752845792846725
83.7576576138279	0.751829928016742
83.8110179506564	0.751181621205411
83.8643665325276	0.751945698297244
83.9177033519591	0.752709775389077
83.9710284014702	0.753473852480909
84.0243416735816	0.753996917949383
84.0776431608158	0.754233161390397
84.1309328556971	0.754469404831411
84.1842107507514	0.754705648272426
84.2374768385060	0.754170539124145
84.2907311114901	0.753310489801787
84.3439735622345	0.752450440479428
84.3972041832716	0.751590391157070
84.4504229671356	0.750570358467815
84.5036299063623	0.749541456072126
84.5568249934890	0.748512553676438
84.6100082210549	0.747979285103404
84.6631795816007	0.749583921246817
84.7163390676689	0.751188557390231
84.7694866718035	0.752793193533644
84.8226223865503	0.753598563047982
84.8757462044567	0.753325992487259
84.9288581180718	0.753053421926537
84.9819581199464	0.752780851365814
85.0350462026329	0.751929890543767
85.0881223586854	0.750781205923905
85.1411865806597	0.749632521304043
85.1942388611132	0.748483836684181
85.2472791926051	0.746922585182618
85.3003075676961	0.745311066546925
85.3533239789488	0.743699547911231
85.4063284189272	0.742290012120345
85.4593208801973	0.742370059496986
85.5123013553266	0.742450106873626
85.5652698368841	0.742530154250267
85.6182263174409	0.743035296402342
85.6711707895695	0.744350363864414
85.7241032458441	0.745665431326486
85.7770236788407	0.746980498788558
85.8299320811368	0.747569664713230
85.8828284453118	0.747601680352359
85.9357127639467	0.747633695991488
85.9885850296241	0.747665711630617
86.0414452349285	0.746698776077314
86.0942933724459	0.745456737546855
86.1471294347640	0.744214699016397
86.1999534144723	0.742972660485938
86.2527653041619	0.743576705196944
86.3055650964258	0.744182379613207
86.3583527838584	0.744788054029471
86.4111283590559	0.745242683890452
86.4638918146164	0.745132103075462
86.5166431431393	0.745021522260473
86.5693823372262	0.744910941445484
86.6221093894799	0.744705485433435
86.6748242925053	0.744368658793383
86.7275270389088	0.744031832153332
86.7802176212985	0.743695005513280
86.8328960322843	0.742969534856576
86.8855622644777	0.742010375781815
86.9382163104921	0.741051216707055
86.9908581629424	0.740092057632294
87.0434878144453	0.740091624885195
87.0961052576192	0.740292708761533
87.1487104850842	0.740493792637871
87.2013034894622	0.740680295100448
87.2538842633766	0.740293111755628
87.3064527994527	0.739905928410808
87.3590090903176	0.739518745065989
87.4115531285999	0.739417909651179
87.4640849069299	0.740332929445346
87.5166044179400	0.741247949239514
87.5691116542638	0.742162969033681
87.6216066085369	0.742785895314147
87.6740892733967	0.742991299605406
87.7265596414822	0.743196703896665
87.7790177054341	0.743402108187924
87.8314634578948	0.742989973735574
87.8838968915087	0.742166064495882
87.9363179989215	0.741342155256190
87.9887267727810	0.740518246016498
88.0411232057365	0.739129837095588
88.0935072904391	0.737586698278927
88.1458790195417	0.736043559462266
88.1982383856988	0.734500420645606
88.2505853815669	0.734781233213687
88.3029199998038	0.735125557118906
88.3552422330694	0.735469881024124
88.4075520740252	0.735834920271108
88.4598495153345	0.736322715832199
88.5121345496623	0.736810511393290
88.5644071696752	0.737298306954382
88.6166673680419	0.737361594958963
88.6689151374324	0.736518462591574
88.7211504705188	0.735675330224184
88.7733733599747	0.734832197856795
88.8255837984757	0.734340500032398
88.8777817786989	0.734214518387429
88.9299672933231	0.734088536742459
88.9821403350293	0.733962555097490
89.0343008964998	0.733515657521733
89.0864489704188	0.732901686393007
89.1385845494722	0.732287715264281
89.1907076263477	0.731673744135555
89.2428181937348	0.730725060645199
89.2949162443247	0.729703746737302
89.3470017708103	0.728682432829406
89.3990747658865	0.727661118921509
89.4511352222495	0.726378980399663
89.5031831325977	0.725092123071704
89.5552184896311	0.723805265743745
89.6072412860515	0.722740576871602
89.6592515145622	0.723049657983999
89.7112491678687	0.723358739096396
89.7632342386780	0.723667820208793
89.8152067196988	0.723917573182179
89.8671666036418	0.724023903981329
89.9191138832192	0.724130234780479
89.9710485511452	0.724236565579629
90.0229706001357	0.723802703726732
90.0748800229083	0.722688081347952
90.1267768121825	0.721573458969173
90.1786609606793	0.720458836590393
90.2305324611219	0.720120799111262
90.2823913062348	0.720325448423087
90.3342374887447	0.720530097734913
90.3860710013798	0.720734747046738
90.4378918368702	0.720050096833485
90.4896999879477	0.719038580623259
90.5414954473460	0.718027064413033
90.5932782078003	0.717015548202808
90.6450482620481	0.717497652116752
90.6968056028281	0.718202596918919
90.7485502228811	0.718907541721087
90.8002821149497	0.719602103123245
90.8520012717783	0.718403237312862
90.9037076861127	0.717204371502480
90.9554013507012	0.716005505692097
91.0070822582931	0.714825201694817
91.0587504016400	0.713761771661816
91.1104057734953	0.712698341628815
91.1620483666139	0.711634911595814
91.2136781737526	0.710712687593394
91.2652951876702	0.710182207663998
91.3168994011270	0.709651727734602
91.3684908068853	0.709121247805206
91.4200693977091	0.708398168705269
91.4716351663641	0.707372744037422
91.5231881056181	0.706347319369574
91.5747282082405	0.705321894701727
91.6262554670023	0.704594102538054
91.6777698746768	0.704152756327473
91.7292714240387	0.703711410116891
91.7807601078645	0.703270063906310
91.8322359189328	0.702617026325148
91.8836988500238	0.701837657181920
91.9351488939195	0.701058288038691
91.9865860434038	0.700278918895463
92.0380102912623	0.699521795525282
92.0894216302825	0.698772521788684
92.1408200532536	0.698023248052086
92.1922055529668	0.697273974315487
92.2435781222149	0.695684389693592
92.2949377537928	0.693944524381038
92.3462844404968	0.692204659068484
92.3976181751253	0.690464793755930
92.4489389504786	0.689552544071496
92.5002467593585	0.688680569067125
92.5515415945689	0.687808594062753
92.6028234489154	0.686931770953591
92.6540923152054	0.685971750625360
92.7053481862482	0.685011730297130
92.7565910548549	0.684051709968900
92.8078209138384	0.683124930037195
92.8590377560133	0.682382623536473
92.9102415741963	0.681640317035752
92.9614323612058	0.680898010535030
93.0126101098619	0.680012421350937
93.0637748129867	0.678688661513515
93.1149264634041	0.677364901676093
93.1660650539397	0.676041141838671
93.2171905774211	0.674839626464269
93.2683030266777	0.673879396439142
93.3194023945406	0.672919166414015
93.3704886738429	0.671958936388888
93.4215618574194	0.670903870186409
93.4726219381069	0.669719019942110
93.5236689087439	0.668534169697812
93.5747027621708	0.667349319453513
93.6257234912297	0.665979186152259
93.6767310887648	0.664426863446322
93.7277255476220	0.662874540740385
93.7787068606490	0.661322218034448
93.8296750206954	0.659645993540193
93.8806300206127	0.657880875439614
93.9315718532540	0.656115757339034
93.9825005114745	0.654350639238454
94.0334159881314	0.652442872369069
94.0843182760832	0.650460411888238
94.1352073681907	0.648477951407407
94.1860832573165	0.646495490926575
94.2369459363249	0.644352333326239
94.2877953980822	0.642148652348565
94.3386316354563	0.639944971370892
94.3894546413173	0.637741290393218
94.4402644085370	0.635909573299120
94.4910609299890	0.634175261924045
94.5418441985488	0.632440950548969
94.5926142070938	0.630706639173893
94.6433709485032	0.628863765168900
94.6941144156580	0.627002406016201
94.7448446014413	0.625141046863501
94.7955614987379	0.623279687710801
94.8462651004344	0.620041349987151
94.8969553994194	0.616670927157345
94.9476323885832	0.613300504327539
94.9982960608182	0.609930081497733
95.0489464090185	0.609067932813049
95.0995834260801	0.608293092331234
95.1502071049009	0.607518251849420
95.2008174383806	0.606715147292360
95.2514144194208	0.604190591464032
95.3019980409251	0.601666035635704
95.3525682957988	0.599141479807376
95.4031251769492	0.596597223424614
95.4536686772853	0.593754004044065
95.5041987897182	0.590910784663517
95.5547155071607	0.588067565282968
95.6052188225277	0.585226320290278
95.6557087287356	0.582402205086299
95.7061852187031	0.579578089882319
95.7566482853506	0.576753974678340
95.8070979216002	0.573901115510135
95.8575341203762	0.570872720797591
95.9079568746047	0.567844326085048
95.9583661772135	0.564815931372505
96.0087620211324	0.561978448696920
96.0591443992932	0.560047988544424
96.1095133046295	0.558117528391927
96.1598687300767	0.556187068239431
96.2102106685722	0.554131152298893
96.2605391130554	0.551582219999679
96.3108540564672	0.549033287700465
96.3611554917509	0.546484355401251
96.4114434118513	0.543654227309927
96.4617178097153	0.539869710712404
96.5119786782916	0.536085194114880
96.5622260105309	0.532300677517356
96.6124597993856	0.528611456913420
96.6626800378103	0.525211103799097
96.7128867187613	0.521810750684773
96.7630798351967	0.518410397570450
96.8132593800768	0.514870750698370
96.8634253463636	0.510943298284692
96.9135777270210	0.507015845871014
96.9637165150148	0.503088393457336
97.0138417033129	0.499277135111999
97.0639532848849	0.495770417238597
97.1140512527024	0.492263699365194
97.1641355997388	0.488756981491791
97.2142063189697	0.485209644568597
97.2642634033721	0.481559777152205
97.3143068459255	0.477909909735813
97.3643366396108	0.474260042319421
97.4143527774112	0.470658409277360
97.4643552523117	0.467176611318945
97.5143440572990	0.463694813360530
97.5643191853620	0.460213015402116
97.6142806294914	0.456468842242461
97.6642283826798	0.452069201746275
97.7141624379218	0.447669561250089
97.7640827882139	0.443269920753903
97.8139894265544	0.438979269130454
97.8638823459438	0.434968403294871
97.9137615393841	0.430957537459288
97.9636269998796	0.426946671623705
98.0134787204364	0.422902342780892
98.0633166940625	0.418767724658188
98.1131409137678	0.414633106535483
98.1629513725643	0.410498488412779
98.2127480634657	0.406403395675524
98.2625309794878	0.402423156571953
98.3123001136482	0.398442917468383
98.3620554589666	0.394462678364812
98.4117970084645	0.390271805991479
98.4615247551653	0.385403534051236
98.5112386920945	0.380535262110992
98.5609388122794	0.375666990170748
98.6106251087494	0.371187265504580
98.6602975745355	0.368135763505495
98.7099562026711	0.365084261506409
98.7596009861911	0.362032759507323
98.8092319181327	0.358562169487503
98.8588489915348	0.353257897888349
98.9084521994384	0.347953626289194
98.9580415348863	0.342649354690040
99.0076169909234	0.337403157260542
99.0571785605964	0.332476819520564
99.1067262369540	0.327550481780585
99.1562600130470	0.322624144040606
99.2057798819278	0.317730548971188
99.2552858366512	0.313084703865299
99.3047778702736	0.308438858759409
99.3542559758534	0.303793013653520
99.4037201464512	0.299183025006645
99.4531703751292	0.295013877555402
99.5026066549518	0.290844730104160
99.5520289789854	0.286675582652918
99.6014373402980	0.282487612720126
99.6508317319601	0.277671527541313
99.7002121470436	0.272855442362500
99.7495785786228	0.268039357183687
99.7989310197737	0.263223272004874
99.8482694635744	0.259517534162096
99.8975939031048	0.255836382970257
99.9469043314471	0.252155231778418
99.9962007416850	0.248474080586580
100.045483126904	0.242949377201891
100.094751480194	0.237270701134637
100.144005794642	0.231592025067384
100.193246063341	0.225913349000131
100.242472279386	0.222244292651408
100.291684435871	0.218894761067043
100.340882525894	0.215545229482679
100.390066542556	0.212195697898314
100.439236478957	0.208672506910286
100.488392328202	0.205105357044405
100.537534083395	0.201538207178524
100.586661737646	0.197971057312642
100.635775284062	0.194067683584546
100.684874715756	0.190038971800923
100.733960025842	0.186010260017300
100.783031207434	0.181981548233677
100.832088253651	0.178208258687545
100.881131157611	0.174570021343206
100.930159912437	0.170931783998866
100.979174511251	0.167293546654527
101.028174947180	0.164185105348370
101.077161213350	0.161468206175293
101.126133302891	0.158751307002215
101.175091208934	0.156034407829138
101.224034924613	0.152498765954474
101.272964443063	0.148114735999976
101.321879757422	0.143730706045479
101.370780860828	0.139346676090981
101.419667746424	0.135066596655257
101.468540407352	0.130940927555433
101.517398836758	0.126815258455609
101.566243027789	0.122689589355785
101.615072973594	0.118809744726711
101.663888667326	0.115480361065388
101.712690102137	0.112150977404065
101.761477271182	0.108821593742743
101.810250167619	0.105542077099053
101.859008784607	0.102449946073767
101.907753115308	0.0993578150484809
101.956483152884	0.0962656840231947
102.005198890502	0.0932997686487427
102.053900321328	0.0913901759893342
102.102587438532	0.0894805833299258
102.151260235286	0.0875709906705173
102.199918704762	0.0856613980111089
102.248562840136	0.0830292436015317
102.297192634585	0.0803958797687220
102.345808081290	0.0777625159359124
102.394409173430	0.0751291521031027
102.442995904190	0.0724403053022568
102.491568266756	0.0697442450147515
102.540126254313	0.0670481847272462
102.588669860053	0.0643521244397409
102.637199077167	0.0623602619256449
102.685713898847	0.0605828534177633
102.734214318290	0.0588054449098818
102.782700328693	0.0570280364020002
102.831171923256	0.0551400979261418
102.879629095180	0.0531908269889074
102.928071837669	0.0512415560516730
102.976500143928	0.0492922851144386
103.024914007166	0.0480666104654011
103.073313420591	0.0475233585353312
103.121698377416	0.0469801066052613
103.170068870855	0.0464368546751913
103.218424894122	0.0456639801379470
103.266766440437	0.0445181405224918
103.315093503018	0.0433723009070367
103.363406075088	0.0422264612915815
103.411704149870	0.0411131591398741
103.459987720591	0.0401015728030592
103.508256780478	0.0390899864662443
103.556511322761	0.0380784001294294
103.604751340673	0.0371063927272642
103.652976827447	0.0364965939878562
103.701187776320	0.0358867952484481
103.749384180530	0.0352769965090400
103.797566033317	0.0346671977696319
103.845733327923	0.0341552749076519
103.893886057592	0.0336485603370710
103.942024215571	0.0331418457664902
103.990147795108	0.0326351311959094
104.038256789454	0.0320499761438497
104.086351191860	0.0314446235038959
104.134430995583	0.0308392708639421
104.182496193877	0.0302339182239883
104.230546780001	0.0298505862466705
104.278582747217	0.0295944565974340
104.326604088787	0.0293383269481974
104.374610797976	0.0290821972989609
104.422602868050	0.0288378252796335
104.470580292278	0.0286066582960859
104.518543063931	0.0283754913125382
104.566491176283	0.0281443243289906
104.614424622608	0.0278281789368628
104.662343396183	0.0273146563882686
104.710247490287	0.0268011338396745
104.758136898202	0.0262876112910803
104.806011613211	0.0259162309130904
104.853871628599	0.0265345374006886
104.901716937654	0.0271528438882869
104.949547533664	0.0277711503758852
104.997363409922	0.0283894568634834
105.045164559720	0.0288993852411083
105.092950976356	0.0294029877135755
105.140722653125	0.0299065901860427
105.188479583329	0.0304101926585098
105.236221760269	0.0309309877781627
105.283949177248	0.0314572502262279
105.331661827573	0.0319835126742931
105.379359704552	0.0325097751223583
105.427042801495	0.0329554273247067
105.474711111713	0.0333395635739325
105.522364628523	0.0337236998231583
105.570003345238	0.0341078360723840
105.617627255179	0.0345201974830845
105.665236351666	0.0349805828178222
105.712830628020	0.0354409681525599
105.760410077567	0.0359013534872977
105.807974693634	0.0363688221906844
105.855524469549	0.0368714504845877
105.903059398643	0.0373740787784911
105.950579474249	0.0378767070723945
105.998084689703	0.0383793353662979
106.045575038341	0.0387583751717730
106.093050513502	0.0391322218810877
106.140511108528	0.0395060685904024
106.187956816762	0.0398799152997171
106.235387631550	0.0405896609554023
106.282803546239	0.0414137026391520
106.330204554180	0.0422377443229018
106.377590648722	0.0430617860066515
106.424961823222	0.0438213810307579
106.472318071033	0.0445231284307391
106.519659385515	0.0452248758307203
106.566985760028	0.0459266232307015
106.614297187934	0.0466417100245966
106.661593662596	0.0473875945143428
106.708875177382	0.0481334790040890
106.756141725660	0.0488793634938352
106.803393300801	0.0496095235085533
106.850629896177	0.0501364765574877
106.897851505163	0.0506634296064222
106.945058121137	0.0511903826553566
106.992249737476	0.0517173357042910
107.039426347562	0.0524565601149344
107.086587944779	0.0532375053949000
107.133734522512	0.0540184506748657
107.180866074148	0.0547993959548313
107.227982593076	0.0553927222725209
107.275084072689	0.0558577789939218
107.322170506380	0.0563228357153227
107.369241887544	0.0567878924367236
107.416298209581	0.0572743269627027
107.463339465890	0.0578010994678994
107.510365649873	0.0583278719730960
107.557376754934	0.0588546444782926
107.604372774481	0.0593439838418995
107.651353701921	0.0594685049899809
107.698319530665	0.0595930261380622
107.745270254127	0.0597175472861436
107.792205865720	0.0598420684342249
107.839126358862	0.0597668796598003
107.886031726972	0.0596519141396581
107.932921963471	0.0595369486195159
107.979797061784	0.0594219830993738
108.026657015334	0.0599906126759427
108.073501817550	0.0610772453683541
108.120331461862	0.0621638780607655
108.167145941701	0.0632505107531768
108.213945250502	0.0640681035501137
108.260729381701	0.0642519593788641
108.307498328735	0.0644358152076145
108.354252085046	0.0646196710363649
108.400990644075	0.0647979374340309
108.447713999268	0.0647181226610524
108.494422144071	0.0646383078880738
108.541115071934	0.0645584931150953
108.587792776307	0.0644786783421168
108.634455250643	0.0648070314911808
108.681102488398	0.0652799720055344
108.727734483029	0.0657529125198882
108.774351227996	0.0662258530342419
108.820952716761	0.0666421693443345
108.867538942787	0.0669891817089073
108.914109899541	0.0673361940734801
108.960665580490	0.0676832064380529
109.007205979106	0.0680005440441021
109.053731088859	0.0681559256794227
109.100240903226	0.0683113073147433
109.146735415683	0.0684666889500639
109.193214619708	0.0686220705853845
109.239678508784	0.0687427188181448
109.286127076392	0.0688574282874768
109.332560316018	0.0689721377568088
109.378978221150	0.0690868472261408
109.425380785277	0.0692254744511963
109.471768001891	0.0693839084504867
109.518139864487	0.0695423424497772
109.564496366559	0.0697007764490676
109.610837501607	0.0698657529628134
109.657163263131	0.0700521592307326
109.703473644633	0.0702385654986519
109.749768639619	0.0704249717665712
109.796048241594	0.0706113780344905
109.842312444068	0.0705786633858289
109.888561240552	0.0705254873545064
109.934794624560	0.0704723113231838
109.981012589607	0.0704191352918612
110.027215129210	0.0705532647435631
110.073402236890	0.0708180514736763
110.119573906169	0.0710828382037895
110.165730130570	0.0713476249339027
110.211870903621	0.0716149066928130
110.257996218849	0.0718893901086238
110.304106069785	0.0721638735244345
110.350200449962	0.0724383569402452
110.396279352916	0.0727128403560559
110.442342772182	0.0727734770480825
110.488390701301	0.0728153261826808
110.534423133815	0.0728571753172791
110.580440063266	0.0728990244518774
110.626441483200	0.0726191240548387
110.672427387167	0.0721012510908532
110.718397768716	0.0715833781268676
110.764352621398	0.0710655051628821
110.810291938770	0.0706439324390689
110.856215714388	0.0705558514639695
110.902123941810	0.0704677704888701
110.948016614598	0.0703796895137707
110.993893726315	0.0702916085386712
111.039755270526	0.0701138667772464
111.085601240800	0.0699223557179842
111.131431630706	0.0697308446587219
111.177246433816	0.0695393335994597
111.223045643704	0.0692160003611568
111.268829253947	0.0687625377723597
111.314597258123	0.0683090751835625
111.360349649813	0.0678556125947654
111.406086422601	0.0674704242533301
111.451807570070	0.0675299379197559
111.497513085810	0.0675894515861817
111.543202963408	0.0676489652526075
111.588877196457	0.0677084789190333
111.634535778551	0.0676400402745017
111.680178703287	0.0675303994969877
111.725805964261	0.0674207587194736
111.771417555075	0.0673111179419596
111.817013469332	0.0672484296397495
111.862593700636	0.0672646075411675
111.908158242595	0.0672807854425856
111.953707088817	0.0672969633440036
111.999240232915	0.0673131412454217
112.044757668503	0.0670582106042074
112.090259389195	0.0667986785880162
112.135745388610	0.0665391465718250
112.181215660369	0.0662796145556338
112.226670198095	0.0657343361109200
112.272108995411	0.0649878355655567
112.317532045944	0.0642413350201934
112.362939343325	0.0634948344748301
112.408330881184	0.0628910256964711
112.453706653155	0.0629218845692976
112.499066652874	0.0629527434421241
112.544410873979	0.0629836023149505
112.589739310109	0.0630144611877770
112.635051954908	0.0628330228807165
112.680348802020	0.0625894499462217
112.725629845092	0.0623458770117270
112.770895077773	0.0621023040772322
112.816144493714	0.0618119563289992
112.861378086569	0.0614372986039560
112.906595849993	0.0610626408789128
112.951797777645	0.0606879831538695
112.996983863185	0.0603133254288263
113.042154100275	0.0599413954416058
113.087308482580	0.0595696605917155
113.132447003766	0.0591979257418251
113.177569657503	0.0588261908919347
113.222676437461	0.0587070124472111
113.267767337316	0.0588376056367661
113.312842350741	0.0589681988263212
113.357901471416	0.0590987920158762
113.402944693020	0.0591895551001053
113.447972009236	0.0587109876032878
113.492983413749	0.0582324201064704
113.537978900245	0.0577538526096530
113.582958462413	0.0572752851128356
113.627922093946	0.0572029585507200
113.672869788536	0.0573785271619463
113.717801539879	0.0575540957731726
113.762717341674	0.0577296643843990
113.807617187620	0.0577748317227795
113.852501071421	0.0571818560509632
113.897368986781	0.0565888803791469
113.942220927408	0.0559959047073306
113.987056887009	0.0554029290355143
114.031876859298	0.0549518548771523
114.076680837987	0.0545583874396323
114.121468816792	0.0541649200021122
114.166240789433	0.0537714525645922
114.210996749629	0.0534790063154569
114.255736691103	0.0534966329215099
114.300460607580	0.0535142595275628
114.345168492788	0.0535318861336158
114.389860340455	0.0535495127396688
114.434536144314	0.0531692761890820
114.479195898098	0.0526722495112445
114.523839595544	0.0521752228334071
114.568467230391	0.0516781961555697
114.613078796378	0.0512584422544717
114.657674287249	0.0510249583305605
114.702253696749	0.0507914744066494
114.746817018625	0.0505579904827382
114.791364246628	0.0503245065588270
114.835895374510	0.0500740771761806
114.880410396024	0.0498195717684955
114.924909304927	0.0495650663608104
114.969392094978	0.0493105609531253
115.013858759938	0.0489190412743595
115.058309293570	0.0482249719472558
115.102743689641	0.0475309026201520
115.147161941917	0.0468368332930483
115.191564044168	0.0461427639659445
115.235949990168	0.0454644242248463
115.280319773691	0.0447897748904171
115.324673388513	0.0441151255559880
115.369010828414	0.0434404762215588
115.413332087175	0.0428673707068224
115.457637158581	0.0425302510902051
115.501926036416	0.0421931314735877
115.546198714469	0.0418560118569704
115.590455186531	0.0415188922403531
115.634695446395	0.0410056480692001
115.678919487855	0.0404439603534014
115.723127304708	0.0398822726376028
115.767318890756	0.0393205849218041
115.811494239798	0.0388627191139530
115.855653345640	0.0386999923724694
115.899796202088	0.0385372656309859
115.943922802951	0.0383745388895023
115.988033142040	0.0382118121480187
116.032127213167	0.0383730429195403
116.076205010149	0.0386549205008266
116.120266526803	0.0389367980821128
116.164311756950	0.0392186756633990
116.208340694412	0.0393419327634630
116.252353333013	0.0387866078602685
116.296349666581	0.0382312829570741
116.340329688945	0.0376759580538796
116.384293393936	0.0371206331506851
116.428240775388	0.0367106268574937
116.472171827138	0.0363814272252541
116.516086543024	0.0360522275930144
116.559984916886	0.0357230279607748
116.603866942568	0.0354163975110900
116.647732613915	0.0353432697902471
116.691581924774	0.0352701420694043
116.735414868995	0.0351970143485614
116.779231440431	0.0351238866277185
116.823031632936	0.0346544787344473
116.866815440367	0.0338277952075004
116.910582856583	0.0330011116805535
116.954333875445	0.0321744281536067
116.998068490817	0.0313477446266598
117.041786696565	0.0311559106129624
117.085488486557	0.0309934161040127
117.129173854664	0.0308309215950630
117.172842794759	0.0306684270861134
117.216495300716	0.0305191846028996
117.260131366414	0.0303917556489607
117.303750985732	0.0302643266950218
117.347354152553	0.0301368977410829
117.390940860760	0.0300094687871440
117.434511104240	0.0299725468643795
117.478064876883	0.0299593785009564
117.521602172580	0.0299462101375332
117.565122985224	0.0299330417741101
117.608627308711	0.0299284017097634
117.652115136940	0.0299582318726564
117.695586463812	0.0299880620355493
117.739041283229	0.0300178921984422
117.782479589096	0.0300477223613352
117.825901375321	0.0294663824762312
117.869306635814	0.0284717087028851
117.912695364486	0.0274770349295389
117.956067555254	0.0264823611561927
117.999423202032	0.0254876873828465
118.042762298741	0.0251475411439400
118.086084839302	0.0248162219422659
118.129390817639	0.0244849027405917
118.172680227677	0.0241535835389176
118.215953063345	0.0241984071105693
118.259209318575	0.0248872565128529
118.302448987298	0.0255761059151365
118.345672063451	0.0262649553174201
118.388878540970	0.0269538047197037
118.432068413797	0.0272684969549043
118.475241675874	0.0274534545562280
118.518398321144	0.0276384121575518
118.561538343556	0.0278233697588755
118.604661737059	0.0279167172746346
118.647768495604	0.0272543805118437
118.690858613145	0.0265920437490528
118.733932083640	0.0259297069862619
118.776988901045	0.0252673702234710
118.820029059324	0.0247248574757393
118.863052552438	0.0243199824177389
118.906059374354	0.0239151073597386
118.949049519039	0.0235102323017383
118.992022980465	0.0231053572437380
119.034979752603	0.0230750182121662
119.077919829429	0.0231300744541528
119.120843204921	0.0231851306961394
119.163749873058	0.0232401869381261
119.206639827821	0.0232645913609284
119.249513063197	0.0231216842313932
119.292369573171	0.0229787771018580
119.335209351732	0.0228358699723228
119.378032392873	0.0226929628427876
119.420838690586	0.0224433411916405
119.463628238869	0.0220812457620354
119.506401031719	0.0217191503324303
119.549157063137	0.0213570549028251
119.591896327127	0.0209949594732200
119.634618817695	0.0205041377977742
119.677324528847	0.0199831893901949
119.720013454596	0.0194622409826156
119.762685588952	0.0189412925750364
119.805340925931	0.0184333968435244
119.847979459551	0.0180166760618661
119.890601183831	0.0175999552802078
119.933206092794	0.0171832344985494
119.975794180463	0.0167665137168911
120.018365440866	0.0166324979127747
120.060919868031	0.0168710168614668
120.103457455990	0.0171095358101589
120.145978198778	0.0173480547588510
120.188482090429	0.0175865737075430
120.230969124984	0.0176246845269746
120.273439296482	0.0175882750117463
120.315892598967	0.0175518654965180
120.358329026486	0.0175154559812897
120.400748573085	0.0174750501584838
120.443151232815	0.0172122216140280
120.485536999729	0.0169493930695721
120.527905867883	0.0166865645251162
120.570257831334	0.0164237359806603
120.612592884141	0.0162190462782413
120.654911020367	0.0161516428577927
120.697212234077	0.0160842394373441
120.739496519337	0.0160168360168954
120.781763870217	0.0159494325964468
120.824014280789	0.0158779023273048
120.866247745128	0.0158032388061709
120.908464257308	0.0157285752850369
120.950663811410	0.0156539117639029
120.992846401515	0.0155792482427689
121.035012021706	0.0156028266850147
121.077160666069	0.0156464737846162
121.119292328693	0.0156901208842177
121.161407003668	0.0157337679838192
121.203504685089	0.0157606066146106
121.245585367049	0.0156023899281964
121.287649043648	0.0154441732417822
121.329695708986	0.0152859565553680
121.371725357165	0.0151277398689538
121.413737982290	0.0147967325703834
121.455733578469	0.0141101700167072
121.497712139812	0.0134236074630309
121.539673660432	0.0127370449093547
121.581618134442	0.0120504823556784
121.623545555959	0.0116179687694341
121.665455919104	0.0113837496464007
121.707349217999	0.0111495305233674
121.749225446766	0.0109153114003340
121.791084599534	0.0106810922773007
121.832926670430	0.0106841061288121
121.874751653587	0.0107513414198680
121.916559543138	0.0108185767109239
121.958350333220	0.0108858120019798
122.000124017970	0.0109534121576971
122.041880591531	0.0111435242558236
122.083620048045	0.0113336363539501
122.125342381659	0.0115237484520766
122.167047586520	0.0117138605502032
122.208735656779	0.0118984652400098
122.250406586589	0.0120622992775948
122.292060370106	0.0122261333151799
122.333697001487	0.0123899673527650
122.375316474893	0.0125538013903500
122.416918784486	0.0126419041799547
122.458503924431	0.0126195422066905
122.500071888897	0.0125971802334263
122.541622672051	0.0125748182601620
122.583156268068	0.0125524562868978
122.624672671121	0.0121265468716927
122.666171875388	0.0114251974558692
122.707653875048	0.0107238480400457
122.749118664283	0.0100224986242222
122.790566237278	0.00932114920839867
122.831996588219	0.00894195914761677
122.873409711295	0.00865773391315634
122.914805600698	0.00837350867869591
122.956184250622	0.00808928344423547
122.997545655264	0.00780505820977504
123.038889808821	0.00815765083993476
123.080216705496	0.00855042516943633
123.121526339492	0.00894319949893791
123.162818705016	0.00933597382843948
123.204093796275	0.00964843017007065
123.245351607481	0.00923156289100622
123.286592132847	0.00881469561194179
123.327815366588	0.00839782833287736
123.369021302924	0.00798096105381293
123.410209936074	0.00778150952132389
123.451381260262	0.00824159792255490
123.492535269714	0.00870168632378592
123.533671958656	0.00916177472501693
123.574791321320	0.00962186312624794
123.615893351938	0.0101552670386417
123.656978044746	0.0108049333573851
123.698045393981	0.0114545996761285
123.739095393883	0.0121042659948719
123.780128038695	0.0127539323136153
123.821143322662	0.0127987517387975
123.862141240031	0.0122752137822526
123.903121785051	0.0117516758257076
123.944084951976	0.0112281378691626
123.985030735059	0.0107045999126176
124.025959128559	0.0101827562421938
124.066870126734	0.00966188937197754
124.107763723847	0.00914102250176125
124.148639914161	0.00862015563154496
124.189498691945	0.00809928876132867
124.230340051466	0.00747080392360893
124.271163986998	0.00680507816249793
124.311970492814	0.00613935240138694
124.352759563190	0.00547362664027594
124.393531192407	0.00480790087916495
124.434285374745	0.00475155148931591
124.475022104489	0.00481015228203341
124.515741375925	0.00486875307475092
124.556443183341	0.00492735386746842
124.597127521030	0.00498595466018592
124.637794383285	0.00535400673723085
124.678443764402	0.00574557308523946
124.719075658679	0.00613713943324807
124.759690060420	0.00652870578125668
124.800286963925	0.00691591601566781
124.840866363503	0.00669134075225477
124.881428253461	0.00646676548884174
124.921972628110	0.00624219022542870
124.962499481764	0.00601761496201567
125.003008808738	0.00582008051973055
125.043500603351	0.00595950052659203
125.083974859924	0.00609892053345352
125.124431572780	0.00623834054031500
125.164870736245	0.00637776054717648
125.205292344647	0.00646772493540852
125.245696392316	0.00622948522021273
125.286082873586	0.00599124550501695
125.326451782792	0.00575300578982116
125.366803114272	0.00551476607462537
125.407136862367	0.00524309905145849
125.447453021420	0.00481597946524688
125.487751585776	0.00438885987903527
125.528032549783	0.00396174029282367
125.568295907792	0.00353462070661206
125.608541654155	0.00318502269890697
125.648769783227	0.00312309928618797
125.688980289367	0.00306117587346898
125.729173166934	0.00299925246074998
125.769348410292	0.00293732904803099
125.809506013805	0.00301613486846423
125.849645971842	0.00354861553743136
125.889768278772	0.00408109620639848
125.929872928968	0.00461357687536560
125.969959916805	0.00514605754433273
126.010029236661	0.00560094519903329
126.050080882916	0.00582347284732062
126.090114849952	0.00604600049560795
126.130131132154	0.00626852814389528
126.170129723910	0.00649105579218261
126.210110619610	0.00665156534127030
126.250073813646	0.00662889194004159
126.290019300413	0.00660621853881287
126.329947074309	0.00658354513758415
126.369857129733	0.00656087173635544
126.409749461088	0.00662033997526763
126.449624062779	0.00693371374037059
126.489480929214	0.00724708750547354
126.529320054801	0.00756046127057650
126.569141433953	0.00787383503567945
126.608945061086	0.00799283991085902
126.648730930616	0.00744146123239160
126.688499036964	0.00689008255392418
126.728249374551	0.00633870387545676
126.767981937803	0.00578732519698934
126.807696721146	0.00521188544576580
126.847393719011	0.00453637488838542
126.887072925830	0.00386086433100504
126.926734336037	0.00318535377362466
126.966377944070	0.00250984321624428
127.006003744368	0.00201065300673802
127.045611731375	0.00249867108489533
127.085201899534	0.00298668916305265
127.124774243293	0.00347470724120996
127.164328757101	0.00396272531936728
127.203865435411	0.00445928026928486
127.243384272678	0.00503459796221765
127.282885263359	0.00560991565515044
127.322368401914	0.00618523334808323
127.361833682805	0.00676055104101602
127.401281100496	0.00731175807182632
127.440710649455	0.00714481587767082
127.480122324152	0.00697787368351531
127.519516119060	0.00681093148935981
127.558892028652	0.00664398929520430
127.598250047406	0.00647704710104880
127.637590169802	0.00645848889303966
127.676912390323	0.00644683699371574
127.716216703453	0.00643518509439181
127.755503103679	0.00642353319506789
127.794771585492	0.00641188129574396
127.834022143384	0.00606134619475846
127.873254771850	0.00565874426561380
127.912469465386	0.00525614233646914
127.951666218494	0.00485354040732448
127.990845025675	0.00445093847817982
128.030005881434	0.00448444723917434
128.069148780279	0.00465098587101176
128.108273716721	0.00481752450284918
128.147380685270	0.00498406313468660
128.186469680443	0.00515060176652402
128.225540696757	0.00550344489958947
128.264593728732	0.00595496137199556
128.303628770891	0.00640647784440166
128.342645817759	0.00685799431680776
128.381644863863	0.00730951078921385
128.420625903733	0.00761273950682226
128.459588931903	0.00778403613947708
128.498533942907	0.00795533277213191
128.537460931284	0.00812662940478673
128.576369891573	0.00829792603744155
128.615260818318	0.00834897046013325
128.654133706063	0.00821385738004619
128.692988549356	0.00807874429995913
128.731825342749	0.00794363121987207
128.770644080793	0.00780851813978500
128.809444758045	0.00768505597611541
128.848227369062	0.00759779853151680
128.886991908405	0.00751054108691820
128.925738370637	0.00742328364231959
128.964466750323	0.00733602619772099
129.003177042032	0.00728596438856379
129.041869240334	0.00765181743766078
129.080543339802	0.00801767048675778
129.119199335013	0.00838352353585477
129.157837220544	0.00874937658495177
129.196456990977	0.00911522963404877
129.235058640894	0.00900603580735487
129.273642164882	0.00884884514153529
129.312207557529	0.00869165447571571
129.350754813426	0.00853446380989613
129.389283927167	0.00837727314407655
129.427794893347	0.00813171202371588
129.466287706566	0.00785208842311265
129.504762361424	0.00757246482250942
129.543218852525	0.00729284122190619
129.581657174476	0.00701321762130296
129.620077321885	0.00696915203247612
129.658479289363	0.00714024385923577
129.696863071525	0.00731133568599543
129.735228662987	0.00748242751275508
129.773576058368	0.00765351933951473
129.811905252290	0.00773141484292839
129.850216239376	0.00760250817359004
129.888509014254	0.00747360150425168
129.926783571552	0.00734469483491333
129.965039905902	0.00721578816557498
130.003278011940	0.00705267991722349
130.041497884300	0.00652489641946666
130.079699517624	0.00599711292170984
130.117882906553	0.00546932942395302
130.156048045732	0.00494154592619619
130.194194929807	0.00441376242843937
130.232323553429	0.00434269950135554
130.270433911250	0.00435364093773235
130.308525997924	0.00436458237410915
130.346599808109	0.00437552381048595
130.384655336465	0.00438646524686276
130.422692577654	0.00447080292475153
130.460711526341	0.00460475904101287
130.498712177195	0.00473871515727420
130.536694524885	0.00487267127353554
130.574658564083	0.00500662738979687
130.612604289466	0.00471866167709969
130.650531695712	0.00358260769785537
130.688440777500	0.00244655371861106
130.726331529514	0.00131049973936674
130.764203946439	0.000174445760122426
130.802058022964	-0.000955551479628844
130.839893753778	-0.00198022561141831
130.877711133577	-0.00300489974320777
130.915510157055	-0.00402957387499723
130.953290818911	-0.00505424800678669
130.991053113847	-0.00607892213857615
131.028797036565	-0.00599421793104283
131.066522581772	-0.00556492627578280
131.104229744176	-0.00513563462052276
131.141918518490	-0.00470634296526273
131.179588899426	-0.00427705131000270
131.217240881702	-0.00425598630981101
131.254874460037	-0.00471809494086055
131.292489629152	-0.00518020357191009
131.330086383772	-0.00564231220295963
131.367664718623	-0.00610442083400917
131.405224628435	-0.00636523079328903
131.442766107939	-0.00538050065524518
131.480289151872	-0.00439577051720133
131.517793754968	-0.00341104037915748
131.555279911970	-0.00242631024111362
131.592747617618	-0.00144158010306977
131.630196866657	3.47362225364609e-05
131.667627653836	0.00162908783789260
131.705039973905	0.00322343945324874
131.742433821615	0.00481779106860488
131.779809191723	0.00641214268396102
131.817166078987	0.00716617819263279
131.854504478166	0.00693207280259598
131.891824384024	0.00669796741255917
131.929125791326	0.00646386202252236
131.966408694841	0.00622975663248555
132.003673089340	0.00597197264016150
132.040918969597	0.00549769571075482
132.078146330386	0.00502341878134813
132.115355166487	0.00454914185194145
132.152545472682	0.00407486492253477
132.189717243753	0.00360058799312809
132.226870474488	0.00361495502981333
132.264005159675	0.00381626942987427
132.301121294107	0.00401758382993521
132.338218872577	0.00421889822999615
132.375297889882	0.00442021263005709
132.412358340822	0.00465959041923987
132.449400220199	0.00497503123883191
132.486423522817	0.00529047205842394
132.523428243484	0.00560591287801598
132.560414377010	0.00592135369760802
132.597381918207	0.00623679451720005
132.634330861890	0.00612636872262393
132.671261202877	0.00598347412848076
132.708172935988	0.00584057953433760
132.745066056046	0.00569768494019444
132.781940557877	0.00555479034605127
132.818796436309	0.00532559415726640
132.855633686173	0.00501350106836793
132.892452302301	0.00470140797946945
132.929252279531	0.00438931489057098
132.966033612700	0.00407722180167251
133.002796296650	0.00377768927330912
133.039540326225	0.00363069114621580
133.076265696270	0.00348369301912249
133.112972401636	0.00333669489202917
133.149660437174	0.00318969676493585
133.186329797737	0.00304269863784254
133.222980478184	0.00286471850070613
133.259612473373	0.00266831301477454
133.296225778168	0.00247190752884295
133.332820387431	0.00227550204291136
133.369396296032	0.00207909655697976
133.405953498839	0.00186012493332147
133.442491990726	0.00152518222564027
133.479011766568	0.00119023951795906
133.515512821243	0.000855296810277859
133.551995149631	0.000520354102596656
133.588458746616	0.000185411394915453
133.624903607083	0.000334143278599951
133.661329725920	0.000706970625278585
133.697737098019	0.00107979797195722
133.734125718274	0.00145262531863585
133.770495581580	0.00182545266531448
133.806846682837	0.00225533515467258
133.843179016945	0.00293102240591140
133.879492578810	0.00360670965715021
133.915787363339	0.00428239690838902
133.952063365440	0.00495808415962783
133.988320580025	0.00563377141086664
134.024559002010	0.00636152308942418
134.060778626312	0.00711402845702867
134.096979447850	0.00786653382463316
134.133161461548	0.00861903919223766
134.169324662331	0.00937154455984215
134.205469045126	0.0100216694349575
134.241594604865	0.0100976987658067
134.277701336479	0.0101737280966558
134.313789234906	0.0102497574275050
134.349858295084	0.0103257867583541
134.385908511953	0.0104018160892032
134.421939880458	0.00979332632458302
134.457952395544	0.00874530005112580
134.493946052162	0.00769727377766858
134.529920845262	0.00664924750421136
134.565876769800	0.00560122123075415
134.601813820731	0.00455719851707481
134.637731993016	0.00358847562829459
134.673631281617	0.00261975273951437
134.709511681498	0.00165102985073414
134.745373187628	0.000682306961953920
134.781215794977	-0.000286415926826303
134.817039498517	-0.000784489311087812
134.852844293224	-0.000763858382738354
134.888630174076	-0.000743227454388896
134.924397136055	-0.000722596526039439
134.960145174142	-0.000701965597689981
134.995874283326	-0.000681334669340523
135.031584458594	-0.000293636638803944
135.067275694938	0.000141996947797768
135.102947987352	0.000577630534399479
135.138601330832	0.00101326412100119
135.174235720379	0.00144889770760290
135.209851150994	0.00195135697842489
135.245447617682	0.00262854318453252
135.281025115451	0.00330572939064015
135.316583639310	0.00398291559674779
135.352123184272	0.00466010180285542
135.387643745353	0.00533728800896305
135.423145317570	0.00563929701205298
135.458627895945	0.00574106858185195
135.494091475501	0.00584284015165093
135.529536051263	0.00594461172144990
135.564961618261	0.00604638329124887
135.600368171525	0.00614193604231308
135.635755706090	0.00564579684595265
135.671124216993	0.00514965764959222
135.706473699273	0.00465351845323180
135.741804147972	0.00415737925687137
135.777115558134	0.00366124006051095
135.812407924808	0.00324239064932914
135.847681243043	0.00296605190207329
135.882935507891	0.00268971315481744
135.918170714409	0.00241337440756159
135.953386857654	0.00213703566030574
135.988583932687	0.00186069691304989
136.023761934571	0.00235558392156572
136.058920858373	0.00322089525638765
136.094060699162	0.00408620659120958
136.129181452008	0.00495151792603151
136.164283111986	0.00581682926085344
136.199365674172	0.00668214059567537
136.234429133647	0.00697218839235293
136.269473485492	0.00725164012149871
136.304498724793	0.00753109185064448
136.339504846635	0.00781054357979025
136.374491846111	0.00808999530893603
136.409459718313	0.00822345363198471
136.444408458336	0.00796334691689964
136.479338061278	0.00770324020181457
136.514248522241	0.00744313348672951
136.549139836328	0.00718302677164444
136.584011998645	0.00692292005655938
136.618865004302	0.00683275280378012
136.653698848410	0.00688656924345488
136.688513526083	0.00694038568312964
136.723309032438	0.00699420212280439
136.758085362596	0.00704801856247915
136.792842511679	0.00710183500215390
136.827580474811	0.00731652907093553
136.862299247121	0.00757296146758169
136.896998823739	0.00782939386422786
136.931679199798	0.00808582626087402
136.966340370434	0.00834225865752018
137.000982330786	0.00858855962948638
137.035605075995	0.00848779583461021
137.070208601205	0.00838703203973405
137.104792901563	0.00828626824485788
137.139357972217	0.00818550444998170
137.173903808321	0.00808474065510553
137.208430405028	0.00781143240333934
137.242937757497	0.00700416222118120
137.277425860887	0.00619689203902306
137.311894710362	0.00538962185686492
137.346344301086	0.00458235167470678
137.380774628228	0.00377508149254863
137.415185686960	0.00301523024559696
137.449577472454	0.00231539564012248
137.483949979887	0.00161556103464801
137.518303204438	0.000915726429173534
137.552637141289	0.000215891823699059
137.586951785624	-0.000483942781775415
137.621247132631	-0.000228660000601119
137.655523177500	0.000613012203128618
137.689779915422	0.00145468440685835
137.724017341594	0.00229635661058809
137.758235451213	0.00313802881431783
137.792434239480	0.00397970101804757
137.826613701599	0.00409256481998212
137.860773832776	0.00399830049030959
137.894914628218	0.00390403616063705
137.929036083139	0.00380977183096452
137.963138192753	0.00371550750129199
137.997220952275	0.00362124317161945
138.031284356927	0.00296299480288093
138.065328401930	0.00225466062631399
138.099353082510	0.00154632644974706
138.133358393894	0.000837992273180131
138.167344331313	0.000129658096613200
138.201310890001	-0.000567059339360048
138.235258065192	-0.000974468661646611
138.269185852127	-0.00138187798393317
138.303094246046	-0.00178928730621974
138.336983242194	-0.00219669662850630
138.370852835818	-0.00260410595079286
138.404703022166	-0.00288353231522493
138.438533796492	-0.00237000216441621
138.472345154050	-0.00185647201360748
138.506137090099	-0.00134294186279875
138.539909599898	-0.000829411711990021
138.573662678712	-0.000315881561181293
138.607396321805	6.35889032313672e-05
138.641110524447	-3.41731225771632e-05
138.674805281908	-0.000131935148385694
138.708480589464	-0.000229697174194224
138.742136442391	-0.000327459200002754
138.775772835969	-0.000425221225811285
138.809389765479	-0.000344407608415937
138.842987226207	0.000197028699013349
138.876565213441	0.000738465006442636
138.910123722471	0.00127990131387192
138.943662748590	0.00182133762130121
138.977182287095	0.00236277392873049
139.010682333283	0.00280807304150925
139.044162882458	0.00304808018859494
139.077623929922	0.00328808733568064
139.111065470982	0.00352809448276633
139.144487500949	0.00376810162985203
139.177890015134	0.00400810877693772
139.211273008853	0.00426498546944133
139.244636477423	0.00455493917717874
139.277980416166	0.00484489288491615
139.311304820404	0.00513484659265356
139.344609685464	0.00542480030039096
139.377895006674	0.00571475400812837
139.411160779365	0.00600551911436722
139.444406998873	0.00629789080576087
139.477633660535	0.00659026249715453
139.510840759689	0.00688263418854818
139.544028291679	0.00717500587994183
139.577196251849	0.00746737757133548
139.610344635548	0.00750538811634645
139.643473438127	0.00698284888094881
139.676582654939	0.00646030964555117
139.709672281340	0.00593777041015352
139.742742312690	0.00541523117475588
139.775792744349	0.00489269193935824
139.808823571684	0.00453143911838391
139.841834790060	0.00461254183701961
139.874826394847	0.00469364455565530
139.907798381419	0.00477474727429100
139.940750745152	0.00485584999292670
139.973683481422	0.00493695271156240
140.006596585612	0.00493176117332380
140.039490053105	0.00458240867115613
140.072363879287	0.00423305616898847
140.105218059548	0.00388370366682080
140.138052589280	0.00353435116465314
140.170867463878	0.00318499866248547
140.203662678738	0.00285864887956037
140.236438229262	0.00271520587255385
140.269194110853	0.00257176286554733
140.301930318916	0.00242831985854082
140.334646848859	0.00228487685153430
140.367343696095	0.00214143384452779
140.400020856037	0.00199803571904498
140.432678324103	0.00192489384471779
140.465316095711	0.00185175197039060
140.497934166284	0.00177861009606341
140.530532531247	0.00170546822173622
140.563111186028	0.00163232634740903
140.595670126058	0.00155918447308184
140.628209346771	0.000794662865479892
140.660728843602	-7.59476062535925e-05
140.693228611990	-0.000946558077987078
140.725708647377	-0.00181716854972056
140.758168945208	-0.00268777902145405
140.790609500930	-0.00355838949318753
140.823030309992	-0.00359421424299899
140.855431367849	-0.00328976227165995
140.887812669954	-0.00298531030032091
140.920174211767	-0.00268085832898187
140.952515988749	-0.00237640635764283
140.984837996364	-0.00207195438630380
141.017140230078	-0.00196439754104719
141.049422685360	-0.00203095847109211
141.081685357684	-0.00209751940113703
141.113928242523	-0.00216408033118195
141.146151335356	-0.00223064126122687
141.178354631663	-0.00229720219127179
141.210538126928	-0.00176166558747537
141.242701816636	1.02055170782633e-05
141.274845696277	0.00178207662163190
141.306969761342	0.00355394772618553
141.339074007325	0.00532581883073917
141.371158429724	0.00709768993529281
141.403223024039	0.00895519346823927
141.435267785773	0.0115787509971138
141.467292710430	0.0142023085259883
141.499297793520	0.0168258660548628
141.531283030553	0.0194494235837373
141.563248417043	0.0220729811126119
141.595193948508	0.0246965386414864
141.627119620466	0.0230931432315503
141.659025428439	0.0207408892745047
141.690911367954	0.0183886353174591
141.722777434537	0.0160363813604135
141.754623623719	0.0136841274033679
141.786449931034	0.0113318734463223
141.818256352018	0.00999498346143905
141.850042882209	0.00941147426678478
141.881809517150	0.00882796507213051
141.913556252385	0.00824445587747623
141.945283083462	0.00766094668282196
141.976990005930	0.00707743748816768
142.008677015342	0.00655688554327053
142.040344107255	0.00620323374734109
142.071991277226	0.00584958195141166
142.103618520818	0.00549593015548222
142.135225833593	0.00514227835955278
142.166813211120	0.00478862656362335
142.198380648967	0.00443497476769391
142.229928142708	0.00409936186997193
142.261455687917	0.00376472472777059
142.292963280173	0.00343008758556925
142.324450915056	0.00309545044336791
142.355918588151	0.00276081330116657
142.387366295043	0.00242617615896524
142.418794031322	0.00218792963892039
142.450201792580	0.00201445815743330
142.481589574412	0.00184098667594620
142.512957372416	0.00166751519445911
142.544305182191	0.00149404371297201
142.575632999342	0.00132057223148492
142.606940819475	0.00165554482214222
142.638228638198	0.00377493771377298
142.669496451123	0.00589433060540375
142.700744253865	0.00801372349703452
142.731972042041	0.0101331163886653
142.763179811271	0.0122525092802960
142.794367557178	0.0143719021719268
142.825535275388	0.0143033474280281
142.856682961529	0.0137523395771792
142.887810611233	0.0132013317263303
142.918918220133	0.0126503238754813
142.950005783868	0.0120993160246324
142.981073298076	0.0115483081737835
143.012120758400	0.0112458894669055
143.043148160487	0.0113315206242459
143.074155499983	0.0114171517815863
143.105142772540	0.0115027829389267
143.136109973812	0.0115884140962671
143.167057099455	0.0116740452536075
143.197984145129	0.0117596764109479
143.228891106497	0.0126558552914431
143.259777979223	0.0136085718317673
143.290644758976	0.0145612883720915
143.321491441426	0.0155140049124157
143.352318022246	0.0164667214527399
143.383124497114	0.0174194379930642
143.413910861708	0.0175721766998270
143.444677111711	0.0167547624521263
143.475423242807	0.0159373482044255
143.506149250683	0.0151199339567247
143.536855131032	0.0143025197090240
143.567540879545	0.0134851054613232
143.598206491919	0.0126676912136225
143.628851963853	0.0118276119306919
143.659477291048	0.0109861241766498
143.690082469210	0.0101446364226077
143.720667494046	0.00930314866856557
143.751232361266	0.00846166091452345
143.781777066583	0.00762017316048132
143.812301605714	0.00704180922205261
143.842805974376	0.00685309408244207
143.873290168292	0.00666437894283153
143.903754183185	0.00647566380322099
143.934198014784	0.00628694866361045
143.964621658819	0.00609823352399991
143.995025111021	0.00590951838438937
144.025408367127	0.00614672396655287
144.055771422876	0.00646729642116151
144.086114274009	0.00678786887577015
144.116436916270	0.00710844133037879
144.146739345406	0.00742901378498743
144.177021557168	0.00774958623959607
144.207283547307	0.00809863467232687
144.237525311580	0.00853749070390412
144.267746845745	0.00897634673548137
144.297948145563	0.00941520276705862
144.328129206798	0.00985405879863586
144.358290025218	0.0102929148302131
144.388430596591	0.0107317708617904
144.418550916692	0.0107988933421507
144.448650981294	0.0106342591899045
144.478730786177	0.0104696250376582
144.508790327121	0.0103049908854119
144.538829599911	0.0101403567331656
144.568848600334	0.00997572258091930
144.598847324178	0.00981108842867301
144.628825767237	0.00964174052856003
144.658783925306	0.00947220419622518
144.688721794183	0.00930266786389034
144.718639369669	0.00913313153155550
144.748536647568	0.00896359519922066
144.778413623687	0.00879405886688582
144.808270293835	0.00860913224472348
144.838106653825	0.00838404881382280
144.867922699472	0.00815896538292212
144.897718426595	0.00793388195202143
144.927493831013	0.00770879852112075
144.957248908552	0.00748371509022007
144.986983655037	0.00725863165931938
145.016698066299	0.00693570339952244
145.046392138170	0.00653652975653075
145.076065866484	0.00613735611353905
145.105719247080	0.00573818247054736
145.135352275800	0.00533900882755566
145.164964948486	0.00493983518456397
145.194557260985	0.00454066154157227
145.224129209148	0.00378905527077500
145.253680788826	0.00295797916025279
145.283211995874	0.00212690304973057
145.312722826151	0.00129582693920836
145.342213275518	0.000464750828686147
145.371683339838	-0.000366325281836067
145.401133014978	-0.00118061716768371
145.430562296807	-0.00157556846369450
145.459971181198	-0.00197051975970529
145.489359664027	-0.00236547105571608
145.518727741171	-0.00276042235172687
145.548075408511	-0.00315537364773766
145.577402661931	-0.00355032494374844
145.606709497318	-0.00390634689991777
145.635995910562	-0.00413130142578085
145.665261897554	-0.00435625595164392
145.694507454190	-0.00458121047750700
145.723732576368	-0.00480616500337007
145.752937259990	-0.00503111952923315
145.782121500958	-0.00525607405509623
145.811285295181	-0.00559095254424634
145.840428638566	-0.00609991507875749
145.869551527028	-0.00660887761326864
145.898653956481	-0.00711784014777979
145.927735922844	-0.00762680268229094
145.956797422037	-0.00813576521680209
145.985838449984	-0.00864472775131324
146.014859002613	-0.00847255621559749
146.043859075853	-0.00765144972754974
146.072838665637	-0.00683034323950199
146.101797767900	-0.00600923675145424
146.130736378581	-0.00518813026340648
146.159654493620	-0.00436702377535873
146.188552108962	-0.00354591728731098
146.217429220553	-0.00203933959556668
146.246285824344	-8.26890983037618e-05
146.275121916287	0.00187396139895915
146.303937492338	0.00383061189622207
146.332732548456	0.00578726239348499
146.361507080601	0.00774391289074790
146.390261084737	0.00970056338801082
146.418994556833	0.0115291720594595
146.447707492857	0.0132921541536540
146.476399888783	0.0150551362478485
146.505071740587	0.0168181183420430
146.533723044247	0.0185811004362375
146.562353795744	0.0203440825304320
146.590963991063	0.0221070646246264
146.619553626191	0.0214211094604669
146.648122697119	0.0196038698714808
146.676671199839	0.0177866302824946
146.705199130348	0.0159693906935085
146.733706484643	0.0141521511045224
146.762193258727	0.0123349115155362
146.790659448605	0.0105176719265501
146.819105050283	0.0105841583637925
146.847530059773	0.0115712773893986
146.875934473087	0.0125583964150047
146.904318286241	0.0135455154406108
146.932681495255	0.0145326344662170
146.961024096151	0.0155197534918231
146.989346084953	0.0165068725174292
147.017647457688	0.0163906055705046
147.045928210388	0.0156084561749810
147.074188339087	0.0148263067794573
147.102427839819	0.0140441573839337
147.130646708625	0.0132620079884101
147.158844941547	0.0124798585928865
147.187022534629	0.0116977091973629
147.215179483920	0.00984288262096781
147.243315785471	0.00707132017774379
147.271431435335	0.00429975773451976
147.299526429569	0.00152819529129574
147.327600764232	-0.00124336715192829
147.355654435387	-0.00401492959515231
147.383687439100	-0.00678649203837633
147.411699771437	-0.00774917927065547
147.439691428472	-0.00619074326442187
147.467662406276	-0.00463230725818827
147.495612700928	-0.00307387125195468
147.523542308508	-0.00151543524572108
147.551451225097	4.30007605125154e-05
147.579339446782	0.00160143676674611
147.607206969651	0.00286644262835566
147.635053789795	0.00329056717804059
147.662879903309	0.00371469172772552
147.690685306291	0.00413881627741045
147.718469994839	0.00456294082709538
147.746233965058	0.00498706537678031
147.773977213053	0.00541118992646524
147.801699734934	0.00579991970765567
147.829401526811	0.00564695304903858
147.857082584799	0.00549398639042148
147.884742905017	0.00534101973180439
147.912382483584	0.00518805307318730
147.940001316624	0.00503508641457020
147.967599400264	0.00488211975595311
147.995176730632	0.00472915309733601
148.022733303860	0.00434621521318278
148.050269116084	0.00391450303122093
148.077784163442	0.00348279084925908
148.105278442075	0.00305107866729723
148.132751948125	0.00261936648533538
148.160204677741	0.00218765430337353
148.187636627071	0.00175594212141168
148.215047792268	0.00167594836079011
148.242438169488	0.00188482051453228
148.269807754888	0.00209369266827444
148.297156544631	0.00230256482201660
148.324484534880	0.00251143697575876
148.351791721802	0.00272030912950093
148.379078101567	0.00292918128324309
148.406343670350	0.00312098197958896
148.433588424324	0.00325650095753840
148.460812359669	0.00339201993548784
148.488015472567	0.00352753891343728
148.515197759202	0.00366305789138673
148.542359215762	0.00379857686933617
148.569499838437	0.00393409584728561
148.596619623421	0.00406961482523505
148.623718566910	0.00416664302567145
148.650796665103	0.00425818758308564
148.677853914202	0.00434973214049983
148.704890310413	0.00444127669791402
148.731905849943	0.00453282125532821
148.758900529003	0.00462436581274240
148.785874343807	0.00471591037015659
148.812827290573	0.00492768268146120
148.839759365519	0.00527180120636274
148.866670564868	0.00561591973126427
148.893560884846	0.00596003825616580
148.920430321682	0.00630415678106734
148.947278871606	0.00664827530596887
148.974106530853	0.00699239383087041
149.000913295660	0.00733726502061955
149.027699162268	0.00770346777594639
149.054464126920	0.00806967053127323
149.081208185862	0.00843587328660007
149.107931335342	0.00880207604192691
149.134633571613	0.00916827879725375
149.161314890929	0.00953448155258059
149.187975289549	0.00990068430790743
149.214614763732	0.0103039073757183
149.241233309744	0.0107375781130006
149.267830923849	0.0111712488502828
149.294407602319	0.0116049195875651
149.320963341425	0.0120385903248474
149.347498137442	0.0124722610621297
149.374011986650	0.0129059317994119
149.400504885329	0.0133418921240376
149.426976829764	0.0138956618499845
149.453427816242	0.0144494315759314
149.479857841052	0.0150032013018783
149.506266900488	0.0155569710278252
149.532654990847	0.0161107407537721
149.559022108426	0.0166645104797191
149.585368249527	0.0172182802056660
149.611693410456	0.0176297143005755
149.637997587521	0.0178631166807846
149.664280777031	0.0180965190609937
149.690542975301	0.0183299214412028
149.716784178647	0.0185633238214119
149.743004383389	0.0187967262016210
149.769203585849	0.0190301285818301
149.795381782353	0.0192635309620393
149.821538969228	0.0190847850419225
149.847675142807	0.0188177045420441
149.873790299423	0.0185506240421658
149.899884435414	0.0182835435422874
149.925957547120	0.0180164630424090
149.952009630884	0.0177493825425306
149.978040683052	0.0174823020426522
150.004050699973	0.0171437147255063
150.030039677999	0.0164176344318728
150.056007613485	0.0156915541382392
150.081954502788	0.0149654738446056
150.107880342270	0.0142393935509721
150.133785128294	0.0135133132573385
150.159668857228	0.0127872329637049
150.185531525440	0.0120611526700714
150.211373129303	0.0114555647138983
150.237193665193	0.0110032007948017
150.262993129489	0.0105508368757052
150.288771518571	0.0100984729566086
150.314528828825	0.00964610903751199
150.340265056637	0.00919374511841541
150.365980198399	0.00874138119931883
150.391674250503	0.00828901728022224
150.417347209345	0.00834585907284870
150.442999071326	0.00864699332894823
150.468629832846	0.00894812758504777
150.494239490312	0.00924926184114731
150.519828040130	0.00955039609724685
150.545395478714	0.00985153035334639
150.570941802475	0.0101526646094459
150.596467007832	0.0104537988655455
150.621971091205	0.0111068727244988
150.647454049015	0.0118165161606796
150.672915877690	0.0125261595968605
150.698356573658	0.0132358030330414
150.723776133350	0.0139454464692223
150.749174553202	0.0146550899054031
150.774551829651	0.0153647333415840
150.799907959138	0.0160743767777649
150.825242938107	NaN
150.850556763004	NaN
150.875849430279	NaN
150.901120936384	NaN
150.926371277775	NaN
150.951600450911	NaN
150.976808452252	NaN
