NaN	NaN
NaN	NaN
NaN	NaN
NaN	NaN
NaN	NaN
NaN	NaN
NaN	NaN
NaN	NaN
NaN	NaN
NaN	NaN
NaN	NaN
NaN	NaN
NaN	NaN
NaN	NaN
NaN	NaN
NaN	NaN
NaN	NaN
NaN	NaN
NaN	NaN
NaN	NaN
NaN	NaN
NaN	NaN
NaN	NaN
NaN	NaN
NaN	NaN
NaN	NaN
NaN	NaN
NaN	NaN
NaN	NaN
NaN	NaN
NaN	NaN
NaN	NaN
NaN	NaN
NaN	NaN
NaN	NaN
NaN	NaN
NaN	NaN
NaN	NaN
NaN	NaN
NaN	NaN
NaN	NaN
NaN	NaN
NaN	NaN
NaN	NaN
NaN	NaN
NaN	NaN
NaN	NaN
NaN	NaN
NaN	NaN
NaN	NaN
NaN	NaN
NaN	NaN
NaN	NaN
NaN	NaN
NaN	NaN
NaN	NaN
NaN	NaN
NaN	NaN
NaN	NaN
NaN	NaN
NaN	NaN
NaN	NaN
NaN	NaN
NaN	NaN
NaN	NaN
NaN	NaN
NaN	NaN
NaN	NaN
NaN	NaN
NaN	NaN
NaN	NaN
NaN	NaN
NaN	NaN
NaN	NaN
NaN	NaN
NaN	NaN
NaN	NaN
NaN	NaN
NaN	NaN
NaN	NaN
NaN	NaN
NaN	NaN
NaN	NaN
NaN	NaN
NaN	NaN
NaN	NaN
NaN	NaN
NaN	NaN
NaN	NaN
NaN	NaN
NaN	NaN
NaN	NaN
NaN	NaN
NaN	NaN
NaN	NaN
NaN	NaN
NaN	NaN
NaN	NaN
NaN	NaN
NaN	NaN
35.2024803932142	NaN
35.2304808999568	NaN
35.2584764654302	NaN
35.2864670857078	NaN
35.3144527568640	NaN
35.3424334749735	NaN
35.3704092361118	NaN
35.3983800363553	NaN
35.4263458717809	3.74084329050983e-06
35.4543067384661	3.83563289573178e-06
35.4822626324894	3.93042250095373e-06
35.5102135499297	4.02521210617568e-06
35.5381594868669	4.12000171139764e-06
35.5661004393812	4.21479131661959e-06
35.5940364035540	4.30958092184154e-06
35.6219673754669	4.44779391852024e-06
35.6498933512025	4.59779424026684e-06
35.6778143268440	4.74779456201343e-06
35.7057302984754	4.89779488376003e-06
35.7336412621813	5.04779520550663e-06
35.7615472140470	5.19779552725323e-06
35.7894481501586	5.34779584899983e-06
35.8173440666028	5.54002798211219e-06
35.8452349594670	5.75795097118739e-06
35.8731208248395	5.97587396026259e-06
35.9010016588089	6.19379694933778e-06
35.9288774574650	6.41171993841298e-06
35.9567482168980	6.62964292748818e-06
35.9846139331988	6.84756591656338e-06
36.0124746024591	7.06769403492177e-06
36.0403302207714	7.29054169671883e-06
36.0681807842287	7.51338935851588e-06
36.0960262889248	7.73623702031293e-06
36.1238667309542	7.95908468210998e-06
36.1517021064121	8.18193234390703e-06
36.1795324113946	8.40478000570409e-06
36.2073576419982	8.65902292494841e-06
36.2351777943203	9.00059372543961e-06
36.2629928644589	9.34216452593082e-06
36.2908028485129	9.68373532642203e-06
36.3186077425818	1.00253061269132e-05
36.3464075427657	1.03668769274044e-05
36.3742022451655	1.07084477278956e-05
36.4019918458830	1.10361624086967e-05
36.4297763410205	1.11844330089623e-05
36.4575557266810	1.13327036092279e-05
36.4853299989684	1.14809742094936e-05
36.5130991539870	1.16292448097592e-05
36.5408631878423	1.17775154100248e-05
36.5686220966400	1.19257860102904e-05
36.5963758764869	1.20740566105560e-05
36.6241245234904	1.30153937946747e-05
36.6518680337585	1.40758591491374e-05
36.6796064034001	1.51363245036001e-05
36.7073396285246	1.61967898580627e-05
36.7350677052424	1.72572552125254e-05
36.7627906296645	1.83177205669881e-05
36.7905083979025	1.93781859214507e-05
36.8182210060689	2.01748942090547e-05
36.8459284502769	2.08342200430425e-05
36.8736307266403	2.14935458770304e-05
36.9013278312737	2.21528717110183e-05
36.9290197602924	2.28121975450061e-05
36.9567065098125	2.34715233789940e-05
36.9843880759509	2.41308492129819e-05
37.0120644548249	2.54538582978091e-05
37.0397356425528	2.76356223298054e-05
37.0674016352537	2.98173863618017e-05
37.0950624290471	3.19991503937980e-05
37.1227180200535	3.41809144257943e-05
37.1503684043941	3.63626784577905e-05
37.1780135781907	3.85444424897868e-05
37.2056535375660	4.06912820888805e-05
37.2332882786432	4.27023144988487e-05
37.2609177975466	4.47133469088168e-05
37.2885420904008	4.67243793187850e-05
37.3161611533314	4.87354117287531e-05
37.3437749824647	5.07464441387212e-05
37.3713835739277	5.27574765486894e-05
37.3989869238481	5.47685089586575e-05
37.4265850283545	5.50722394063102e-05
37.4541778835760	5.53109154451168e-05
37.4817654856425	5.55495914839235e-05
37.5093478306849	5.57882675227302e-05
37.5369249148344	5.60269435615369e-05
37.5644967342233	5.62656196003436e-05
37.5920632849844	5.65042956391502e-05
37.6196245632515	6.10961579220706e-05
37.6471805651588	6.74484013017542e-05
37.6747312868415	7.38006446814378e-05
37.7022767244354	8.01528880611214e-05
37.7298168740772	8.65051314408051e-05
37.7573517319042	9.28573748204887e-05
37.7848812940545	9.92096182001723e-05
37.8124055566669	0.000102159057754091
37.8399245158810	0.000100961880798841
37.8674381678370	9.97647038435899e-05
37.8949465086761	9.85675268883392e-05
37.9224495345401	9.73703499330885e-05
37.9499472415714	9.61731729778378e-05
37.9774396259135	9.49759960225872e-05
38.0049266837102	9.48645819345084e-05
38.0324084111065	9.97246395396980e-05
38.0598848042479	0.000104584697144887
38.0873558592807	0.000109444754750077
38.1148215723518	0.000114304812355267
38.1422819396090	0.000119164869960456
38.1697369572010	0.000124024927565646
38.1971866212769	0.000128884985170835
38.2246309279869	0.000130166578180042
38.2520698734816	0.000131039473800524
38.2795034539127	0.000131912369421006
38.3069316654324	0.000132785265041489
38.3343545041937	0.000133658160661971
38.3617719663505	0.000134531056282454
38.3891840480574	0.000135403951902936
38.4165907454695	0.000137681755916648
38.4439920547430	0.000140875367591108
38.4713879720347	0.000144068979265568
38.4987784935022	0.000147262590940028
38.5261636153037	0.000150456202614488
38.5535433335985	0.000153649814288948
38.5809176445462	0.000156843425963408
38.6082865443076	0.000157971073422967
38.6356500290439	0.000154341663134136
38.6630080949173	0.000150712252845304
38.6903607380907	0.000147082842556473
38.7177079547278	0.000143453432267641
38.7450497409929	0.000139824021978810
38.7723860930511	0.000136194611689979
38.7997170070685	0.000132565201401147
38.8270424792116	0.000131908217963864
38.8543625056481	0.000131282337429392
38.8816770825460	0.000130656456894920
38.9089862060743	0.000130030576360447
38.9362898724028	0.000129404695825975
38.9635880777021	0.000128778815291503
38.9908808181433	0.000128152934757030
39.0181680898986	0.000125647798659416
39.0454498891406	0.000122199493906219
39.0727262120431	0.000118751189153021
39.0999970547804	0.000115302884399824
39.1272624135275	0.000111854579646626
39.1545222844604	0.000108406274893429
39.1817766637557	0.000104957970140231
39.2090255475908	0.000102705361058580
39.2362689321439	0.000102866720477846
39.2635068135940	0.000103028079897112
39.2907391881209	0.000103189439316379
39.3179660519049	0.000103350798735645
39.3451874011275	0.000103512158154911
39.3724032319707	0.000103673517574177
39.3996135406173	0.000103834876993443
39.4268183232509	0.000106196854438748
39.4540175760558	0.000108590540451593
39.4812112952173	0.000110984226464438
39.5083994769213	0.000113377912477283
39.5355821173545	0.000115771598490128
39.5627592127043	0.000118165284502973
39.5899307591590	0.000120558970515818
39.6170967529078	0.000121887378524517
39.6442571901403	0.000122588447875833
39.6714120670471	0.000123289517227148
39.6985613798198	0.000123990586578463
39.7257051246504	0.000124691655929778
39.7528432977318	0.000125392725281093
39.7799758952578	0.000126093794632408
39.8071029134230	0.000125081912186662
39.8342243484225	0.000119241470166717
39.8613401964524	0.000113401028146771
39.8884504537096	0.000107560586126826
39.9155551163918	0.000101720144106881
39.9426541806973	9.58797020869353e-05
39.9697476428254	9.00392600669900e-05
39.9968354989761	8.41988180470447e-05
40.0239177453501	8.67525156173221e-05
40.0509943781489	9.04167087083818e-05
40.0780653935751	9.40809017994415e-05
40.1051307878316	9.77450948905011e-05
40.1321905571224	0.000101409287981561
40.1592446976523	0.000105073481072620
40.1862932056268	0.000108737674163680
40.2133360772521	0.000108443511388474
40.2403733087353	0.000104081381134246
40.2674048962843	9.97192508800179e-05
40.2944308361079	9.53571206257898e-05
40.3214511244153	9.09949903715616e-05
40.3484657574170	8.66328601173334e-05
40.3754747313239	8.22707298631053e-05
40.4024780423480	7.85799538236086e-05
40.4294756867017	8.15329024048351e-05
40.4564676605986	8.44858509860616e-05
40.4834539602529	8.74387995672881e-05
40.5104345818797	9.03917481485145e-05
40.5374095216946	9.33446967297410e-05
40.5643787759144	9.62976453109675e-05
40.5913423407565	9.92505938921940e-05
40.6183002124390	0.000100488720947620
40.6452523871810	0.000100915667015722
40.6721988612024	0.000101342613083825
40.6991396307236	0.000101769559151927
40.7260746919661	0.000102196505220030
40.7530040411521	0.000102623451288132
40.7799276745047	0.000103050397356235
40.8068455882476	0.000103217108260170
40.8337577786054	0.000102620849373759
40.8606642418037	0.000102024590487349
40.8875649740685	0.000101428331600938
40.9144599716270	0.000100832072714528
40.9413492307068	0.000100235813828117
40.9682327475368	9.96395549417068e-05
40.9951105183463	9.90432960552963e-05
41.0219825393655	9.79263710641136e-05
41.0488488068255	9.66936488201269e-05
41.0757093169583	9.54609265761402e-05
41.1025640659963	9.42282043321535e-05
41.1294130501732	9.29954820881668e-05
41.1562562657231	9.17627598441801e-05
41.1830937088812	9.05300376001934e-05
41.2099253758835	9.02565257890473e-05
41.2367512629665	9.16167012759522e-05
41.2635713663678	9.29768767628572e-05
41.2903856823257	9.43370522497621e-05
41.3171942070795	9.56972277366670e-05
41.3439969368690	9.70574032235719e-05
41.3707938679350	9.84175787104769e-05
41.3975849965191	9.97777541973818e-05
41.4243703188637	9.94010194991309e-05
41.4511498312120	9.88521822367320e-05
41.4779235298081	9.83033449743330e-05
41.5046914108967	9.77545077119341e-05
41.5314534707236	9.72056704495351e-05
41.5582097055351	9.66568331871362e-05
41.5849601115787	9.61079959247372e-05
41.6117046851023	9.76197552602035e-05
41.6384434223550	0.000101778983930351
41.6651763195865	0.000105938212600499
41.6919033730473	0.000110097441270647
41.7186245789888	0.000114256669940795
41.7453399336632	0.000118415898610942
41.7720494333236	0.000122575127281090
41.7987530742238	0.000126734355951238
41.8254508526185	0.000127368094003621
41.8521427647631	0.000127829123916985
41.8788288069139	0.000128290153830349
41.9055089753282	0.000128751183743714
41.9321832662638	0.000129212213657078
41.9588516759796	0.000129673243570442
41.9855142007351	0.000130134273483807
42.0121708367908	0.000130613053095930
42.0388215804079	0.000131112956189627
42.0654664278486	0.000131612859283324
42.0921053753757	0.000132112762377021
42.1187384192530	0.000132612665470718
42.1453655557450	0.000133112568564414
42.1719867811172	0.000133612471658111
42.1986020916358	0.000134112374751808
42.2252114835678	0.000134267231457869
42.2518149531811	0.000134402958299223
42.2784124967445	0.000134538685140576
42.3050041105275	0.000134674411981930
42.3315897908004	0.000134810138823283
42.3581695338344	0.000134945865664636
42.3847433359017	0.000135081592505990
42.4113111932751	0.000134992639705606
42.4378731022283	0.000134600670138267
42.4644290590359	0.000134208700570927
42.4909790599732	0.000133816731003587
42.5175231013165	0.000133424761436247
42.5440611793427	0.000133032791868908
42.5705932903298	0.000132640822301568
42.5971194305566	0.000132248852734228
42.6236395963025	0.000132539688985316
42.6501537838481	0.000132913718272934
42.6766619894744	0.000133287747560551
42.7031642094636	0.000133661776848169
42.7296604400987	0.000134035806135787
42.7561506776633	0.000134409835423404
42.7826349184421	0.000134783864711022
42.8091131587205	0.000137181800569452
42.8355853947848	0.000143435848644486
42.8620516229220	0.000149689896719519
42.8885118394203	0.000155943944794553
42.9149660405684	0.000162197992869586
42.9414142226559	0.000168452040944620
42.9678563819733	0.000174706089019653
42.9942925148121	0.000180960137094687
43.0207226174642	0.000194613846992173
43.0471466862229	0.000210305363153599
43.0735647173820	0.000225996879315025
43.0999767072361	0.000241688395476450
43.1263826520810	0.000257379911637876
43.1527825482129	0.000273071427799301
43.1791763919292	0.000288762943960727
43.2055641795280	0.000306950820666643
43.2319459073082	0.000334480110759954
43.2583215715697	0.000362009400853264
43.2846911686131	0.000389538690946575
43.3110546947399	0.000417067981039886
43.3374121462526	0.000444597271133196
43.3637635194544	0.000472126561226507
43.3901088106492	0.000499655851319817
43.4164480161421	0.000538721231979242
43.4427811322389	0.000584723168045254
43.4691081552461	0.000630725104111266
43.4954290814712	0.000676727040177278
43.5217439072227	0.000722728976243290
43.5480526288096	0.000768730912309302
43.5743552425421	0.000814732848375314
43.6006517447311	0.000861210820293445
43.6269421316883	0.000926417772585520
43.6532263997264	0.000991624724877596
43.6795045451588	0.00105683167716967
43.7057765642999	0.00112203862946175
43.7320424534650	0.00118724558175382
43.7583022089700	0.00125245253404590
43.7845558271319	0.00131765948633797
43.8108033042685	0.00139258254075182
43.8370446366984	0.00148139390865061
43.8632798207411	0.00157020527654940
43.8895088527170	0.00165901664444818
43.9157317289474	0.00174782801234697
43.9419484457543	0.00183663938024576
43.9681589994608	0.00192545074814455
43.9943633863905	0.00201426211604334
44.0205616028682	0.00212498206338791
44.0467536452195	0.00224170717304960
44.0729395097708	0.00235843228271130
44.0991191928494	0.00247515739237299
44.1252926907834	0.00259188250203469
44.1514599999019	0.00270860761169639
44.1776211165347	0.00282533272135808
44.2037760370126	0.00294828089434398
44.2299247576673	0.00310810609908789
44.2560672748311	0.00326793130383181
44.2822035848376	0.00342775650857573
44.3083336840209	0.00358758171331964
44.3344575687162	0.00374740691806356
44.3605752352594	0.00390723212280747
44.3866866799874	0.00406705732755139
44.4127918992378	0.00424793547529636
44.4388908893494	0.00445072211790495
44.4649836466616	0.00465350876051354
44.4910701675147	0.00485629540312214
44.5171504482499	0.00505908204573073
44.5432244852094	0.00526186868833932
44.5692922747361	0.00546465533094791
44.5953538131739	0.00566744197355650
44.6214090968674	0.00594267821760318
44.6474581221624	0.00623363555655486
44.6735008854052	0.00652459289550654
44.6995373829432	0.00681555023445823
44.7255676111247	0.00710650757340991
44.7515915662989	0.00739746491236160
44.7776092448156	0.00768842225131328
44.8036206430257	0.00798973990553010
44.8296257572811	0.00835512016525646
44.8556245839344	0.00872050042498281
44.8816171193390	0.00908588068470917
44.9076033598494	0.00945126094443552
44.9335833018209	0.00981664120416188
44.9595569416096	0.0101820214638882
44.9855242755726	0.0105474017236146
45.0114853000679	0.0109927685776363
45.0374400114542	0.0115389359808505
45.0633884060912	0.0120851033840648
45.0893304803397	0.0126312707872790
45.1152662305609	0.0131774381904933
45.1411956531174	0.0137236055937075
45.1671187443724	0.0142697729969218
45.1930355006899	0.0148159404001360
45.2189459184351	0.0154982079893721
45.2448499939739	0.0162304998074958
45.2707477236730	0.0169627916256195
45.2966391039002	0.0176950834437432
45.3225241310240	0.0184273752618669
45.3484028014140	0.0191596670799906
45.3742751114406	0.0198919588981144
45.4001410574749	0.0206260547350650
45.4260006358891	0.0216891158758439
45.4518538430564	0.0227521770166228
45.4777006753506	0.0238152381574017
45.5035411291465	0.0248782992981807
45.5293752008200	0.0259413604389596
45.5552028867476	0.0270044215797385
45.5810241833069	0.0280674827205174
45.6068390868763	0.0292157039408275
45.6326475938351	0.0306001824674107
45.6584497005635	0.0319846609939940
45.6842454034427	0.0333691395205773
45.7100346988545	0.0347536180471605
45.7358175831821	0.0361380965737438
45.7615940528091	0.0375225751003271
45.7873641041202	0.0389070536269103
45.8131277335012	0.0405731107871769
45.8388849373384	0.0425101634165678
45.8646357120193	0.0444472160459588
45.8903800539323	0.0463842686753497
45.9161179594664	0.0483213213047407
45.9418494250119	0.0502583739341316
45.9675744469598	0.0521954265635225
45.9932930217019	0.0541324791929135
46.0190051456311	0.0565566921166075
46.0447108151412	0.0591528042050331
46.0704100266268	0.0617489162934588
46.0961027764834	0.0643450283818844
46.1217890611075	0.0669411404703101
46.1474688768964	0.0695372525587357
46.1731422202484	0.0721333646471614
46.1988090875627	0.0747294767355870
46.2244694752393	0.0779158103369556
46.2501233796792	0.0811308661878708
46.2757707972845	0.0843459220387860
46.3014117244577	0.0875609778897012
46.3270461576027	0.0907760337406164
46.3526740931241	0.0939910895915316
46.3782955274275	0.0972061454424468
46.4039104569192	0.100503824959152
46.4295188780067	0.104260039051314
46.4551207870982	0.108016253143477
46.4807161806029	0.111772467235640
46.5063050549309	0.115528681327803
46.5318874064934	0.119284895419966
46.5574632317020	0.123041109512129
46.5830325269698	0.126797323604292
46.6085952887105	0.130939322525056
46.6341515133388	0.135842781104729
46.6597011972703	0.140746239684401
46.6852443369214	0.145649698264074
46.7107809287097	0.150553156843746
46.7363109690535	0.155456615423419
46.7618344543719	0.160360074003092
46.7873513810854	0.165263532582764
46.8128617456149	0.170266162190392
46.8383655443824	0.175366306977452
46.8638627738110	0.180466451764513
46.8893534303245	0.185566596551573
46.9148375103477	0.190666741338633
46.9403150103063	0.195766886125694
46.9657859266270	0.200867030912754
46.9912502557373	0.205967175699815
47.0167079940657	0.210944523975081
47.0421591380416	0.215857573658668
47.0676036840954	0.220770623342255
47.0930416286583	0.225683673025841
47.1184729681625	0.230596722709428
47.1438976990411	0.235509772393015
47.1693158177282	0.240422822076602
47.1947273206587	0.245335871760189
47.2201322042685	0.250477805553171
47.2455304649945	0.255679676942874
47.2709220992744	0.260881548332577
47.2963071035469	0.266083419722279
47.3216854742516	0.271285291111982
47.3470572078290	0.276487162501685
47.3724223007207	0.281689033891387
47.3977807493690	0.286890905281090
47.4231325502172	0.290935752572301
47.4484776997097	0.294869613640415
47.4738161942916	0.298803474708529
47.4991480304091	0.302737335776644
47.5244732045093	0.306671196844758
47.5497917130400	0.310605057912872
47.5751035524504	0.314538918980987
47.6004087191903	0.318457769214594
47.6257072097104	0.321462369824950
47.6509990204626	0.324466970435307
47.6762841478994	0.327471571045663
47.7015625884746	0.330476171656019
47.7268343386426	0.333480772266375
47.7520993948591	0.336485372876731
47.7773577535804	0.339489973487088
47.8026094112638	0.342338468579319
47.8278543643678	0.343832592223825
47.8530926093516	0.345326715868331
47.8783241426753	0.346820839512837
47.9035489608001	0.348314963157343
47.9287670601881	0.349809086801849
47.9539784373023	0.351303210446355
47.9791830886067	0.352797334090861
48.0043810105662	0.354302085708973
48.0295721996466	0.355857330798265
48.0547566523147	0.357412575887557
48.0799343650384	0.358967820976849
48.1051053342861	0.360523066066141
48.1302695565277	0.362078311155432
48.1554270282336	0.363633556244724
48.1805777458754	0.365188801334016
48.2057217059257	0.366483251143465
48.2308589048576	0.366892552509948
48.2559893391458	0.367301853876431
48.2811130052654	0.367711155242915
48.3062298996928	0.368120456609398
48.3313400189052	0.368529757975882
48.3564433593806	0.368939059342365
48.3815399175984	0.369348360708849
48.4066296900384	0.369933019032356
48.4317126731818	0.371005885878537
48.4567888635105	0.372078752724719
48.4818582575074	0.373151619570901
48.5069208516565	0.374224486417082
48.5319766424425	0.375297353263264
48.5570256263512	0.376370220109445
48.5820677998694	0.377443086955627
48.6071031594848	0.378175746457518
48.6321317016861	0.378049655521427
48.6571534229627	0.377923564585336
48.6821683198054	0.377797473649244
48.7071763887056	0.377671382713153
48.7321776261558	0.377545291777062
48.7571720286495	0.377419200840971
48.7821595926810	0.377293109904879
48.8071403147457	0.377360612625147
48.8321141913399	0.377911752204782
48.8570812189609	0.378462891784416
48.8820413941070	0.379014031364051
48.9069947132772	0.379565170943685
48.9319411729719	0.380116310523320
48.9568807696920	0.380667450102954
48.9818134999398	0.381218589682589
49.0067393602182	0.381704792246528
49.0316583470312	0.382015782931117
49.0565704568839	0.382326773615707
49.0814756862821	0.382637764300296
49.1063740317329	0.382948754984885
49.1312654897439	0.383259745669474
49.1561500568241	0.383570736354063
49.1810277294833	0.383881727038652
49.2058985042322	0.383993245670268
49.2307623775827	0.383463259365616
49.2556193460473	0.382933273060965
49.2804694061397	0.382403286756313
49.3053125543747	0.381873300451661
49.3301487872678	0.381343314147009
49.3549781013355	0.380813327842357
49.3798004930956	0.380283341537705
49.4046159590664	0.380235836857323
49.4294244957674	0.382299386712073
49.4542260997192	0.384362936566824
49.4790207674432	0.386426486421574
49.5038084954617	0.388490036276325
49.5285892802982	0.390553586131075
49.5533631184770	0.392617135985826
49.5781300065235	0.394680685840577
49.6028899409639	0.396665776522454
49.6276429183256	0.398057199770229
49.6523889351368	0.399448623018004
49.6771279879267	0.400840046265779
49.7018600732256	0.402231469513554
49.7265851875646	0.403622892761329
49.7513033274759	0.405014316009105
49.7760144894927	0.406405739256880
49.8007186701490	0.407870767046106
49.8254158659800	0.411792013721231
49.8501060735218	0.415713260396357
49.8747892893114	0.419634507071483
49.8994655098868	0.423555753746609
49.9241347317872	0.427477000421735
49.9487969515524	0.431398247096860
49.9734521657235	0.435319493771986
49.9981003708425	0.439240740447112
50.0227415634522	0.440369172150282
50.0473757400968	0.441264349153745
50.0720028973209	0.442159526157208
50.0966230316706	0.443054703160671
50.1212361396928	0.443949880164134
50.1458422179353	0.444845057167597
50.1704412629471	0.445740234171059
50.1950332712778	0.446635411174522
50.2196182394785	0.447390862380858
50.2441961641008	0.448110944415590
50.2687670416977	0.448831026450321
50.2933308688228	0.449551108485052
50.3178876420311	0.450271190519783
50.3424373578782	0.450991272554515
50.3669800129210	0.451711354589246
50.3915156037172	0.452431436623977
50.4160441268255	0.453429972377686
50.4405655788057	0.454575738021064
50.4650799562185	0.455721503664443
50.4895872556257	0.456867269307821
50.5140874735900	0.458013034951200
50.5385806066750	0.459158800594579
50.5630666514454	0.460304566237957
50.5875456044671	0.461450331881336
50.6120174623066	0.462861418022785
50.6364822215316	0.464547431497890
50.6609398787109	0.466233444972996
50.6853904304141	0.467919458448101
50.7098338732119	0.469605471923206
50.7342702036759	0.471291485398312
50.7586994183788	0.472977498873417
50.7831215138944	0.474663512348522
50.8075364867972	0.475864089390497
50.8319443336629	0.475977655818979
50.8563450510683	0.476091222247460
50.8807386355908	0.476204788675942
50.9051250838093	0.476318355104424
50.9295043923034	0.476431921532906
50.9538765576538	0.476545487961388
50.9782415764420	0.476659054389870
51.0025994452509	0.476832429628220
51.0269501606640	0.477506356137398
51.0512937192661	0.478180282646576
51.0756301176428	0.478854209155755
51.0999593523809	0.479528135664933
51.1242814200679	0.480202062174111
51.1485963172926	0.480875988683290
51.1729040406448	0.481549915192468
51.1972045867150	0.482223841701647
51.2214979520951	0.481981583836950
51.2457841333778	0.481620210431172
51.2700631271567	0.481258837025393
51.2943349300266	0.480897463619615
51.3185995385833	0.480536090213837
51.3428569494235	0.480174716808059
51.3671071591450	0.479813343402281
51.3913501643465	0.479451969996503
51.4155859616279	0.479234600933630
51.4398145475899	0.479097139075663
51.4640359188344	0.478959677217695
51.4882500719641	0.478822215359727
51.5124570035829	0.478684753501759
51.5366567102956	0.478547291643791
51.5608491887082	0.478409829785823
51.5850344354274	0.478272367927855
51.6092124470612	0.478044226808832
51.6333832202184	0.477668799679482
51.6575467515089	0.477293372550132
51.6817030375438	0.476917945420782
51.7058520749350	0.476542518291432
51.7299938602953	0.476167091162082
51.7541283902389	0.475791664032732
51.7782556613806	0.475416236903382
51.8023756703365	0.474956346442238
51.8264884137237	0.473723485441793
51.8505938881602	0.472490624441348
51.8746920902651	0.471257763440903
51.8987830166584	0.470024902440458
51.9228666639613	0.468792041440013
51.9469430287960	0.467559180439568
51.9710121077855	0.466326319439123
51.9950738975541	0.465093458438678
52.0191283947269	0.462694884461311
52.0431755959302	0.459996151817567
52.0672154977913	0.457297419173822
52.0912480969383	0.454598686530078
52.1152733900007	0.451899953886333
52.1392913736086	0.449201221242589
52.1633020443936	0.446502488598844
52.1873053989878	0.443803755955100
52.2113014340248	0.440930625516399
52.2352901461389	0.437861628296715
52.2592715319657	0.434792631077031
52.2832455881415	0.431723633857346
52.3072123113039	0.428654636637662
52.3311716980914	0.425585639417977
52.3551237451437	0.422516642198293
52.3790684491012	0.419447644978609
52.4030058066056	0.416335783760252
52.4269358142996	0.412925475316045
52.4508584688268	0.409515166871839
52.4747737668320	0.406104858427633
52.4986817049608	0.402694549983427
52.5225822798602	0.399284241539221
52.5464754881779	0.395873933095015
52.5703613265627	0.392463624650809
52.5942397916645	0.389053316206603
52.6181108801343	0.384613005589955
52.6419745886240	0.379845150292065
52.6658309137865	0.375077294994175
52.6896798522759	0.370309439696285
52.7135214007473	0.365541584398394
52.7373555558567	0.360773729100504
52.7611823142613	0.356005873802614
52.7850016726191	0.351238018504724
52.8088136275896	0.346732139785780
52.8326181758328	0.342672003187323
52.8564153140100	0.338611866588867
52.8802050387836	0.334551729990411
52.9039873468170	0.330491593391954
52.9277622347745	0.326431456793498
52.9515296993216	0.322371320195042
52.9752897371247	0.318311183596585
52.9990423448515	0.314251046998129
53.0227875191703	0.309835086656446
53.0465252567510	0.305404174866305
53.0702555542640	0.300973263076164
53.0939784083811	0.296542351286023
53.1176938157751	0.292111439495882
53.1414017731197	0.287680527705742
53.1651022770898	0.283249615915601
53.1887953243612	0.278818704125460
53.2124809116108	0.274955144972610
53.2361590355166	0.271600844209412
53.2598296927577	0.268246543446215
53.2834928800141	0.264892242683017
53.3071485939668	0.261537941919820
53.3307968312981	0.258183641156622
53.3544375886912	0.254829340393425
53.3780708628302	0.251475039630227
53.4016966504006	0.248100308468725
53.4253149480887	0.244461555822138
53.4489257525817	0.240822803175551
53.4725290605684	0.237184050528964
53.4961248687380	0.233545297882377
53.5197131737812	0.229906545235790
53.5432939723897	0.226267792589203
53.5668672612559	0.222629039942616
53.5904330370738	0.218990287296029
53.6139912965380	0.215676980840787
53.6375420363444	0.212586172426634
53.6610852531898	0.209495364012481
53.6846209437722	0.206404555598328
53.7081491047905	0.203313747184174
53.7316697329449	0.200222938770021
53.7551828249364	0.197132130355868
53.7786883774672	0.194041321941715
53.8021863872405	0.190988248118761
53.8256768509605	0.188302930397493
53.8491597653327	0.185617612676226
53.8726351270633	0.182932294954958
53.8961029328599	0.180246977233691
53.9195631794309	0.177561659512423
53.9430158634860	0.174876341791156
53.9664609817357	0.172191024069888
53.9898985308918	0.169505706348621
54.0133285076670	0.166415613120363
54.0367509087751	0.163018795963208
54.0601657309310	0.159621978806053
54.0835729708507	0.156225161648899
54.1069726252511	0.152828344491744
54.1303646908503	0.149431527334590
54.1537491643675	0.146034710177435
54.1771260425228	0.142637893020280
54.2004953220375	0.139258959409662
54.2238569996340	0.136705763974487
54.2472110720357	0.134152568539312
54.2705575359669	0.131599373104138
54.2938963881533	0.129046177668963
54.3172276253213	0.126492982233788
54.3405512441988	0.123939786798613
54.3638672415145	0.121386591363438
54.3871756139980	0.118833395928263
54.4104763583804	0.116585760961161
54.4337694713935	0.114712109987453
54.4570549497704	0.112838459013745
54.4803327902451	0.110964808040037
54.5036029895528	0.109091157066329
54.5268655444297	0.107217506092621
54.5501204516132	0.105343855118913
54.5733677078415	0.103470204145205
54.5966073098542	0.101596553171497
54.6198392543918	0.101279031967168
54.6430635381958	0.101227579903285
54.6662801580089	0.101176127839403
54.6894891105748	0.101124675775520
54.7126903926385	0.101073223711638
54.7358840009456	0.101021771647755
54.7590699322434	0.100970319583873
54.7822481832797	0.100918867519990
54.8054187508037	0.100950490379224
54.8285816315656	0.101254221950264
54.8517368223167	0.101557953521304
54.8748843198093	0.101861685092344
54.8980241207969	0.102165416663384
54.9211562220339	0.102469148234424
54.9442806202761	0.102772879805464
54.9673973122800	0.103076611376504
54.9905062948034	0.103380342947544
55.0136075646052	0.104208849560086
55.0367011184452	0.105403419555257
55.0597869530846	0.106597989550428
55.0828650652852	0.107792559545599
55.1059354518104	0.108987129540770
55.1289981094244	0.110181699535940
55.1520530348925	0.111376269531111
55.1751002249811	0.112570839526282
55.1981396764578	0.113765409521453
55.2211713860911	0.115559728915833
55.2441953506506	0.117406739443754
55.2672115669073	0.119253749971675
55.2902200316328	0.121100760499595
55.3132207416002	0.122947771027516
55.3362136935835	0.124794781555437
55.3591988843578	0.126641792083358
55.3821763106992	0.128488802611279
55.4051459693851	0.130311170319461
55.4281078571939	0.132048198914956
55.4510619709050	0.133785227510450
55.4740083072989	0.135522256105945
55.4969468631574	0.137259284701440
55.5198776352632	0.138996313296934
55.5428006204000	0.140733341892429
55.5657158153529	0.142470370487924
55.5886232169079	0.144207399083419
55.6115228218520	0.146068298852419
55.6344146269734	0.148051479071269
55.6572986290615	0.150034659290119
55.6801748249067	0.152017839508970
55.7030432113004	0.154001019727820
55.7259037850352	0.155984199946670
55.7487565429048	0.157967380165520
55.7716014817040	0.159950560384370
55.7944385982287	0.161933740603221
55.8172678892757	0.164608148807813
55.8400893516433	0.167505140466949
55.8629029821304	0.170402132126085
55.8857087775375	0.173299123785221
55.9085067346659	0.176196115444357
55.9312968503179	0.179093107103492
55.9540791212973	0.181990098762628
55.9768535444086	0.184887090421764
55.9996201164577	0.187784082080900
56.0223788342513	0.190517887070772
56.0451296945974	0.193248922383787
56.0678726943052	0.195979957696801
56.0906078301847	0.198710993009816
56.1133350990473	0.201442028322830
56.1360544977053	0.204173063635845
56.1587660229722	0.206904098948859
56.1814696716626	0.209635134261874
56.2041654405922	0.212429203028795
56.2268533265777	0.215503633409962
56.2495333264371	0.218578063791129
56.2722054369893	0.221652494172297
56.2948696550546	0.224726924553464
56.3175259774540	0.227801354934632
56.3401744010100	0.230875785315799
56.3628149225459	0.233950215696966
56.3854475388863	0.237024646078134
56.4080722468569	0.240386355572198
56.4306890432844	0.244265875687207
56.4532979249967	0.248145395802216
56.4758988888227	0.252024915917225
56.4984919315926	0.255904436032235
56.5210770501375	0.259783956147244
56.5436542412898	0.263663476262253
56.5662235018829	0.267542996377262
56.5887848287513	0.271422516492271
56.6113382187307	0.274950732455677
56.6338836686579	0.278131517863851
56.6564211753706	0.281312303272024
56.6789507357080	0.284493088680197
56.7014723465100	0.287673874088371
56.7239860046180	0.290854659496544
56.7464917068743	0.294035444904717
56.7689894501223	0.297216230312891
56.7914792312066	0.300397015721064
56.8139610469728	0.304312561593546
56.8364348942678	0.308676470880706
56.8589007699395	0.313040380167866
56.8813586708369	0.317404289455026
56.9038085938102	0.321768198742186
56.9262505357107	0.326132108029345
56.9486844933907	0.330496017316505
56.9711104637038	0.334859926603665
56.9935284435045	0.339223835890825
57.0159384296488	0.343251372512216
57.0383404189933	0.347142354379650
57.0607344083962	0.351033336247085
57.0831203947165	0.354924318114519
57.1054983748146	0.358815299981954
57.1278683455516	0.362706281849388
57.1502303037902	0.366597263716822
57.1725842463940	0.370488245584257
57.1949301702277	0.374379227451691
57.2172680721571	0.378126820356864
57.2395979490492	0.381832322370056
57.2619197977722	0.385537824383248
57.2842336151953	0.389243326396441
57.3065393981888	0.392948828409633
57.3288371436243	0.396654330422826
57.3511268483743	0.400359832436018
57.3734085093127	0.404065334449211
57.3956821233142	0.407770836462403
57.4179476872549	0.410996910781653
57.4402051980119	0.414107664570770
57.4624546524635	0.417218418359887
57.4846960474890	0.420329172149005
57.5069293799691	0.423439925938122
57.5291546467852	0.426550679727239
57.5513718448204	0.429661433516356
57.5735809709583	0.432772187305473
57.5957820220842	0.435882941094590
57.6179749950841	0.439133588149869
57.6401598868454	0.442417056351376
57.6623366942565	0.445700524552883
57.6845054142070	0.448983992754390
57.7066660435877	0.452267460955897
57.7288185792903	0.455550929157404
57.7509630182079	0.458834397358911
57.7730993572346	0.462117865560418
57.7952275932655	0.465401333761924
57.8173477231973	0.468630105785499
57.8394597439273	0.471843833474429
57.8615636523542	0.475057561163359
57.8836594453778	0.478271288852289
57.9057471198991	0.481485016541218
57.9278266728202	0.484698744230148
57.9498981010442	0.487912471919078
57.9719614014756	0.491126199608008
57.9940165710199	0.494339927296937
58.0160636065835	0.497046644891662
58.0381025050745	0.499564544052090
58.0601332634016	0.502082443212518
58.0821558784750	0.504600342372947
58.1041703472059	0.507118241533375
58.1261766665065	0.509636140693803
58.1481748332905	0.512154039854231
58.1701648444723	0.514671939014659
58.1921466969679	0.517189838175087
58.2141203876941	0.519214590342061
58.2360859135691	0.520965120495085
58.2580432715119	0.522715650648109
58.2799924584430	0.524466180801134
58.3019334712839	0.526216710954158
58.3238663069573	0.527967241107182
58.3457909623868	0.529717771260206
58.3677074344976	0.531468301413231
58.3896157202156	0.533218831566255
58.4115158164682	0.534601672146302
58.4334077201836	0.535653013614555
58.4552914282915	0.536704355082808
58.4771669377226	0.537755696551061
58.4990342454086	0.538807038019314
58.5208933482826	0.539858379487567
58.5427442432786	0.540909720955820
58.5645869273321	0.541961062424073
58.5864213973794	0.543012403892326
58.6082476503582	0.544310867511226
58.6300656832071	0.546016107148750
58.6518754928662	0.547721346786274
58.6736770762763	0.549426586423798
58.6954704303798	0.551131826061322
58.7172555521200	0.552837065698846
58.7390324384415	0.554542305336370
58.7608010862898	0.556247544973894
58.7825614926119	0.557952784611418
58.8043136543556	0.559641544045172
58.8260575684702	0.561263692732303
58.8477932319060	0.562885841419434
58.8695206416143	0.564507990106565
58.8912397945479	0.566130138793696
58.9129506876604	0.567752287480827
58.9346533179068	0.569374436167959
58.9563476822432	0.570996584855090
58.9780337776269	0.572618733542221
58.9997116010162	0.574240882229352
59.0213811493707	0.574417645567355
59.0430424196511	0.574574916264300
59.0646954088194	0.574732186961245
59.0863401138385	0.574889457658189
59.1079765316727	0.575046728355134
59.1296046592873	0.575203999052079
59.1512244936490	0.575361269749023
59.1728360317253	0.575518540445968
59.1944392704852	0.575675811142912
59.2160342068986	0.576086465377209
59.2376208379368	0.576584977397860
59.2591991605722	0.577083489418512
59.2807691717782	0.577582001439163
59.3023308685295	0.578080513459815
59.3238842478020	0.578579025480466
59.3454293065727	0.579077537501118
59.3669660418198	0.579576049521770
59.3884944505227	0.580074561542421
59.4100145296618	0.580570610079876
59.4315262762189	0.581063828899635
59.4530296871768	0.581557047719394
59.4745247595195	0.582050266539153
59.4960114902323	0.582543485358912
59.5174898763015	0.583036704178671
59.5389599147147	0.583529922998430
59.5604216024605	0.584023141818189
59.5818749365288	0.584516360637947
59.6033199139107	0.585027062724788
59.6247565315985	0.585633196424928
59.6461847865854	0.586239330125068
59.6676046758662	0.586845463825208
59.6890161964364	0.587451597525348
59.7104193452931	0.588057731225488
59.7318141194343	0.588663864925628
59.7532005158593	0.589269998625768
59.7745785315685	0.589876132325908
59.7959481635636	0.590482266026048
59.8173094088474	0.590117759287795
59.8386622644237	0.589526086564126
59.8600067272978	0.588934413840456
59.8813427944759	0.588342741116787
59.9026704629656	0.587751068393118
59.9239897297756	0.587159395669448
59.9453005919157	0.586567722945779
59.9666030463969	0.585976050222109
59.9878970902315	0.585384377498440
60.0091827204328	0.585188740943395
60.0304599340154	0.585514981425905
60.0517287279951	0.585841221908416
60.0729890993888	0.586167462390926
60.0942410452146	0.586493702873436
60.1154845624918	0.586819943355947
60.1367196482410	0.587146183838457
60.1579462994837	0.587472424320968
60.1791645132428	0.587798664803478
60.2003742865423	0.588120363177996
60.2215756164075	0.588189261185659
60.2427684998647	0.588258159193321
60.2639529339416	0.588327057200984
60.2851289156668	0.588395955208646
60.3062964420704	0.588464853216309
60.3274555101834	0.588533751223971
60.3486061170383	0.588602649231634
60.3697482596685	0.588671547239296
60.3908819351086	0.588740445246959
60.4120071403947	0.588979093598585
60.4331238725638	0.589346622518145
60.4542321286541	0.589714151437705
60.4753319057050	0.590081680357265
60.4964232007573	0.590449209276825
60.5175060108528	0.590816738196385
60.5385803330344	0.591184267115945
60.5596461643464	0.591551796035505
60.5807035018342	0.591919324955065
60.6017523425444	0.592300199054775
60.6227926835247	0.592827998884233
60.6438245218241	0.593355798713691
60.6648478544929	0.593883598543150
60.6858626785824	0.594411398372608
60.7068689911450	0.594939198202067
60.7278667892346	0.595466998031525
60.7488560699062	0.595994797860983
60.7698368302158	0.596522597690442
60.7908090672208	0.597050397519900
60.8117727779797	0.597076788835559
60.8327279595522	0.596711812561347
60.8536746089993	0.596346836287134
60.8746127233830	0.595981860012921
60.8955422997668	0.595616883738708
60.9164633352150	0.595251907464496
60.9373758267935	0.594886931190283
60.9582797715691	0.594521954916070
60.9791751666099	0.594156978641857
61.0000620089852	0.593794985672490
61.0209402957656	0.594434707887388
61.0418100240227	0.595074430102286
61.0626711908294	0.595714152317185
61.0835237932599	0.596353874532083
61.1043678283895	0.596993596746981
61.1252032932946	0.597633318961879
61.1460301850530	0.598273041176777
61.1668485007436	0.598912763391675
61.1876582374465	0.599552485606573
61.2084593922430	0.599936199177903
61.2292519622157	0.599946487843947
61.2500359444483	0.599956776509992
61.2708113360257	0.599967065176036
61.2915781340340	0.599977353842080
61.3123363355606	0.599987642508125
61.3330859376941	0.599997931174169
61.3538269375241	0.600008219840213
61.3745593321417	0.600018508506258
61.3952831186390	0.600028797172302
61.4159982941095	0.600570356195896
61.4367048556476	0.601268520937887
61.4574028003491	0.601966685679877
61.4780921253111	0.602664850421868
61.4987728276319	0.603363015163859
61.5194449044106	0.604061179905849
61.5401083527482	0.604759344647840
61.5607631697462	0.605457509389831
61.5814093525079	0.606155674131821
61.6020468981375	0.606782013272882
61.6226758037404	0.606756143503856
61.6432960664233	0.606730273734831
61.6639076832941	0.606704403965805
61.6845106514619	0.606678534196779
61.7051049680371	0.606652664427754
61.7256906301311	0.606626794658728
61.7462676348568	0.606600924889702
61.7668359793280	0.606575055120677
61.7873956606600	0.606549185351651
61.8079466759691	0.606469564523193
61.8284890223730	0.606304706240691
61.8490226969905	0.606139847958189
61.8695476969416	0.605974989675687
61.8900640193476	0.605810131393185
61.9105716613309	0.605645273110683
61.9310706200153	0.605480414828181
61.9515608925256	0.605315556545678
61.9720424759880	0.605150698263176
61.9925153675297	0.604985839980674
62.0129795642795	0.604970047567285
62.0334350633670	0.605040195521378
62.0538818619233	0.605110343475471
62.0743199570806	0.605180491429565
62.0947493459723	0.605250639383658
62.1151700257332	0.605320787337751
62.1355819934990	0.605390935291845
62.1559852464069	0.605461083245938
62.1763797815952	0.605531231200032
62.1967655962035	0.605601379154125
62.2171426873726	0.604956064177447
62.2375110522445	0.604175787298093
62.2578706879623	0.603395510418738
62.2782215916705	0.602615233539384
62.2985637605149	0.601834956660029
62.3188971916423	0.601054679780675
62.3392218822008	0.600274402901320
62.3595378293397	0.599494126021966
62.3798450302098	0.598713849142611
62.4001434819627	0.597938024789156
62.4204331817514	0.597787526362914
62.4407141267304	0.597637027936671
62.4609863140549	0.597486529510429
62.4812497408818	0.597336031084186
62.5015044043690	0.597185532657943
62.5217503016757	0.597035034231701
62.5419874299622	0.596884535805458
62.5622157863902	0.596734037379216
62.5824353681226	0.596583538952973
62.6026461723234	0.596372502351887
62.6228481961580	0.595759714080344
62.6430414367929	0.595146925808801
62.6632258913960	0.594534137537258
62.6834015571361	0.593921349265715
62.7035684311837	0.593308560994172
62.7237265107101	0.592695772722629
62.7438757928881	0.592082984451086
62.7640162748916	0.591470196179543
62.7841479538959	0.590857407908000
62.8042708270773	0.590230749154167
62.8243848916135	0.589552618468881
62.8444901446834	0.588874487783596
62.8645865834671	0.588196357098310
62.8846742051460	0.587518226413025
62.9047530069027	0.586840095727739
62.9248229859210	0.586161965042454
62.9448841393860	0.585483834357168
62.9649364644840	0.584805703671883
62.9849799584026	0.584127572986597
63.0050146183305	0.583234136932031
63.0250404414578	0.581695947513264
63.0450574249758	0.580157758094497
63.0650655660769	0.578619568675730
63.0850648619549	0.577081379256963
63.1050553098048	0.575543189838195
63.1250369068228	0.574005000419428
63.1450096502064	0.572466811000661
63.1649735371543	0.570928621581894
63.1849285648665	0.569390432163127
63.2048747305441	0.567785312610181
63.2248120313896	0.565973307354597
63.2447404646068	0.564161302099012
63.2646600274004	0.562349296843427
63.2845707169766	0.560537291587842
63.3044725305430	0.558725286332257
63.3243654653082	0.556913281076672
63.3442495184819	0.555101275821087
63.3641246872756	0.553289270565503
63.3839909689014	0.551477265309918
63.4038483605731	0.549959634050531
63.4236968595055	0.549666314084733
63.4435364629148	0.549372994118935
63.4633671680184	0.549079674153138
63.4831889720349	0.548786354187340
63.5030018721841	0.548493034221543
63.5228058656873	0.548199714255745
63.5426009497669	0.547906394289947
63.5623871216463	0.547613074324150
63.5821643785505	0.547319754358352
63.6019327177057	0.546978900345378
63.6216921363392	0.546199488503799
63.6414426316797	0.545420076662220
63.6611842009570	0.544640664820641
63.6809168414023	0.543861252979062
63.7006405502479	0.543081841137483
63.7203553247276	0.542302429295903
63.7400611620762	0.541523017454324
63.7597580595298	0.540743605612745
63.7794460143258	0.539964193771166
63.7991250237030	0.539184781929587
63.8187950849012	0.537929001238604
63.8384561951615	0.536651048678490
63.8581083517265	0.535373096118376
63.8777515518397	0.534095143558262
63.8973857927462	0.532817190998148
63.9170110716920	0.531539238438034
63.9366273859248	0.530261285877920
63.9562347326930	0.528983333317806
63.9758331092468	0.527705380757692
63.9954225128373	0.526427428197577
64.0150029407170	0.525608748039498
64.0345743901397	0.524930162930006
64.0541368583603	0.524251577820514
64.0736903426351	0.523572992711021
64.0932348402216	0.522894407601529
64.1127703483786	0.522215822492037
64.1322968643662	0.521537237382544
64.1518143854456	0.520858652273052
64.1713229088793	0.520180067163560
64.1908224319313	0.519501482054067
64.2103129518666	0.518707637169803
64.2297944659515	0.517811245298987
64.2492669714537	0.516914853428172
64.2687304656420	0.516018461557356
64.2881849457865	0.515122069686540
64.3076304091588	0.514225677815724
64.3270668530313	0.513329285944908
64.3464942746782	0.512432894074093
64.3659126713744	0.511536502203277
64.3853220403966	0.510640110332461
64.4047223790225	0.509811378359374
64.4241136845310	0.509192896593385
64.4434959542025	0.508574414827396
64.4628691853183	0.507955933061407
64.4822333751614	0.507337451295419
64.5015885210158	0.506718969529430
64.5209346201669	0.506100487763441
64.5402716699012	0.505482005997452
64.5595996675066	0.504863524231463
64.5789186102722	0.504245042465474
64.5982284954886	0.503626560699485
64.6175293204472	0.503038645998923
64.6368210824412	0.502453819672574
64.6561037787647	0.501868993346226
64.6753774067132	0.501284167019878
64.6946419635835	0.500699340693530
64.7138974466737	0.500114514367182
64.7331438532830	0.499529688040834
64.7523811807120	0.498944861714486
64.7716094262626	0.498360035388137
64.7908285872379	0.497775209061789
64.8100386609423	0.497151705767882
64.8292396446816	0.496492875140722
64.8484315357626	0.495834044513561
64.8676143314936	0.495175213886400
64.8867880291841	0.494516383259240
64.9059526261448	0.493857552632079
64.9251081196880	0.493198722004919
64.9442545071268	0.492539891377758
64.9633917857759	0.491881060750597
64.9825199529512	0.491222230123437
65.0016390059698	0.490537022085750
65.0207489421502	0.489570564204054
65.0398497588122	0.488604106322359
65.0589414532767	0.487637648440663
65.0780240228660	0.486671190558968
65.0970974649037	0.485704732677272
65.1161617767147	0.484738274795577
65.1352169556249	0.483771816913881
65.1542629989620	0.482805359032186
65.1732999040544	0.481838901150490
65.1923276682323	0.480872443268794
65.2113462888269	0.480337824618368
65.2303557631706	0.480095144462913
65.2493560885974	0.479852464307458
65.2683472624423	0.479609784152003
65.2873292820417	0.479367103996549
65.3063021447332	0.479124423841094
65.3252658478559	0.478881743685639
65.3442203887499	0.478639063530185
65.3631657647568	0.478396383374730
65.3821019732194	0.478153703219275
65.4010290114818	0.477936665187089
65.4199468768892	0.478165528472018
65.4388555667886	0.478394391756947
65.4577550785276	0.478623255041876
65.4766454094557	0.478852118326805
65.4955265569234	0.479080981611733
65.5143985182823	0.479309844896662
65.5332612908858	0.479538708181591
65.5521148720880	0.479767571466520
65.5709592592448	0.479996434751449
65.5897944497131	0.480225298036378
65.6086204408512	0.480188358225045
65.6274372300186	0.479836816107319
65.6462448145761	0.479485273989593
65.6650431918859	0.479133731871866
65.6838323593114	0.478782189754140
65.7026123142173	0.478430647636414
65.7213830539697	0.478079105518687
65.7401445759358	0.477727563400961
65.7588968774842	0.477376021283235
65.7776399559848	0.477024479165508
65.7963738088088	0.476672937047782
65.8150984333287	0.476436224977545
65.8338138269182	0.476227084873874
65.8525199869524	0.476017944770203
65.8712169108077	0.475808804666532
65.8899045958616	0.475599664562860
65.9085830394933	0.475390524459189
65.9272522390828	0.475181384355518
65.9459121920118	0.474972244251847
65.9645628956630	0.474763104148176
65.9832043474207	0.474553964044504
66.0018365446702	0.474394528355695
66.0204594847983	0.474689539032807
66.0390731651930	0.474984549709919
66.0576775832436	0.475279560387031
66.0762727363409	0.475574571064142
66.0948586218766	0.475869581741254
66.1134352372440	0.476164592418366
66.1320025798377	0.476459603095478
66.1505606470535	0.476754613772589
66.1691094362885	0.477049624449701
66.1876489449411	0.477344635126813
66.2061791704111	0.477240573805354
66.2247001100995	0.476339036844884
66.2432117614086	0.475437499884414
66.2617141217421	0.474535962923944
66.2802071885049	0.473634425963474
66.2986909591033	0.472732889003004
66.3171654309448	0.471831352042534
66.3356306014383	0.470929815082064
66.3540864679939	0.470028278121594
66.3725330280231	0.469126741161124
66.3909702789386	0.468225204200655
66.4093982181546	0.468258868528250
66.4278168430864	0.469190839406085
66.4462261511507	0.470122810283921
66.4646261397655	0.471054781161757
66.4830168063501	0.471986752039593
66.5013981483250	0.472918722917428
66.5197701631123	0.473850693795264
66.5381328481351	0.474782664673100
66.5564862008180	0.475714635550935
66.5748302185868	0.476646606428771
66.5931648988687	0.477578577306607
66.6114902390921	0.478244281544730
66.6298062366867	0.478751634026386
66.6481128890838	0.479258986508041
66.6664101937156	0.479766338989696
66.6846981480159	0.480273691471352
66.7029767494196	0.480781043953007
66.7212459953632	0.481288396434663
66.7395058832842	0.481795748916318
66.7577564106216	0.482303101397974
66.7759975748156	0.482810453879629
66.7942293733079	0.483317806361284
66.8124518035413	0.483575384605595
66.8306648629600	0.483717237785243
66.8488685490096	0.483859090964890
66.8670628591368	0.484000944144537
66.8852477907899	0.484142797324184
66.9034233414183	0.484284650503831
66.9215895084727	0.484426503683478
66.9397462894052	0.484568356863126
66.9578936816694	0.484710210042773
66.9760316827198	0.484852063222420
66.9941602900126	0.484993916402067
67.0122795010051	0.484911383681307
67.0303893131560	0.484722168162114
67.0484897239252	0.484532952642921
67.0665807307742	0.484343737123728
67.0846623311655	0.484154521604535
67.1027345225631	0.483965306085342
67.1207973024323	0.483776090566149
67.1388506682397	0.483586875046956
67.1568946174531	0.483397659527763
67.1749291475418	0.483208444008570
67.1929542559765	0.483019228489377
67.2109699402289	0.483316995470619
67.2289761977722	0.483927458751383
67.2469730260811	0.484537922032147
67.2649604226312	0.485148385312912
67.2829383848999	0.485758848593676
67.3009069103655	0.486369311874441
67.3188659965080	0.486979775155205
67.3368156408083	0.487590238435969
67.3547558407491	0.488200701716734
67.3726865938141	0.488811164997498
67.3906078974884	0.489421628278263
67.4085197492585	0.489519713229367
67.4264221466120	0.489053104397239
67.4443150870382	0.488586495565111
67.4621985680273	0.488119886732983
67.4800725870712	0.487653277900855
67.4979371416630	0.487186669068728
67.5157922292970	0.486720060236600
67.5336378474689	0.486253451404472
67.5514739936758	0.485786842572344
67.5693006654161	0.485320233740216
67.5871178601896	0.484853624908088
67.6049255754971	0.484828586448362
67.6227238088412	0.485958107628137
67.6405125577255	0.487087628807911
67.6582918196550	0.488217149987685
67.6760615921361	0.489346671167460
67.6938218726765	0.490476192347234
67.7115726587852	0.491605713527009
67.7293139479726	0.492735234706783
67.7470457377503	0.493864755886558
67.7647680256315	0.494994277066332
67.7824808091303	0.496123798246107
67.8001840857625	0.497242270136842
67.8178778530452	0.497309453088509
67.8355621084967	0.497376636040175
67.8532368496366	0.497443818991842
67.8709020739860	0.497511001943509
67.8885577790672	0.497578184895176
67.9062039624040	0.497645367846843
67.9238406215213	0.497712550798510
67.9414677539456	0.497779733750177
67.9590853572044	0.497846916701843
67.9766934288269	0.497914099653510
67.9942919663434	0.497981282605177
68.0118809672857	0.498498044277625
68.0294604291867	0.499230741288747
68.0470303495808	0.499963438299869
68.0645907260039	0.500696135310991
68.0821415559929	0.501428832322114
68.0996828370862	0.502161529333236
68.1172145668236	0.502894226344358
68.1347367427462	0.503626923355480
68.1522493623963	0.504359620366602
68.1697524233177	0.505092317377724
68.1872459230556	0.505825014388846
68.2047298591564	0.506448261528892
68.2222042291678	0.506776456694772
68.2396690306390	0.507104651860652
68.2571242611204	0.507432847026532
68.2745699181639	0.507761042192412
68.2920059993225	0.508089237358292
68.3094325021509	0.508417432524172
68.3268494242048	0.508745627690052
68.3442567630414	0.509073822855932
68.3616545162192	0.509402018021812
68.3790426812982	0.509730213187692
68.3964212558394	0.510058408353572
68.4137902374055	0.510280009478002
68.4311496235604	0.510473955688102
68.4484994118694	0.510667901898202
68.4658395998990	0.510861848108303
68.4831701852171	0.511055794318403
68.5004911653931	0.511249740528503
68.5178025379976	0.511443686738603
68.5351043006026	0.511637632948704
68.5523964507814	0.511831579158804
68.5696789861087	0.512025525368904
68.5869519041605	0.512219471579004
68.6042152025142	0.512429570144850
68.6214688787486	0.512689654338802
68.6387129304437	0.512949738532754
68.6559473551809	0.513209822726706
68.6731721505430	0.513469906920658
68.6903873141141	0.513729991114610
68.7075928434798	0.513990075308562
68.7247887362268	0.514250159502514
68.7419749899433	0.514510243696467
68.7591516022189	0.514770327890419
68.7763185706444	0.515030412084371
68.7934758928122	0.515290496278323
68.8106235663157	0.515527474761052
68.8277615887499	0.515750267610840
68.8448899577111	0.515973060460628
68.8620086707970	0.516195853310416
68.8791177256066	0.516418646160204
68.8962171197402	0.516641439009992
68.9133068507996	0.516864231859780
68.9303869163878	0.517087024709568
68.9474573141092	0.517309817559356
68.9645180415697	0.517532610409144
68.9815690963764	0.517755403258931
68.9986104761376	0.517978196108719
69.0156421784635	0.518642272753086
69.0326642009650	0.519345538547857
69.0496765412549	0.520048804342628
69.0666791969470	0.520752070137399
69.0836721656565	0.521455335932170
69.1006554450003	0.522158601726941
69.1176290325961	0.522861867521713
69.1345929260635	0.523565133316484
69.1515471230232	0.524268399111255
69.1684916210971	0.524971664906026
69.1854264179088	0.525674930700797
69.2023515110830	0.526323333923810
69.2192668982460	0.526631819751194
69.2361725770251	0.526940305578578
69.2530685450494	0.527248791405963
69.2699547999491	0.527557277233347
69.2868313393558	0.527865763060731
69.3036981609024	0.528174248888115
69.3205552622233	0.528482734715499
69.3374026409542	0.528791220542883
69.3542402947322	0.529099706370268
69.3710682211956	0.529408192197652
69.3878864179843	0.529716678025036
69.4046948827394	0.529972973444441
69.4214936131035	0.530094647558914
69.4382826067204	0.530216321673386
69.4550618612353	0.530337995787859
69.4718313742950	0.530459669902332
69.4885911435473	0.530581344016804
69.5053411666417	0.530703018131277
69.5220814412288	0.530824692245750
69.5388119649608	0.530946366360222
69.5555327354910	0.531068040474695
69.5722437504743	0.531189714589168
69.5889450075670	0.531311388703640
69.6056365044264	0.531455857831922
69.6223182387116	0.531645022356573
69.6389902080829	0.531834186881224
69.6556524102020	0.532023351405875
69.6723048427318	0.532212515930526
69.6889475033368	0.532401680455177
69.7055803896827	0.532590844979828
69.7222034994367	0.532780009504479
69.7388168302673	0.532969174029130
69.7554203798444	0.533158338553781
69.7720141458393	0.533347503078432
69.7885981259246	0.533536667603082
69.8051723177742	0.533693221662050
69.8217367190636	0.533777910227260
69.8382913274696	0.533862598792469
69.8548361406702	0.533947287357678
69.8713711563450	0.534031975922887
69.8878963721747	0.534116664488097
69.9044117858418	0.534201353053306
69.9209173950298	0.534286041618515
69.9374131974236	0.534370730183725
69.9538991907097	0.534455418748934
69.9703753725758	0.534540107314143
69.9868417407110	0.534624795879353
70.0032982928059	0.534681461064390
70.0197450265523	0.534626362687377
70.0361819396435	0.534571264310364
70.0526090297740	0.534516165933352
70.0690262946400	0.534461067556339
70.0854337319388	0.534405969179327
70.1018313393691	0.534350870802314
70.1182191146312	0.534295772425301
70.1345970554264	0.534240674048289
70.1509651594579	0.534185575671276
70.1673234244297	0.534130477294263
70.1836718480476	0.534075378917251
70.2000104280187	0.534020337481774
70.2163391620513	0.534054430695318
70.2326580478553	0.534088523908862
70.2489670831418	0.534122617122406
70.2652662656234	0.534156710335950
70.2815555930141	0.534190803549494
70.2978350630292	0.534224896763038
70.3141046733854	0.534258989976582
70.3303644218008	0.534293083190126
70.3466143059949	0.534327176403670
70.3628543236885	0.534361269617214
70.3790844726039	0.534395362830758
70.3953047504648	0.534429456044302
70.4115151549961	0.534377332518739
70.4277156839243	0.534290065184985
70.4439063349771	0.534202797851231
70.4600871058837	0.534115530517477
70.4762579943746	0.534028263183723
70.4924189981819	0.533940995849970
70.5085701150388	0.533853728516216
70.5247113426801	0.533766461182462
70.5408426788418	0.533679193848708
70.5569641212615	0.533591926514954
70.5730756676780	0.533504659181200
70.5891773158316	0.533417391847446
70.6052690634640	0.533413995635475
70.6213509083182	0.533582818633266
70.6374228481385	0.533751641631056
70.6534848806710	0.533920464628847
70.6695370036626	0.534089287626637
70.6855792148622	0.534258110624428
70.7016115120196	0.534426933622219
70.7176338928863	0.534595756620009
70.7336463552149	0.534764579617800
70.7496488967598	0.534933402615591
70.7656415152763	0.535102225613381
70.7816242085215	0.535271048611172
70.7975969742538	0.535439871608962
70.8135598102328	0.535232285876706
70.8295127142196	0.534958014544022
70.8454556839769	0.534683743211338
70.8613887172684	0.534409471878654
70.8773118118595	0.534135200545970
70.8932249655170	0.533860929213286
70.9091281760088	0.533586657880602
70.9250214411045	0.533312386547918
70.9409047585750	0.533038115215234
70.9567781261925	0.532763843882550
70.9726415417308	0.532489572549866
70.9884950029648	0.532215301217182
71.0043385076710	0.531975499952215
71.0201720536274	0.531827079099494
71.0359956386131	0.531678658246774
71.0518092604088	0.531530237394054
71.0676129167967	0.531381816541333
71.0834066055600	0.531233395688613
71.0991903244837	0.531084974835893
71.1149640713540	0.530936553983172
71.1307278439586	0.530788133130452
71.1464816400865	0.530639712277732
71.1622254575281	0.530491291425011
71.1779592940753	0.530342870572291
71.1936831475214	0.530194449719571
71.2093970156609	0.530114937855900
71.2251008962899	0.530081733219249
71.2407947872059	0.530048528582598
71.2564786862078	0.530015323945947
71.2721525910956	0.529982119309296
71.2878164996712	0.529948914672644
71.3034704097376	0.529915710035993
71.3191143190991	0.529882505399342
71.3347482255617	0.529849300762691
71.3503721269326	0.529816096126040
71.3659860210206	0.529782891489389
71.3815899056355	0.529749686852737
71.3971837785890	0.529716482216086
71.4127676376939	0.529581116905138
71.4283414807644	0.529423224668077
71.4439053056163	0.529265332431017
71.4594591100666	0.529107440193956
71.4750028919339	0.528949547956896
71.4905366490380	0.528791655719835
71.5060603792002	0.528633763482775
71.5215740802433	0.528475871245714
71.5370777499913	0.528317979008654
71.5525713862698	0.528160086771593
71.5680549869058	0.528002194534533
71.5835285497275	0.527844302297472
71.5989920725647	0.527686410060412
71.6144455532486	0.527659794437853
71.6298889896117	0.527642335675972
71.6453223794880	0.527624876914091
71.6607457207129	0.527607418152210
71.6761590111232	0.527589959390329
71.6915622485571	0.527572500628448
71.7069554308541	0.527555041866568
71.7223385558554	0.527537583104687
71.7377116214033	0.527520124342806
71.7530746253416	0.527502665580925
71.7684275655158	0.527485206819044
71.7837704397723	0.527467748057164
71.7991032459593	0.527450289295283
71.8144259819263	0.527167207364352
71.8297386455241	0.526867618838289
71.8450412346051	0.526568030312226
71.8603337470231	0.526268441786164
71.8756161806331	0.525968853260101
71.8908885332916	0.525669264734039
71.9061508028568	0.525369676207976
71.9214029871880	0.525070087681913
71.9366450841459	0.524770499155851
71.9518770915927	0.524470910629788
71.9670990073922	0.524171322103725
71.9823108294093	0.523871733577663
71.9975125555105	0.523572145051600
72.0127041835637	0.523727782520483
72.0278857114381	0.523972522879914
72.0430571370045	0.524217263239344
72.0582184581350	0.524462003598775
72.0733696727031	0.524706743958206
72.0885107785838	0.524951484317636
72.1036417736535	0.525196224677067
72.1187626557900	0.525440965036498
72.1338734228724	0.525685705395928
72.1489740727814	0.525930445755359
72.1640646033991	0.526175186114790
72.1791450126089	0.526419926474220
72.1942152982957	0.526664666833651
72.2092754583459	0.526651377045577
72.2243254906471	0.526477218813154
72.2393653930885	0.526303060580731
72.2543951635607	0.526128902348308
72.2694147999557	0.525954744115885
72.2844243001668	0.525780585883462
72.2994236620890	0.525606427651039
72.3144128836184	0.525432269418616
72.3293919626528	0.525258111186193
72.3443608970913	0.525083952953770
72.3593196848343	0.524909794721347
72.3742683237838	0.524735636488924
72.3892068118433	0.524561478256501
72.4041351469174	0.524350991268131
72.4190533269125	0.524045714193246
72.4339613497361	0.523740437118360
72.4488592132973	0.523435160043474
72.4637469155066	0.523129882968588
72.4786244542760	0.522824605893702
72.4934918275187	0.522519328818816
72.5083490331496	0.522214051743930
72.5231960690848	0.521908774669044
72.5380329332420	0.521603497594158
72.5528596235402	0.521298220519272
72.5676761378999	0.520992943444386
72.5824824742429	0.520687666369500
72.5972786304927	0.520382389294614
72.6120646045740	0.520071309172275
72.6268403944129	0.519758920523953
72.6416059979371	0.519446531875631
72.6563614130755	0.519134143227308
72.6711066377588	0.518821754578986
72.6858416699188	0.518509365930664
72.7005665074888	0.518196977282342
72.7152811484035	0.517884588634019
72.7299855905992	0.517572199985697
72.7446798320136	0.517259811337375
72.7593638705855	0.516947422689052
72.7740377042556	0.516635034040730
72.7887013309657	0.516322645392408
72.8033547486592	0.516015488017457
72.8179979552809	0.515725943311020
72.8326309487769	0.515436398604584
72.8472537270950	0.515146853898147
72.8618662881841	0.514857309191710
72.8764686299948	0.514567764485273
72.8910607504791	0.514278219778836
72.9056426475903	0.513988675072399
72.9202143192832	0.513699130365963
72.9347757635140	0.513409585659526
72.9493269782405	0.513120040953089
72.9638679614218	0.512830496246652
72.9783987110183	0.512540951540215
72.9929192249921	0.512251406833778
73.0074295013067	0.511990562517059
73.0219295379267	0.511757061842138
73.0364193328186	0.511523561167216
73.0508988839501	0.511290060492295
73.0653681892903	0.511056559817374
73.0798272468099	0.510823059142453
73.0942760544808	0.510589558467532
73.1087146102765	0.510356057792611
73.1231429121721	0.510122557117690
73.1375609581437	0.509889056442769
73.1519687461692	0.509655555767848
73.1663662742278	0.509422055092927
73.1807535403003	0.509188554418006
73.1951305423686	0.508955053743085
73.2094972784164	0.508693676941490
73.2238537464286	0.508418012505610
73.2381999443917	0.508142348069729
73.2525358702935	0.507866683633848
73.2668615221233	0.507591019197967
73.2811768978719	0.507315354762086
73.2954819955315	0.507039690326206
73.3097768130957	0.506764025890325
73.3240613485595	0.506488361454444
73.3383355999196	0.506212697018563
73.3525995651738	0.505937032582682
73.3668532423215	0.505661368146802
73.3810966293637	0.505385703710921
73.3953297243025	0.505110039275040
73.4095525251417	0.504711901912762
73.4237650298865	0.504253908411288
73.4379672365435	0.503795914909815
73.4521591431207	0.503337921408341
73.4663407476277	0.502879927906867
73.4805120480755	0.502421934405393
73.4946730424763	0.501963940903920
73.5088237288442	0.501505947402446
73.5229641051942	0.501047953900972
73.5370941695433	0.500589960399498
73.5512139199095	0.500131966898024
73.5653233543125	0.499673973396551
73.5794224707733	0.499215979895077
73.5935112673146	0.498757986393603
73.6075897419602	0.498239422329992
73.6216578927356	0.497669093198778
73.6357157176675	0.497098764067564
73.6497632147845	0.496528434936350
73.6638003821162	0.495958105805136
73.6778272176937	0.495387776673921
73.6918437195499	0.494817447542707
73.7058498857187	0.494247118411493
73.7198457142358	0.493676789280278
73.7338312031381	0.493106460149064
73.7478063504642	0.492536131017850
73.7617711542538	0.491965801886636
73.7757256125484	0.491395472755422
73.7896697233908	0.490825143624207
73.8036034848253	0.490253671336306
73.8175268948975	0.489678923109948
73.8314399516547	0.489104174883590
73.8453426531454	0.488529426657232
73.8592349974197	0.487954678430874
73.8731169825291	0.487379930204516
73.8869886065267	0.486805181978158
73.9008498674668	0.486230433751800
73.9147007634053	0.485655685525442
73.9285412923995	0.485080937299084
73.9423714525084	0.484506189072726
73.9561912417920	0.483931440846368
73.9700006583121	0.483356692620010
73.9837997001318	0.482781944393652
73.9975883653158	0.482207196167294
74.0113666519301	0.481830035124969
74.0251345580422	0.481494780091252
74.0388920817211	0.481159525057536
74.0526392210373	0.480824270023819
74.0663759740626	0.480489014990102
74.0801023388703	0.480153759956386
74.0938183135354	0.479818504922669
74.1075238961340	0.479483249888953
74.1212190847438	0.479147994855236
74.1349038774440	0.478812739821520
74.1485782723153	0.478477484787803
74.1622422674398	0.478142229754086
74.1758958609009	0.477806974720370
74.1895390507837	0.477471719686653
74.2031718351747	0.477084291411374
74.2167942121618	0.476524856750157
74.2304061798345	0.475965422088940
74.2440077362834	0.475405987427722
74.2575988796009	0.474846552766505
74.2711796078809	0.474287118105287
74.2847499192185	0.473727683444070
74.2983098117104	0.473168248782853
74.3118592834548	0.472608814121635
74.3253983325513	0.472049379460418
74.3389269571009	0.471489944799200
74.3524451552063	0.470930510137983
74.3659529249713	0.470371075476766
74.3794502645015	0.469811640815548
74.3929371719037	0.469252206154331
74.4064136452864	0.468732264246114
74.4198796827594	0.468255795796853
74.4333352824341	0.467779327347592
74.4467804424231	0.467302858898331
74.4602151608409	0.466826390449070
74.4736394358029	0.466349921999809
74.4870532654265	0.465873453550548
74.5004566478302	0.465396985101287
74.5138495811342	0.464920516652026
74.5272320634601	0.464444048202765
74.5406040929308	0.463967579753504
74.5539656676709	0.463491111304243
74.5673167858063	0.463014642854982
74.5806574454644	0.462538174405721
74.5939876447742	0.462061705956460
74.6073073818661	0.461650455585003
74.6206166548718	0.461292844373870
74.6339154619247	0.460935233162736
74.6472038011595	0.460577621951603
74.6604816707124	0.460220010740469
74.6737490687212	0.459862399529336
74.6870059933251	0.459504788318202
74.7002524426647	0.459147177107069
74.7134884148821	0.458789565895935
74.7267139081208	0.458431954684801
74.7399289205260	0.458074343473668
74.7531334502442	0.457716732262534
74.7663274954233	0.457359121051401
74.7795110542128	0.457001509840267
74.7926841247636	0.456643898629134
74.8058467052282	0.456174914503806
74.8189987937605	0.455566626461808
74.8321403885157	0.454958338419811
74.8452714876507	0.454350050377813
74.8583920893237	0.453741762335816
74.8715021916947	0.453133474293818
74.8846017929246	0.452525186251820
74.8976908911764	0.451916898209823
74.9107694846142	0.451308610167825
74.9238375714036	0.450700322125827
74.9368951497117	0.450092034083830
74.9499422177072	0.449483746041832
74.9629787735602	0.448875457999834
74.9760048154421	0.448267169957837
74.9890203415260	0.447658881915839
75.0020253499865	0.447024182190868
75.0150198389994	0.446246358466806
75.0280038067423	0.445468534742744
75.0409772513940	0.444690711018682
75.0539401711350	0.443912887294620
75.0668925641472	0.443135063570558
75.0798344286139	0.442357239846496
75.0927657627199	0.441579416122434
75.1056865646515	0.440801592398372
75.1185968325966	0.440023768674310
75.1314965647443	0.439245944950248
75.1443857592855	0.438468121226186
75.1572644144124	0.437690297502124
75.1701325283186	0.436912473778062
75.1829900991994	0.436134650054000
75.1958371252513	0.435356826329938
75.2086736046726	0.434463625854203
75.2214995356627	0.433515073149998
75.2343149164230	0.432566520445792
75.2471197451558	0.431617967741587
75.2599140200652	0.430669415037382
75.2726977393568	0.429720862333177
75.2854709012377	0.428772309628971
75.2982335039162	0.427823756924766
75.3109855456024	0.426875204220561
75.3237270245077	0.425926651516356
75.3364579388450	0.424978098812150
75.3491782868288	0.424029546107945
75.3618880666750	0.423080993403740
75.3745872766010	0.422132440699535
75.3872759148256	0.421183887995329
75.3999539795691	0.420235335291124
75.4126214690535	NaN
75.4252783815019	NaN
75.4379247151394	NaN
75.4505604681919	NaN
75.4631856388875	NaN
75.4758002254553	NaN
75.4884042261260	NaN
