NaN	NaN
NaN	NaN
NaN	NaN
NaN	NaN
NaN	NaN
NaN	NaN
NaN	NaN
NaN	NaN
NaN	NaN
NaN	NaN
NaN	NaN
NaN	NaN
NaN	NaN
NaN	NaN
NaN	NaN
NaN	NaN
NaN	NaN
NaN	NaN
NaN	NaN
NaN	NaN
NaN	NaN
NaN	NaN
NaN	NaN
NaN	NaN
NaN	NaN
NaN	NaN
NaN	NaN
NaN	NaN
NaN	NaN
NaN	NaN
NaN	NaN
NaN	NaN
NaN	NaN
NaN	NaN
NaN	NaN
NaN	NaN
NaN	NaN
NaN	NaN
NaN	NaN
NaN	NaN
NaN	NaN
NaN	NaN
NaN	NaN
NaN	NaN
NaN	NaN
NaN	NaN
NaN	NaN
NaN	NaN
NaN	NaN
NaN	NaN
NaN	NaN
NaN	NaN
NaN	NaN
NaN	NaN
NaN	NaN
NaN	NaN
NaN	NaN
NaN	NaN
NaN	NaN
NaN	NaN
NaN	NaN
NaN	NaN
NaN	NaN
NaN	NaN
NaN	NaN
NaN	NaN
NaN	NaN
NaN	NaN
NaN	NaN
NaN	NaN
NaN	NaN
NaN	NaN
NaN	NaN
NaN	NaN
NaN	NaN
NaN	NaN
NaN	NaN
NaN	NaN
NaN	NaN
NaN	NaN
NaN	NaN
NaN	NaN
NaN	NaN
NaN	NaN
NaN	NaN
NaN	NaN
NaN	NaN
NaN	NaN
NaN	NaN
NaN	NaN
NaN	NaN
NaN	NaN
NaN	NaN
NaN	NaN
NaN	NaN
NaN	NaN
NaN	NaN
NaN	NaN
NaN	NaN
NaN	NaN
35.2024803932142	NaN
35.2304808999568	NaN
35.2584764654302	NaN
35.2864670857078	NaN
35.3144527568640	NaN
35.3424334749735	NaN
35.3704092361118	NaN
35.3983800363553	NaN
35.4263458717809	2.48968591003071e-07
35.4543067384661	2.46857070869460e-07
35.4822626324894	2.44745550735849e-07
35.5102135499297	2.42634030602238e-07
35.5381594868669	2.40522510468626e-07
35.5661004393812	2.38410990335015e-07
35.5940364035540	2.36299470201404e-07
35.6219673754669	2.31959731841956e-07
35.6498933512025	2.27015141312535e-07
35.6778143268440	2.22070550783115e-07
35.7057302984754	2.17125960253694e-07
35.7336412621813	2.12181369724274e-07
35.7615472140470	2.07236779194853e-07
35.7894481501586	2.02292188665433e-07
35.8173440666028	2.00077814862559e-07
35.8452349594670	1.99524312388683e-07
35.8731208248395	1.98970809914807e-07
35.9010016588089	1.98417307440931e-07
35.9288774574650	1.97863804967056e-07
35.9567482168980	1.97310302493180e-07
35.9846139331988	1.96756800019304e-07
36.0124746024591	1.95173731866197e-07
36.0403302207714	1.92320920206914e-07
36.0681807842287	1.89468108547631e-07
36.0960262889248	1.86615296888348e-07
36.1238667309542	1.83762485229065e-07
36.1517021064121	1.80909673569783e-07
36.1795324113946	1.78056861910500e-07
36.2073576419982	1.75756309173454e-07
36.2351777943203	1.74991899328678e-07
36.2629928644589	1.74227489483903e-07
36.2908028485129	1.73463079639127e-07
36.3186077425818	1.72698669794352e-07
36.3464075427657	1.71934259949577e-07
36.3742022451655	1.71169850104801e-07
36.4019918458830	1.69957643299269e-07
36.4297763410205	1.62946228945998e-07
36.4575557266810	1.55934814592726e-07
36.4853299989684	1.48923400239455e-07
36.5130991539870	1.41911985886184e-07
36.5408631878423	1.34900571532912e-07
36.5686220966400	1.27889157179641e-07
36.5963758764869	1.20877742826369e-07
36.6241245234904	1.23015533829043e-07
36.6518680337585	1.26527645874043e-07
36.6796064034001	1.30039757919042e-07
36.7073396285246	1.33551869964042e-07
36.7350677052424	1.37063982009042e-07
36.7627906296645	1.40576094054042e-07
36.7905083979025	1.44088206099041e-07
36.8182210060689	1.43032640964670e-07
36.8459284502769	1.39597921763636e-07
36.8736307266403	1.36163202562601e-07
36.9013278312737	1.32728483361567e-07
36.9290197602924	1.29293764160533e-07
36.9567065098125	1.25859044959499e-07
36.9843880759509	1.22424325758465e-07
37.0120644548249	1.21385014637923e-07
37.0397356425528	1.23445176853510e-07
37.0674016352537	1.25505339069097e-07
37.0950624290471	1.27565501284684e-07
37.1227180200535	1.29625663500271e-07
37.1503684043941	1.31685825715858e-07
37.1780135781907	1.33745987931445e-07
37.2056535375660	1.35008947247466e-07
37.2332882786432	1.33171902470231e-07
37.2609177975466	1.31334857692996e-07
37.2885420904008	1.29497812915760e-07
37.3161611533314	1.27660768138525e-07
37.3437749824647	1.25823723361289e-07
37.3713835739277	1.23986678584054e-07
37.3989869238481	1.22149633806818e-07
37.4265850283545	1.18678700206041e-07
37.4541778835760	1.15145509503777e-07
37.4817654856425	1.11612318801513e-07
37.5093478306849	1.08079128099249e-07
37.5369249148344	1.04545937396985e-07
37.5644967342233	1.01012746694721e-07
37.5920632849844	9.74795559924577e-08
37.6196245632515	1.00491991329113e-07
37.6471805651588	1.06151406532752e-07
37.6747312868415	1.11810821736390e-07
37.7022767244354	1.17470236940029e-07
37.7298168740772	1.23129652143667e-07
37.7573517319042	1.28789067347306e-07
37.7848812940545	1.34448482550944e-07
37.8124055566669	1.34412736307494e-07
37.8399245158810	1.27436933661120e-07
37.8674381678370	1.20461131014747e-07
37.8949465086761	1.13485328368374e-07
37.9224495345401	1.06509525722000e-07
37.9499472415714	9.95337230756271e-08
37.9774396259135	9.25579204292538e-08
38.0049266837102	8.73120135588481e-08
38.0324084111065	8.99869226810981e-08
38.0598848042479	9.26618318033481e-08
38.0873558592807	9.53367409255981e-08
38.1148215723518	9.80116500478481e-08
38.1422819396090	1.00686559170098e-07
38.1697369572010	1.03361468292348e-07
38.1971866212769	1.06036377414598e-07
38.2246309279869	1.07786009057521e-07
38.2520698734816	1.09429964514609e-07
38.2795034539127	1.11073919971697e-07
38.3069316654324	1.12717875428785e-07
38.3343545041937	1.14361830885873e-07
38.3617719663505	1.16005786342962e-07
38.3891840480574	1.17649741800050e-07
38.4165907454695	1.18942470260724e-07
38.4439920547430	1.20006246872632e-07
38.4713879720347	1.21070023484540e-07
38.4987784935022	1.22133800096448e-07
38.5261636153037	1.23197576708355e-07
38.5535433335985	1.24261353320263e-07
38.5809176445462	1.25325129932171e-07
38.6082865443076	1.25492479349245e-07
38.6356500290439	1.23595729154965e-07
38.6630080949173	1.21698978960684e-07
38.6903607380907	1.19802228766403e-07
38.7177079547278	1.17905478572122e-07
38.7450497409929	1.16008728377841e-07
38.7723860930511	1.14111978183560e-07
38.7997170070685	1.12215227989279e-07
38.8270424792116	1.09922326236083e-07
38.8543625056481	1.07625279229177e-07
38.8816770825460	1.05328232222271e-07
38.9089862060743	1.03031185215365e-07
38.9362898724028	1.00734138208459e-07
38.9635880777021	9.84370912015527e-08
38.9908808181433	9.61400441946466e-08
39.0181680898986	9.50858655853375e-08
39.0454498891406	9.46554629746841e-08
39.0727262120431	9.42250603640308e-08
39.0999970547804	9.37946577533775e-08
39.1272624135275	9.33642551427242e-08
39.1545222844604	9.29338525320709e-08
39.1817766637557	9.25034499214176e-08
39.2090255475908	9.23274651142453e-08
39.2362689321439	9.26651198378422e-08
39.2635068135940	9.30027745614390e-08
39.2907391881209	9.33404292850358e-08
39.3179660519049	9.36780840086326e-08
39.3451874011275	9.40157387322294e-08
39.3724032319707	9.43533934558262e-08
39.3996135406173	9.46910481794230e-08
39.4268183232509	9.57811544576441e-08
39.4540175760558	9.68821027632676e-08
39.4812112952173	9.79830510688911e-08
39.5083994769213	9.90839993745146e-08
39.5355821173545	1.00184947680138e-07
39.5627592127043	1.01285895985762e-07
39.5899307591590	1.02386844291385e-07
39.6170967529078	1.03678423662493e-07
39.6442571901403	1.05082265031138e-07
39.6714120670471	1.06486106399783e-07
39.6985613798198	1.07889947768428e-07
39.7257051246504	1.09293789137073e-07
39.7528432977318	1.10697630505718e-07
39.7799758952578	1.12101471874362e-07
39.8071029134230	1.11522831237864e-07
39.8342243484225	1.05355864950270e-07
39.8613401964524	9.91888986626764e-08
39.8884504537096	9.30219323750826e-08
39.9155551163918	8.68549660874888e-08
39.9426541806973	8.06879997998949e-08
39.9697476428254	7.45210335123011e-08
39.9968354989761	6.83540672247073e-08
40.0239177453501	7.19027790525882e-08
40.0509943781489	7.67368182106416e-08
40.0780653935751	8.15708573686951e-08
40.1051307878316	8.64048965267485e-08
40.1321905571224	9.12389356848020e-08
40.1592446976523	9.60729748428554e-08
40.1862932056268	1.00907014000909e-07
40.2133360772521	1.01248792309581e-07
40.2403733087353	9.69739136879574e-08
40.2674048962843	9.26990350663342e-08
40.2944308361079	8.84241564447109e-08
40.3214511244153	8.41492778230877e-08
40.3484657574170	7.98743992014644e-08
40.3754747313239	7.55995205798412e-08
40.4024780423480	7.18218424651193e-08
40.4294756867017	7.29644630193470e-08
40.4564676605986	7.41070835735746e-08
40.4834539602529	7.52497041278023e-08
40.5104345818797	7.63923246820299e-08
40.5374095216946	7.75349452362576e-08
40.5643787759144	7.86775657904852e-08
40.5913423407565	7.98201863447129e-08
40.6183002124390	8.06091459382002e-08
40.6452523871810	8.12308093769597e-08
40.6721988612024	8.18524728157192e-08
40.6991396307236	8.24741362544787e-08
40.7260746919661	8.30957996932382e-08
40.7530040411521	8.37174631319977e-08
40.7799276745047	8.43391265707572e-08
40.8068455882476	8.43096441882120e-08
40.8337577786054	8.23711016202247e-08
40.8606642418037	8.04325590522374e-08
40.8875649740685	7.84940164842500e-08
40.9144599716270	7.65554739162627e-08
40.9413492307068	7.46169313482753e-08
40.9682327475368	7.26783887802880e-08
40.9951105183463	7.07398462123006e-08
41.0219825393655	6.92771900873555e-08
41.0488488068255	6.79203721228857e-08
41.0757093169583	6.65635541584159e-08
41.1025640659963	6.52067361939460e-08
41.1294130501732	6.38499182294762e-08
41.1562562657231	6.24931002650064e-08
41.1830937088812	6.11362823005366e-08
41.2099253758835	6.04892502607047e-08
41.2367512629665	6.10510960746953e-08
41.2635713663678	6.16129418886859e-08
41.2903856823257	6.21747877026764e-08
41.3171942070795	6.27366335166670e-08
41.3439969368690	6.32984793306576e-08
41.3707938679350	6.38603251446482e-08
41.3975849965191	6.44221709586388e-08
41.4243703188637	6.33343777027255e-08
41.4511498312120	6.20831291822420e-08
41.4779235298081	6.08318806617585e-08
41.5046914108967	5.95806321412751e-08
41.5314534707236	5.83293836207916e-08
41.5582097055351	5.70781351003081e-08
41.5849601115787	5.58268865798246e-08
41.6117046851023	5.62201943050867e-08
41.6384434223550	5.87264397272666e-08
41.6651763195865	6.12326851494465e-08
41.6919033730473	6.37389305716264e-08
41.7186245789888	6.62451759938064e-08
41.7453399336632	6.87514214159863e-08
41.7720494333236	7.12576668381662e-08
41.7987530742238	7.37639122603461e-08
41.8254508526185	7.27234603432065e-08
41.8521427647631	7.15092614037241e-08
41.8788288069139	7.02950624642417e-08
41.9055089753282	6.90808635247592e-08
41.9321832662638	6.78666645852768e-08
41.9588516759796	6.66524656457943e-08
41.9855142007351	6.54382667063119e-08
42.0121708367908	6.52928128779885e-08
42.0388215804079	6.64192464190299e-08
42.0654664278486	6.75456799600714e-08
42.0921053753757	6.86721135011128e-08
42.1187384192530	6.97985470421543e-08
42.1453655557450	7.09249805831957e-08
42.1719867811172	7.20514141242372e-08
42.1986020916358	7.31778476652786e-08
42.2252114835678	7.23224548869772e-08
42.2518149531811	7.13571868260404e-08
42.2784124967445	7.03919187651036e-08
42.3050041105275	6.94266507041668e-08
42.3315897908004	6.84613826432300e-08
42.3581695338344	6.74961145822933e-08
42.3847433359017	6.65308465213565e-08
42.4113111932751	6.55135067587410e-08
42.4378731022283	6.44259399004677e-08
42.4644290590359	6.33383730421945e-08
42.4909790599732	6.22508061839212e-08
42.5175231013165	6.11632393256480e-08
42.5440611793427	6.00756724673747e-08
42.5705932903298	5.89881056091014e-08
42.5971194305566	5.79005387508282e-08
42.6236395963025	5.85128973743727e-08
42.6501537838481	5.93323748579066e-08
42.6766619894744	6.01518523414405e-08
42.7031642094636	6.09713298249744e-08
42.7296604400987	6.17908073085083e-08
42.7561506776633	6.26102847920421e-08
42.7826349184421	6.34297622755760e-08
42.8091131587205	6.49554256291592e-08
42.8355853947848	6.78265720203294e-08
42.8620516229220	7.06977184114996e-08
42.8885118394203	7.35688648026699e-08
42.9149660405684	7.64400111938401e-08
42.9414142226559	7.93111575850104e-08
42.9678563819733	8.21823039761806e-08
42.9942925148121	8.50534503673509e-08
43.0207226174642	9.24500036598551e-08
43.0471466862229	1.01092816950679e-07
43.0735647173820	1.09735630241502e-07
43.0999767072361	1.18378443532326e-07
43.1263826520810	1.27021256823149e-07
43.1527825482129	1.35664070113972e-07
43.1791763919292	1.44306883404796e-07
43.2055641795280	1.54832841454444e-07
43.2319459073082	1.72405551504445e-07
43.2583215715697	1.89978261554446e-07
43.2846911686131	2.07550971604446e-07
43.3110546947399	2.25123681654447e-07
43.3374121462526	2.42696391704447e-07
43.3637635194544	2.60269101754448e-07
43.3901088106492	2.77841811804449e-07
43.4164480161421	3.03736330651715e-07
43.4427811322389	3.34634683984715e-07
43.4691081552461	3.65533037317714e-07
43.4954290814712	3.96431390650713e-07
43.5217439072227	4.27329743983713e-07
43.5480526288096	4.58228097316712e-07
43.5743552425421	4.89126450649712e-07
43.6006517447311	5.20710050279673e-07
43.6269421316883	5.79253729470846e-07
43.6532263997264	6.37797408662018e-07
43.6795045451588	6.96341087853191e-07
43.7057765642999	7.54884767044364e-07
43.7320424534650	8.13428446235536e-07
43.7583022089700	8.71972125426709e-07
43.7845558271319	9.30515804617882e-07
43.8108033042685	1.00446633726855e-06
43.8370446366984	1.10043961195922e-06
43.8632798207411	1.19641288664989e-06
43.8895088527170	1.29238616134056e-06
43.9157317289474	1.38835943603122e-06
43.9419484457543	1.48433271072189e-06
43.9681589994608	1.58030598541256e-06
43.9943633863905	1.67627926010323e-06
44.0205616028682	1.82857277939177e-06
44.0467536452195	1.99630373091491e-06
44.0729395097708	2.16403468243806e-06
44.0991191928494	2.33176563396120e-06
44.1252926907834	2.49949658548434e-06
44.1514599999019	2.66722753700748e-06
44.1776211165347	2.83495848853062e-06
44.2037760370126	3.01390229988046e-06
44.2299247576673	3.25929200232701e-06
44.2560672748311	3.50468170477356e-06
44.2822035848376	3.75007140722011e-06
44.3083336840209	3.99546110966666e-06
44.3344575687162	4.24085081211321e-06
44.3605752352594	4.48624051455976e-06
44.3866866799874	4.73163021700631e-06
44.4127918992378	5.02215299669774e-06
44.4388908893494	5.35964297669696e-06
44.4649836466616	5.69713295669618e-06
44.4910701675147	6.03462293669539e-06
44.5171504482499	6.37211291669461e-06
44.5432244852094	6.70960289669382e-06
44.5692922747361	7.04709287669304e-06
44.5953538131739	7.38458285669226e-06
44.6214090968674	7.98803038996654e-06
44.6474581221624	8.64918899207691e-06
44.6735008854052	9.31034759418728e-06
44.6995373829432	9.97150619629765e-06
44.7255676111247	1.06326647984080e-05
44.7515915662989	1.12938234005184e-05
44.7776092448156	1.19549820026288e-05
44.8036206430257	1.26683370386426e-05
44.8296257572811	1.37044466886409e-05
44.8556245839344	1.47405563386393e-05
44.8816171193390	1.57766659886377e-05
44.9076033598494	1.68127756386360e-05
44.9335833018209	1.78488852886344e-05
44.9595569416096	1.88849949386328e-05
44.9855242755726	1.99211045886312e-05
45.0114853000679	2.11726611626533e-05
45.0374400114542	2.26957278372715e-05
45.0633884060912	2.42187945118896e-05
45.0893304803397	2.57418611865077e-05
45.1152662305609	2.72649278611258e-05
45.1411956531174	2.87879945357439e-05
45.1671187443724	3.03110612103620e-05
45.1930355006899	3.18341278849801e-05
45.2189459184351	3.42597120302811e-05
45.2448499939739	3.70170204872690e-05
45.2707477236730	3.97743289442570e-05
45.2966391039002	4.25316374012449e-05
45.3225241310240	4.52889458582329e-05
45.3484028014140	4.80462543152208e-05
45.3742751114406	5.08035627722088e-05
45.4001410574749	5.35692608069790e-05
45.4260006358891	5.78648098404959e-05
45.4518538430564	6.21603588740129e-05
45.4777006753506	6.64559079075298e-05
45.5035411291465	7.07514569410468e-05
45.5293752008200	7.50470059745637e-05
45.5552028867476	7.93425550080807e-05
45.5810241833069	8.36381040415976e-05
45.6068390868763	8.85090251649589e-05
45.6326475938351	9.49761855215365e-05
45.6584497005635	0.000101443345878114
45.6842454034427	0.000107910506234692
45.7100346988545	0.000114377666591269
45.7358175831821	0.000120844826947847
45.7615940528091	0.000127311987304424
45.7873641041202	0.000133779147661002
45.8131277335012	0.000142889132666266
45.8388849373384	0.000154542611459094
45.8646357120193	0.000166196090251921
45.8903800539323	0.000177849569044749
45.9161179594664	0.000189503047837577
45.9418494250119	0.000201156526630405
45.9675744469598	0.000212810005423233
45.9932930217019	0.000224463484216061
46.0190051456311	0.000241014682553975
46.0447108151412	0.000259294088031788
46.0704100266268	0.000277573493509601
46.0961027764834	0.000295852898987414
46.1217890611075	0.000314132304465227
46.1474688768964	0.000332411709943040
46.1731422202484	0.000350691115420853
46.1988090875627	0.000368970520898665
46.2244694752393	0.000396803328869543
46.2501233796792	0.000425101038922788
46.2757707972845	0.000453398748976033
46.3014117244577	0.000481696459029277
46.3270461576027	0.000509994169082522
46.3526740931241	0.000538291879135767
46.3782955274275	0.000566589589189012
46.4039104569192	0.000596914815357961
46.4295188780067	0.000638492099063518
46.4551207870982	0.000680069382769076
46.4807161806029	0.000721646666474633
46.5063050549309	0.000763223950180191
46.5318874064934	0.000804801233885748
46.5574632317020	0.000846378517591306
46.5830325269698	0.000887955801296863
46.6085952887105	0.000936943243044676
46.6341515133388	0.00100055680794969
46.6597011972703	0.00106417037285471
46.6852443369214	0.00112778393775973
46.7107809287097	0.00119139750266475
46.7363109690535	0.00125501106756977
46.7618344543719	0.00131862463247478
46.7873513810854	0.00138223819737980
46.8128617456149	0.00145748176073726
46.8383655443824	0.00154416113765110
46.8638627738110	0.00163084051456493
46.8893534303245	0.00171751989147877
46.9148375103477	0.00180419926839260
46.9403150103063	0.00189087864530643
46.9657859266270	0.00197755802222027
46.9912502557373	0.00206423739913410
47.0167079940657	0.00216926460783329
47.0421591380416	0.00228389909060674
47.0676036840954	0.00239853357338018
47.0930416286583	0.00251316805615363
47.1184729681625	0.00262780253892707
47.1438976990411	0.00274243702170052
47.1693158177282	0.00285707150447396
47.1947273206587	0.00297170598724741
47.2201322042685	0.00311469193448867
47.2455304649945	0.00326510224442681
47.2709220992744	0.00341551255436496
47.2963071035469	0.00356592286430310
47.3216854742516	0.00371633317424125
47.3470572078290	0.00386674348417939
47.3724223007207	0.00401715379411754
47.3977807493690	0.00416756410405568
47.4231325502172	0.00434725182457737
47.4484776997097	0.00452974794747111
47.4738161942916	0.00471224407036484
47.4991480304091	0.00489474019325858
47.5244732045093	0.00507723631615231
47.5497917130400	0.00525973243904605
47.5751035524504	0.00544222856193979
47.6004087191903	0.00562531282222385
47.6257072097104	0.00584421816809045
47.6509990204626	0.00606312351395704
47.6762841478994	0.00628202885982364
47.7015625884746	0.00650093420569023
47.7268343386426	0.00671983955155683
47.7520993948591	0.00693874489742342
47.7773577535804	0.00715765024329002
47.8026094112638	0.00737817394036374
47.8278543643678	0.00761273845222512
47.8530926093516	0.00784730296408651
47.8783241426753	0.00808186747594789
47.9035489608001	0.00831643198780927
47.9287670601881	0.00855099649967065
47.9539784373023	0.00878556101153203
47.9791830886067	0.00902012552339342
48.0043810105662	0.00926849080335220
48.0295721996466	0.00958242349173469
48.0547566523147	0.00989635618011718
48.0799343650384	0.0102102888684997
48.1051053342861	0.0105242215568822
48.1302695565277	0.0108381542452647
48.1554270282336	0.0111520869336472
48.1805777458754	0.0114660196220297
48.2057217059257	0.0117890208417441
48.2308589048576	0.0121428009789039
48.2559893391458	0.0124965811160638
48.2811130052654	0.0128503612532236
48.3062298996928	0.0132041413903835
48.3313400189052	0.0135579215275433
48.3564433593806	0.0139117016647031
48.3815399175984	0.0142654818018630
48.4066296900384	0.0146486042111718
48.4317126731818	0.0151134179749667
48.4567888635105	0.0155782317387616
48.4818582575074	0.0160430455025565
48.5069208516565	0.0165078592663514
48.5319766424425	0.0169726730301463
48.5570256263512	0.0174374867939412
48.5820677998694	0.0179023005577361
48.6071031594848	0.0183874145407873
48.6321317016861	0.0189237702811672
48.6571534229627	0.0194601260215471
48.6821683198054	0.0199964817619271
48.7071763887056	0.0205328375023070
48.7321776261558	0.0210691932426869
48.7571720286495	0.0216055489830668
48.7821595926810	0.0221419047234467
48.8071403147457	0.0227267734126839
48.8321141913399	0.0234328374482210
48.8570812189609	0.0241389014837581
48.8820413941070	0.0248449655192952
48.9069947132772	0.0255510295548323
48.9319411729719	0.0262570935903694
48.9568807696920	0.0269631576259065
48.9818134999398	0.0276692216614436
49.0067393602182	0.0284084036340092
49.0316583470312	0.0292369438243016
49.0565704568839	0.0300654840145941
49.0814756862821	0.0308940242048865
49.1063740317329	0.0317225643951789
49.1312654897439	0.0325511045854713
49.1561500568241	0.0333796447757637
49.1810277294833	0.0342081849660561
49.2058985042322	0.0350685666879435
49.2307623775827	0.0360313512246213
49.2556193460473	0.0369941357612991
49.2804694061397	0.0379569202979770
49.3053125543747	0.0389197048346548
49.3301487872678	0.0398824893713326
49.3549781013355	0.0408452739080105
49.3798004930956	0.0418080584446883
49.4046159590664	0.0428715588091090
49.4294244957674	0.0443757321322931
49.4542260997192	0.0458799054554773
49.4790207674432	0.0473840787786615
49.5038084954617	0.0488882521018457
49.5285892802982	0.0503924254250299
49.5533631184770	0.0518965987482141
49.5781300065235	0.0534007720713983
49.6028899409639	0.0549189328896560
49.6276429183256	0.0565429311773358
49.6523889351368	0.0581669294650156
49.6771279879267	0.0597909277526954
49.7018600732256	0.0614149260403752
49.7265851875646	0.0630389243280550
49.7513033274759	0.0646629226157348
49.7760144894927	0.0662869209034146
49.8007186701490	0.0679339973444387
49.8254158659800	0.0703512028424277
49.8501060735218	0.0727684083404167
49.8747892893114	0.0751856138384057
49.8994655098868	0.0776028193363947
49.9241347317872	0.0800200248343836
49.9487969515524	0.0824372303323726
49.9734521657235	0.0848544358303616
49.9981003708425	0.0872716413283506
50.0227415634522	0.0896548737221123
50.0473757400968	0.0920352686968884
50.0720028973209	0.0944156636716644
50.0966230316706	0.0967960586464405
50.1212361396928	0.0991764536212166
50.1458422179353	0.101556848595993
50.1704412629471	0.103937243570769
50.1950332712778	0.106317638545545
50.2196182394785	0.108712780836736
50.2441961641008	0.111111656156299
50.2687670416977	0.113510531475862
50.2933308688228	0.115909406795425
50.3178876420311	0.118308282114988
50.3424373578782	0.120707157434551
50.3669800129210	0.123106032754114
50.3915156037172	0.125504908073677
50.4160441268255	0.128065366344896
50.4405655788057	0.130711260142825
50.4650799562185	0.133357153940753
50.4895872556257	0.136003047738682
50.5140874735900	0.138648941536610
50.5385806066750	0.141294835334539
50.5630666514454	0.143940729132467
50.5875456044671	0.146586622930396
50.6120174623066	0.149398357962684
50.6364822215316	0.152381939078123
50.6609398787109	0.155365520193562
50.6853904304141	0.158349101309001
50.7098338732119	0.161332682424441
50.7342702036759	0.164316263539880
50.7586994183788	0.167299844655319
50.7831215138944	0.170283425770758
50.8075364867972	0.173016999588884
50.8319443336629	0.175190746070039
50.8563450510683	0.177364492551193
50.8807386355908	0.179538239032347
50.9051250838093	0.181711985513502
50.9295043923034	0.183885731994656
50.9538765576538	0.186059478475810
50.9782415764420	0.188233224956965
51.0025994452509	0.190405397439935
51.0269501606640	0.192564396833638
51.0512937192661	0.194723396227342
51.0756301176428	0.196882395621045
51.0999593523809	0.199041395014748
51.1242814200679	0.201200394408451
51.1485963172926	0.203359393802155
51.1729040406448	0.205518393195858
51.1972045867150	0.207677392589561
51.2214979520951	0.209236007964172
51.2457841333778	0.210716565832749
51.2700631271567	0.212197123701327
51.2943349300266	0.213677681569905
51.3185995385833	0.215158239438483
51.3428569494235	0.216638797307060
51.3671071591450	0.218119355175638
51.3913501643465	0.219599913044216
51.4155859616279	0.220935383030883
51.4398145475899	0.222190344562909
51.4640359188344	0.223445306094934
51.4882500719641	0.224700267626960
51.5124570035829	0.225955229158985
51.5366567102956	0.227210190691011
51.5608491887082	0.228465152223037
51.5850344354274	0.229720113755062
51.6092124470612	0.230766393800503
51.6333832202184	0.231473722433784
51.6575467515089	0.232181051067065
51.6817030375438	0.232888379700347
51.7058520749350	0.233595708333628
51.7299938602953	0.234303036966910
51.7541283902389	0.235010365600191
51.7782556613806	0.235717694233472
51.8023756703365	0.236373291612638
51.8264884137237	0.236555467750386
51.8505938881602	0.236737643888133
51.8746920902651	0.236919820025880
51.8987830166584	0.237101996163627
51.9228666639613	0.237284172301374
51.9469430287960	0.237466348439121
51.9710121077855	0.237648524576868
51.9950738975541	0.237830700714616
52.0191283947269	0.237373895454199
52.0431755959302	0.236752559294574
52.0672154977913	0.236131223134948
52.0912480969383	0.235509886975323
52.1152733900007	0.234888550815697
52.1392913736086	0.234267214656072
52.1633020443936	0.233645878496446
52.1873053989878	0.233024542336821
52.2113014340248	0.232146252981745
52.2352901461389	0.230979378583096
52.2592715319657	0.229812504184447
52.2832455881415	0.228645629785798
52.3072123113039	0.227478755387149
52.3311716980914	0.226311880988500
52.3551237451437	0.225145006589851
52.3790684491012	0.223978132191202
52.4030058066056	0.222777928162569
52.4269358142996	0.221345661425946
52.4508584688268	0.219913394689323
52.4747737668320	0.218481127952700
52.4986817049608	0.217048861216077
52.5225822798602	0.215616594479454
52.5464754881779	0.214184327742831
52.5703613265627	0.212752061006208
52.5942397916645	0.211319794269585
52.6181108801343	0.209358459739132
52.6419745886240	0.207228879600541
52.6658309137865	0.205099299461951
52.6896798522759	0.202969719323360
52.7135214007473	0.200840139184769
52.7373555558567	0.198710559046179
52.7611823142613	0.196580978907588
52.7850016726191	0.194451398768998
52.8088136275896	0.192402681675924
52.8326181758328	0.190491549650656
52.8564153140100	0.188580417625388
52.8802050387836	0.186669285600120
52.9039873468170	0.184758153574852
52.9277622347745	0.182847021549584
52.9515296993216	0.180935889524316
52.9752897371247	0.179024757499048
52.9990423448515	0.177113625473780
53.0227875191703	0.174883235964266
53.0465252567510	0.172639431493239
53.0702555542640	0.170395627022212
53.0939784083811	0.168151822551186
53.1176938157751	0.165908018080159
53.1414017731197	0.163664213609132
53.1651022770898	0.161420409138106
53.1887953243612	0.159176604667079
53.2124809116108	0.157271300940684
53.2361590355166	0.155669837071155
53.2598296927577	0.154068373201626
53.2834928800141	0.152466909332098
53.3071485939668	0.150865445462569
53.3307968312981	0.149263981593040
53.3544375886912	0.147662517723511
53.3780708628302	0.146061053853983
53.4016966504006	0.144444450881779
53.4253149480887	0.142632205694899
53.4489257525817	0.140819960508019
53.4725290605684	0.139007715321139
53.4961248687380	0.137195470134259
53.5197131737812	0.135383224947379
53.5432939723897	0.133570979760498
53.5668672612559	0.131758734573618
53.5904330370738	0.129946489386738
53.6139912965380	0.128272395748270
53.6375420363444	0.126692752282250
53.6610852531898	0.125113108816229
53.6846209437722	0.123533465350209
53.7081491047905	0.121953821884189
53.7316697329449	0.120374178418168
53.7551828249364	0.118794534952148
53.7786883774672	0.117214891486128
53.8021863872405	0.115645993797556
53.8256768509605	0.114181822968308
53.8491597653327	0.112717652139061
53.8726351270633	0.111253481309813
53.8961029328599	0.109789310480565
53.9195631794309	0.108325139651317
53.9430158634860	0.106860968822070
53.9664609817357	0.105396797992822
53.9898985308918	0.103932627163574
54.0133285076670	0.102243326257855
54.0367509087751	0.100383430095320
54.0601657309310	0.0985235339327840
54.0835729708507	0.0966636377702485
54.1069726252511	0.0948037416077131
54.1303646908503	0.0929438454451776
54.1537491643675	0.0910839492826421
54.1771260425228	0.0892240531201066
54.2004953220375	0.0873741550308642
54.2238569996340	0.0859858986401580
54.2472110720357	0.0845976422494518
54.2705575359669	0.0832093858587456
54.2938963881533	0.0818211294680394
54.3172276253213	0.0804328730773333
54.3405512441988	0.0790446166866271
54.3638672415145	0.0776563602959209
54.3871756139980	0.0762681039052147
54.4104763583804	0.0750258392942578
54.4337694713935	0.0739622581011449
54.4570549497704	0.0728986769080320
54.4803327902451	0.0718350957149191
54.5036029895528	0.0707715145218062
54.5268655444297	0.0697079333286933
54.5501204516132	0.0686443521355804
54.5733677078415	0.0675807709424675
54.5966073098542	0.0665171897493546
54.6198392543918	0.0664787614582025
54.6430635381958	0.0666156151755427
54.6662801580089	0.0667524688928829
54.6894891105748	0.0668893226102231
54.7126903926385	0.0670261763275633
54.7358840009456	0.0671630300449035
54.7590699322434	0.0672998837622437
54.7822481832797	0.0674367374795838
54.8054187508037	0.0676309919436448
54.8285816315656	0.0680132603433301
54.8517368223167	0.0683955287430153
54.8748843198093	0.0687777971427005
54.8980241207969	0.0691600655423858
54.9211562220339	0.0695423339420710
54.9442806202761	0.0699246023417562
54.9673973122800	0.0703068707414414
54.9905062948034	0.0706891391411267
55.0136075646052	0.0714609839350028
55.0367011184452	0.0725045826069625
55.0597869530846	0.0735481812789222
55.0828650652852	0.0745917799508820
55.1059354518104	0.0756353786228417
55.1289981094244	0.0766789772948014
55.1520530348925	0.0777225759667611
55.1751002249811	0.0787661746387208
55.1981396764578	0.0798097733106806
55.2211713860911	0.0812693616777437
55.2441953506506	0.0827654969235621
55.2672115669073	0.0842616321693805
55.2902200316328	0.0857577674151988
55.3132207416002	0.0872539026610172
55.3362136935835	0.0887500379068356
55.3591988843578	0.0902461731526540
55.3821763106992	0.0917423083984723
55.4051459693851	0.0932197465067075
55.4281078571939	0.0946324356475733
55.4510619709050	0.0960451247884392
55.4740083072989	0.0974578139293050
55.4969468631574	0.0988705030701709
55.5198776352632	0.100283192211037
55.5428006204000	0.101695881351903
55.5657158153529	0.103108570492768
55.5886232169079	0.104521259633634
55.6115228218520	0.106078278183260
55.6344146269734	0.107777772698279
55.6572986290615	0.109477267213298
55.6801748249067	0.111176761728317
55.7030432113004	0.112876256243336
55.7259037850352	0.114575750758356
55.7487565429048	0.116275245273375
55.7716014817040	0.117974739788394
55.7944385982287	0.119674234303413
55.8172678892757	0.121899997678184
55.8400893516433	0.124295225749463
55.8629029821304	0.126690453820742
55.8857087775375	0.129085681892022
55.9085067346659	0.131480909963301
55.9312968503179	0.133876138034581
55.9540791212973	0.136271366105860
55.9768535444086	0.138666594177140
55.9996201164577	0.141061822248419
56.0223788342513	0.143202005368856
56.0451296945974	0.145337859752752
56.0678726943052	0.147473714136649
56.0906078301847	0.149609568520546
56.1133350990473	0.151745422904442
56.1360544977053	0.153881277288339
56.1587660229722	0.156017131672235
56.1814696716626	0.158152986056132
56.2041654405922	0.160327782224079
56.2268533265777	0.162675784535135
56.2495333264371	0.165023786846192
56.2722054369893	0.167371789157248
56.2948696550546	0.169719791468305
56.3175259774540	0.172067793779361
56.3401744010100	0.174415796090418
56.3628149225459	0.176763798401474
56.3854475388863	0.179111800712530
56.4080722468569	0.181707419615502
56.4306890432844	0.184749358823223
56.4532979249967	0.187791298030943
56.4758988888227	0.190833237238664
56.4984919315926	0.193875176446384
56.5210770501375	0.196917115654105
56.5436542412898	0.199959054861826
56.5662235018829	0.203000994069546
56.5887848287513	0.206042933277267
56.6113382187307	0.208839440272520
56.6338836686579	0.211393221272478
56.6564211753706	0.213947002272436
56.6789507357080	0.216500783272393
56.7014723465100	0.219054564272351
56.7239860046180	0.221608345272309
56.7464917068743	0.224162126272266
56.7689894501223	0.226715907272224
56.7914792312066	0.229269688272181
56.8139610469728	0.232269740636132
56.8364348942678	0.235542115426712
56.8589007699395	0.238814490217292
56.8813586708369	0.242086865007872
56.9038085938102	0.245359239798452
56.9262505357107	0.248631614589033
56.9486844933907	0.251903989379613
56.9711104637038	0.255176364170193
56.9935284435045	0.258448738960773
57.0159384296488	0.261350540819159
57.0383404189933	0.264101903891256
57.0607344083962	0.266853266963353
57.0831203947165	0.269604630035451
57.1054983748146	0.272355993107548
57.1278683455516	0.275107356179646
57.1502303037902	0.277858719251743
57.1725842463940	0.280610082323841
57.1949301702277	0.283361445395938
57.2172680721571	0.286217989142673
57.2395979490492	0.289105407988472
57.2619197977722	0.291992826834272
57.2842336151953	0.294880245680071
57.3065393981888	0.297767664525870
57.3288371436243	0.300655083371670
57.3511268483743	0.303542502217469
57.3734085093127	0.306429921063268
57.3956821233142	0.309317339909068
57.4179476872549	0.311788669375092
57.4402051980119	0.314159913575988
57.4624546524635	0.316531157776884
57.4846960474890	0.318902401977779
57.5069293799691	0.321273646178675
57.5291546467852	0.323644890379571
57.5513718448204	0.326016134580466
57.5735809709583	0.328387378781362
57.5957820220842	0.330758622982258
57.6179749950841	0.333049714785563
57.6401598868454	0.335322001583925
57.6623366942565	0.337594288382286
57.6845054142070	0.339866575180647
57.7066660435877	0.342138861979008
57.7288185792903	0.344411148777370
57.7509630182079	0.346683435575731
57.7730993572346	0.348955722374092
57.7952275932655	0.351228009172453
57.8173477231973	0.353360538271835
57.8394597439273	0.355454626630526
57.8615636523542	0.357548714989217
57.8836594453778	0.359642803347908
57.9057471198991	0.361736891706599
57.9278266728202	0.363830980065290
57.9498981010442	0.365925068423981
57.9719614014756	0.368019156782672
57.9940165710199	0.370113245141363
58.0160636065835	0.371865384569107
58.0381025050745	0.373490176903590
58.0601332634016	0.375114969238074
58.0821558784750	0.376739761572558
58.1041703472059	0.378364553907041
58.1261766665065	0.379989346241525
58.1481748332905	0.381614138576008
58.1701648444723	0.383238930910492
58.1921466969679	0.384863723244976
58.2141203876941	0.386388604162512
58.2360859135691	0.387857927791175
58.2580432715119	0.389327251419838
58.2799924584430	0.390796575048502
58.3019334712839	0.392265898677165
58.3238663069573	0.393735222305829
58.3457909623868	0.395204545934492
58.3677074344976	0.396673869563156
58.3896157202156	0.398143193191819
58.4115158164682	0.399089287966152
58.4334077201836	0.399563653561247
58.4552914282915	0.400038019156342
58.4771669377226	0.400512384751437
58.4990342454086	0.400986750346531
58.5208933482826	0.401461115941626
58.5427442432786	0.401935481536721
58.5645869273321	0.402409847131816
58.5864213973794	0.402884212726910
58.6082476503582	0.403532529816931
58.6300656832071	0.404467180189318
58.6518754928662	0.405401830561704
58.6736770762763	0.406336480934090
58.6954704303798	0.407271131306477
58.7172555521200	0.408205781678863
58.7390324384415	0.409140432051250
58.7608010862898	0.410075082423636
58.7825614926119	0.411009732796023
58.8043136543556	0.411942833881446
58.8260575684702	0.412869672959266
58.8477932319060	0.413796512037086
58.8695206416143	0.414723351114906
58.8912397945479	0.415650190192726
58.9129506876604	0.416577029270546
58.9346533179068	0.417503868348366
58.9563476822432	0.418430707426186
58.9780337776269	0.419357546504006
58.9997116010162	0.420284385581826
59.0213811493707	0.420509195751224
59.0430424196511	0.420724538274133
59.0646954088194	0.420939880797043
59.0863401138385	0.421155223319952
59.1079765316727	0.421370565842861
59.1296046592873	0.421585908365771
59.1512244936490	0.421801250888680
59.1728360317253	0.422016593411589
59.1944392704852	0.422231935934499
59.2160342068986	0.422557711352874
59.2376208379368	0.422921778089769
59.2591991605722	0.423285844826663
59.2807691717782	0.423649911563558
59.3023308685295	0.424013978300453
59.3238842478020	0.424378045037348
59.3454293065727	0.424742111774243
59.3669660418198	0.425106178511137
59.3884944505227	0.425470245248032
59.4100145296618	0.425783831445620
59.4315262762189	0.426039432398738
59.4530296871768	0.426295033351855
59.4745247595195	0.426550634304973
59.4960114902323	0.426806235258091
59.5174898763015	0.427061836211209
59.5389599147147	0.427317437164326
59.5604216024605	0.427573038117444
59.5818749365288	0.427828639070562
59.6033199139107	0.428074283423909
59.6247565315985	0.428265580133038
59.6461847865854	0.428456876842167
59.6676046758662	0.428648173551297
59.6890161964364	0.428839470260426
59.7104193452931	0.429030766969555
59.7318141194343	0.429222063678685
59.7532005158593	0.429413360387814
59.7745785315685	0.429604657096943
59.7959481635636	0.429795953806073
59.8173094088474	0.429440864031135
59.8386622644237	0.428957899484900
59.8600067272978	0.428474934938665
59.8813427944759	0.427991970392431
59.9026704629656	0.427509005846196
59.9239897297756	0.427026041299961
59.9453005919157	0.426543076753726
59.9666030463969	0.426060112207491
59.9878970902315	0.425577147661256
60.0091827204328	0.425529959255916
60.0304599340154	0.426057015274357
60.0517287279951	0.426584071292797
60.0729890993888	0.427111127311237
60.0942410452146	0.427638183329677
60.1154845624918	0.428165239348118
60.1367196482410	0.428692295366558
60.1579462994837	0.429219351384998
60.1791645132428	0.429746407403438
60.2003742865423	0.430269252540998
60.2215756164075	0.430557732438167
60.2427684998647	0.430846212335336
60.2639529339416	0.431134692232506
60.2851289156668	0.431423172129675
60.3062964420704	0.431711652026844
60.3274555101834	0.432000131924014
60.3486061170383	0.432288611821183
60.3697482596685	0.432577091718352
60.3908819351086	0.432865571615522
60.4120071403947	0.433147126250381
60.4331238725638	0.433423422976957
60.4542321286541	0.433699719703532
60.4753319057050	0.433976016430108
60.4964232007573	0.434252313156684
60.5175060108528	0.434528609883260
60.5385803330344	0.434804906609835
60.5596461643464	0.435081203336411
60.5807035018342	0.435357500062987
60.6017523425444	0.435654870432286
60.6227926835247	0.436184254180250
60.6438245218241	0.436713637928215
60.6648478544929	0.437243021676180
60.6858626785824	0.437772405424145
60.7068689911450	0.438301789172110
60.7278667892346	0.438831172920075
60.7488560699062	0.439360556668040
60.7698368302158	0.439889940416005
60.7908090672208	0.440419324163969
60.8117727779797	0.440702663722551
60.8327279595522	0.440793956838460
60.8536746089993	0.440885249954369
60.8746127233830	0.440976543070278
60.8955422997668	0.441067836186187
60.9164633352150	0.441159129302096
60.9373758267935	0.441250422418006
60.9582797715691	0.441341715533915
60.9791751666099	0.441433008649824
61.0000620089852	0.441526658478685
61.0209402957656	0.442411630438898
61.0418100240227	0.443296602399112
61.0626711908294	0.444181574359326
61.0835237932599	0.445066546319539
61.1043678283895	0.445951518279753
61.1252032932946	0.446836490239967
61.1460301850530	0.447721462200180
61.1668485007436	0.448606434160394
61.1876582374465	0.449491406120608
61.2084593922430	0.450160517707192
61.2292519622157	0.450514766332691
61.2500359444483	0.450869014958190
61.2708113360257	0.451223263583689
61.2915781340340	0.451577512209188
61.3123363355606	0.451931760834686
61.3330859376941	0.452286009460185
61.3538269375241	0.452640258085684
61.3745593321417	0.452994506711183
61.3952831186390	0.453348755336682
61.4159982941095	0.453952465912513
61.4367048556476	0.454629711868945
61.4574028003491	0.455306957825376
61.4780921253111	0.455984203781808
61.4987728276319	0.456661449738239
61.5194449044106	0.457338695694671
61.5401083527482	0.458015941651103
61.5607631697462	0.458693187607534
61.5814093525079	0.459370433563966
61.6020468981375	0.459983004051043
61.6226758037404	0.460008292053445
61.6432960664233	0.460033580055847
61.6639076832941	0.460058868058250
61.6845106514619	0.460084156060652
61.7051049680371	0.460109444063055
61.7256906301311	0.460134732065457
61.7462676348568	0.460160020067859
61.7668359793280	0.460185308070262
61.7873956606600	0.460210596072664
61.8079466759691	0.460320850511530
61.8284890223730	0.460565843182533
61.8490226969905	0.460810835853536
61.8695476969416	0.461055828524539
61.8900640193476	0.461300821195542
61.9105716613309	0.461545813866545
61.9310706200153	0.461790806537547
61.9515608925256	0.462035799208550
61.9720424759880	0.462280791879553
61.9925153675297	0.462525784550556
62.0129795642795	0.462780065914898
62.0334350633670	0.463039702453591
62.0538818619233	0.463299338992285
62.0743199570806	0.463558975530978
62.0947493459723	0.463818612069672
62.1151700257332	0.464078248608365
62.1355819934990	0.464337885147059
62.1559852464069	0.464597521685752
62.1763797815952	0.464857158224446
62.1967655962035	0.465116794763139
62.2171426873726	0.464752131454296
62.2375110522445	0.464269702861410
62.2578706879623	0.463787274268525
62.2782215916705	0.463304845675639
62.2985637605149	0.462822417082753
62.3188971916423	0.462339988489867
62.3392218822008	0.461857559896981
62.3595378293397	0.461375131304095
62.3798450302098	0.460892702711209
62.4001434819627	0.460412660637961
62.4204331817514	0.460267788452336
62.4407141267304	0.460122916266711
62.4609863140549	0.459978044081085
62.4812497408818	0.459833171895460
62.5015044043690	0.459688299709835
62.5217503016757	0.459543427524210
62.5419874299622	0.459398555338585
62.5622157863902	0.459253683152959
62.5824353681226	0.459108810967334
62.6026461723234	0.458924485481596
62.6228481961580	0.458478334639108
62.6430414367929	0.458032183796621
62.6632258913960	0.457586032954133
62.6834015571361	0.457139882111645
62.7035684311837	0.456693731269157
62.7237265107101	0.456247580426670
62.7438757928881	0.455801429584182
62.7640162748916	0.455355278741694
62.7841479538959	0.454909127899207
62.8042708270773	0.454490035798071
62.8243848916135	0.454171355899693
62.8444901446834	0.453852676001316
62.8645865834671	0.453533996102939
62.8846742051460	0.453215316204562
62.9047530069027	0.452896636306184
62.9248229859210	0.452577956407807
62.9448841393860	0.452259276509430
62.9649364644840	0.451940596611052
62.9849799584026	0.451621916712675
63.0050146183305	0.451107234913668
63.0250404414578	0.450005605909195
63.0450574249758	0.448903976904723
63.0650655660769	0.447802347900250
63.0850648619549	0.446700718895778
63.1050553098048	0.445599089891305
63.1250369068228	0.444497460886833
63.1450096502064	0.443395831882360
63.1649735371543	0.442294202877888
63.1849285648665	0.441192573873415
63.2048747305441	0.440010405326912
63.2248120313896	0.438579283450971
63.2447404646068	0.437148161575031
63.2646600274004	0.435717039699090
63.2845707169766	0.434285917823149
63.3044725305430	0.432854795947209
63.3243654653082	0.431423674071268
63.3442495184819	0.429992552195327
63.3641246872756	0.428561430319387
63.3839909689014	0.427130308443446
63.4038483605731	0.425912394781864
63.4236968595055	0.425581221213146
63.4435364629148	0.425250047644428
63.4633671680184	0.424918874075710
63.4831889720349	0.424587700506992
63.5030018721841	0.424256526938275
63.5228058656873	0.423925353369557
63.5426009497669	0.423594179800839
63.5623871216463	0.423263006232121
63.5821643785505	0.422931832663403
63.6019327177057	0.422560839900214
63.6216921363392	0.421822467953015
63.6414426316797	0.421084096005817
63.6611842009570	0.420345724058618
63.6809168414023	0.419607352111420
63.7006405502479	0.418868980164221
63.7203553247276	0.418130608217023
63.7400611620762	0.417392236269824
63.7597580595298	0.416653864322626
63.7794460143258	0.415915492375427
63.7991250237030	0.415177120428229
63.8187950849012	0.414213011574754
63.8384561951615	0.413238396137673
63.8581083517265	0.412263780700592
63.8777515518397	0.411289165263511
63.8973857927462	0.410314549826429
63.9170110716920	0.409339934389348
63.9366273859248	0.408365318952267
63.9562347326930	0.407390703515186
63.9758331092468	0.406416088078104
63.9954225128373	0.405441472641023
64.0150029407170	0.404934402387210
64.0345743901397	0.404569950685865
64.0541368583603	0.404205498984520
64.0736903426351	0.403841047283175
64.0932348402216	0.403476595581830
64.1127703483786	0.403112143880485
64.1322968643662	0.402747692179140
64.1518143854456	0.402383240477795
64.1713229088793	0.402018788776450
64.1908224319313	0.401654337075105
64.2103129518666	0.401146695510809
64.2297944659515	0.400511657472075
64.2492669714537	0.399876619433342
64.2687304656420	0.399241581394609
64.2881849457865	0.398606543355875
64.3076304091588	0.397971505317142
64.3270668530313	0.397336467278408
64.3464942746782	0.396701429239675
64.3659126713744	0.396066391200941
64.3853220403966	0.395431353162208
64.4047223790225	0.394767448926365
64.4241136845310	0.394013844230956
64.4434959542025	0.393260239535547
64.4628691853183	0.392506634840138
64.4822333751614	0.391753030144729
64.5015885210158	0.390999425449320
64.5209346201669	0.390245820753910
64.5402716699012	0.389492216058501
64.5595996675066	0.388738611363092
64.5789186102722	0.387985006667683
64.5982284954886	0.387231401972274
64.6175293204472	0.386599637354706
64.6368210824412	0.385980182972007
64.6561037787647	0.385360728589308
64.6753774067132	0.384741274206610
64.6946419635835	0.384121819823911
64.7138974466737	0.383502365441212
64.7331438532830	0.382882911058514
64.7523811807120	0.382263456675815
64.7716094262626	0.381644002293116
64.7908285872379	0.381024547910417
64.8100386609423	0.380396322297711
64.8292396446816	0.379760085090893
64.8484315357626	0.379123847884076
64.8676143314936	0.378487610677258
64.8867880291841	0.377851373470441
64.9059526261448	0.377215136263623
64.9251081196880	0.376578899056806
64.9442545071268	0.375942661849988
64.9633917857759	0.375306424643171
64.9825199529512	0.374670187436353
65.0016390059698	0.374019839696511
65.0207489421502	0.373219038021547
65.0398497588122	0.372418236346583
65.0589414532767	0.371617434671619
65.0780240228660	0.370816632996655
65.0970974649037	0.370015831321691
65.1161617767147	0.369215029646727
65.1352169556249	0.368414227971763
65.1542629989620	0.367613426296799
65.1732999040544	0.366812624621835
65.1923276682323	0.366011822946870
65.2113462888269	0.365550565359741
65.2303557631706	0.365318851507414
65.2493560885974	0.365087137655087
65.2683472624423	0.364855423802759
65.2873292820417	0.364623709950432
65.3063021447332	0.364391996098104
65.3252658478559	0.364160282245777
65.3442203887499	0.363928568393450
65.3631657647568	0.363696854541122
65.3821019732194	0.363465140688795
65.4010290114818	0.363238591380921
65.4199468768892	0.363101850438364
65.4388555667886	0.362965109495808
65.4577550785276	0.362828368553252
65.4766454094557	0.362691627610695
65.4955265569234	0.362554886668139
65.5143985182823	0.362418145725583
65.5332612908858	0.362281404783026
65.5521148720880	0.362144663840470
65.5709592592448	0.362007922897913
65.5897944497131	0.361871181955357
65.6086204408512	0.361581689689756
65.6274372300186	0.361111402244526
65.6462448145761	0.360641114799296
65.6650431918859	0.360170827354067
65.6838323593114	0.359700539908837
65.7026123142173	0.359230252463607
65.7213830539697	0.358759965018377
65.7401445759358	0.358289677573147
65.7588968774842	0.357819390127917
65.7776399559848	0.357349102682688
65.7963738088088	0.356878815237458
65.8150984333287	0.356402753402968
65.8338138269182	0.355925305073644
65.8525199869524	0.355447856744320
65.8712169108077	0.354970408414996
65.8899045958616	0.354492960085673
65.9085830394933	0.354015511756349
65.9272522390828	0.353538063427025
65.9459121920118	0.353060615097701
65.9645628956630	0.352583166768378
65.9832043474207	0.352105718439054
66.0018365446702	0.351680803395785
66.0204594847983	0.351736199025194
66.0390731651930	0.351791594654602
66.0576775832436	0.351846990284011
66.0762727363409	0.351902385913420
66.0948586218766	0.351957781542828
66.1134352372440	0.352013177172237
66.1320025798377	0.352068572801645
66.1505606470535	0.352123968431054
66.1691094362885	0.352179364060463
66.1876489449411	0.352234759689871
66.2061791704111	0.351965584034595
66.2247001100995	0.351047809395711
66.2432117614086	0.350130034756828
66.2617141217421	0.349212260117945
66.2802071885049	0.348294485479062
66.2986909591033	0.347376710840178
66.3171654309448	0.346458936201295
66.3356306014383	0.345541161562412
66.3540864679939	0.344623386923528
66.3725330280231	0.343705612284645
66.3909702789386	0.342787837645762
66.4093982181546	0.342577183802579
66.4278168430864	0.343045754048044
66.4462261511507	0.343514324293509
66.4646261397655	0.343982894538974
66.4830168063501	0.344451464784439
66.5013981483250	0.344920035029904
66.5197701631123	0.345388605275369
66.5381328481351	0.345857175520834
66.5564862008180	0.346325745766299
66.5748302185868	0.346794316011764
66.5931648988687	0.347262886257229
66.6114902390921	0.347453017811256
66.6298062366867	0.347477558753160
66.6481128890838	0.347502099695064
66.6664101937156	0.347526640636968
66.6846981480159	0.347551181578871
66.7029767494196	0.347575722520775
66.7212459953632	0.347600263462679
66.7395058832842	0.347624804404583
66.7577564106216	0.347649345346487
66.7759975748156	0.347673886288391
66.7942293733079	0.347698427230295
66.8124518035413	0.347397723545890
66.8306648629600	0.346946327957422
66.8488685490096	0.346494932368954
66.8670628591368	0.346043536780486
66.8852477907899	0.345592141192018
66.9034233414183	0.345140745603550
66.9215895084727	0.344689350015083
66.9397462894052	0.344237954426615
66.9578936816694	0.343786558838147
66.9760316827198	0.343335163249679
66.9941602900126	0.342883767661211
67.0122795010051	0.342449943525968
67.0303893131560	0.342024473622425
67.0484897239252	0.341599003718883
67.0665807307742	0.341173533815340
67.0846623311655	0.340748063911798
67.1027345225631	0.340322594008255
67.1207973024323	0.339897124104713
67.1388506682397	0.339471654201170
67.1568946174531	0.339046184297628
67.1749291475418	0.338620714394085
67.1929542559765	0.338195244490543
67.2109699402289	0.338150953610446
67.2289761977722	0.338351421566614
67.2469730260811	0.338551889522782
67.2649604226312	0.338752357478950
67.2829383848999	0.338952825435118
67.3009069103655	0.339153293391286
67.3188659965080	0.339353761347454
67.3368156408083	0.339554229303622
67.3547558407491	0.339754697259790
67.3726865938141	0.339955165215959
67.3906078974884	0.340155633172127
67.4085197492585	0.340043495781211
67.4264221466120	0.339586835045171
67.4443150870382	0.339130174309132
67.4621985680273	0.338673513573092
67.4800725870712	0.338216852837053
67.4979371416630	0.337760192101013
67.5157922292970	0.337303531364974
67.5336378474689	0.336846870628934
67.5514739936758	0.336390209892895
67.5693006654161	0.335933549156855
67.5871178601896	0.335476888420816
67.6049255754971	0.335263430683597
67.6227238088412	0.335685867889048
67.6405125577255	0.336108305094500
67.6582918196550	0.336530742299951
67.6760615921361	0.336953179505403
67.6938218726765	0.337375616710854
67.7115726587852	0.337798053916306
67.7293139479726	0.338220491121757
67.7470457377503	0.338642928327209
67.7647680256315	0.339065365532660
67.7824808091303	0.339487802738112
67.8001840857625	0.339902526332403
67.8178778530452	0.339583335367646
67.8355621084967	0.339264144402890
67.8532368496366	0.338944953438133
67.8709020739860	0.338625762473376
67.8885577790672	0.338306571508620
67.9062039624040	0.337987380543863
67.9238406215213	0.337668189579107
67.9414677539456	0.337348998614350
67.9590853572044	0.337029807649593
67.9766934288269	0.336710616684837
67.9942919663434	0.336391425720080
68.0118809672857	0.336319093638812
68.0294604291867	0.336365329350339
68.0470303495808	0.336411565061866
68.0645907260039	0.336457800773393
68.0821415559929	0.336504036484920
68.0996828370862	0.336550272196448
68.1172145668236	0.336596507907975
68.1347367427462	0.336642743619502
68.1522493623963	0.336688979331029
68.1697524233177	0.336735215042556
68.1872459230556	0.336781450754083
68.2047298591564	0.336775488619567
68.2222042291678	0.336628812956833
68.2396690306390	0.336482137294099
68.2571242611204	0.336335461631365
68.2745699181639	0.336188785968630
68.2920059993225	0.336042110305896
68.3094325021509	0.335895434643162
68.3268494242048	0.335748758980428
68.3442567630414	0.335602083317693
68.3616545162192	0.335455407654959
68.3790426812982	0.335308731992225
68.3964212558394	0.335162056329490
68.4137902374055	0.335055476152158
68.4311496235604	0.334959298406319
68.4484994118694	0.334863120660479
68.4658395998990	0.334766942914640
68.4831701852171	0.334670765168800
68.5004911653931	0.334574587422961
68.5178025379976	0.334478409677122
68.5351043006026	0.334382231931282
68.5523964507814	0.334286054185443
68.5696789861087	0.334189876439604
68.5869519041605	0.334093698693764
68.6042152025142	0.333996939423231
68.6214688787486	0.333898380546650
68.6387129304437	0.333799821670068
68.6559473551809	0.333701262793487
68.6731721505430	0.333602703916905
68.6903873141141	0.333504145040324
68.7075928434798	0.333405586163742
68.7247887362268	0.333307027287161
68.7419749899433	0.333208468410579
68.7591516022189	0.333109909533998
68.7763185706444	0.333011350657417
68.7934758928122	0.332912791780835
68.8106235663157	0.332770693872678
68.8277615887499	0.332601865399314
68.8448899577111	0.332433036925950
68.8620086707970	0.332264208452586
68.8791177256066	0.332095379979221
68.8962171197402	0.331926551505857
68.9133068507996	0.331757723032493
68.9303869163878	0.331588894559129
68.9474573141092	0.331420066085765
68.9645180415697	0.331251237612401
68.9815690963764	0.331082409139036
68.9986104761376	0.330913580665672
69.0156421784635	0.330957665150780
69.0326642009650	0.331020657826162
69.0496765412549	0.331083650501544
69.0666791969470	0.331146643176925
69.0836721656565	0.331209635852307
69.1006554450003	0.331272628527689
69.1176290325961	0.331335621203071
69.1345929260635	0.331398613878452
69.1515471230232	0.331461606553834
69.1684916210971	0.331524599229216
69.1854264179088	0.331587591904598
69.2023515110830	0.331605197359635
69.2192668982460	0.331341592779492
69.2361725770251	0.331077988199348
69.2530685450494	0.330814383619205
69.2699547999491	0.330550779039061
69.2868313393558	0.330287174458918
69.3036981609024	0.330023569878774
69.3205552622233	0.329759965298631
69.3374026409542	0.329496360718487
69.3542402947322	0.329232756138344
69.3710682211956	0.328969151558200
69.3878864179843	0.328705546978057
69.4046948827394	0.328452927082247
69.4214936131035	0.328228641368838
69.4382826067204	0.328004355655429
69.4550618612353	0.327780069942020
69.4718313742950	0.327555784228611
69.4885911435473	0.327331498515202
69.5053411666417	0.327107212801793
69.5220814412288	0.326882927088384
69.5388119649608	0.326658641374975
69.5555327354910	0.326434355661566
69.5722437504743	0.326210069948157
69.5889450075670	0.325985784234748
69.6056365044264	0.325777764093667
69.6223182387116	0.325601636725648
69.6389902080829	0.325425509357629
69.6556524102020	0.325249381989610
69.6723048427318	0.325073254621591
69.6889475033368	0.324897127253572
69.7055803896827	0.324720999885554
69.7222034994367	0.324544872517535
69.7388168302673	0.324368745149516
69.7554203798444	0.324192617781497
69.7720141458393	0.324016490413478
69.7885981259246	0.323840363045459
69.8051723177742	0.323676005823787
69.8217367190636	0.323537587127098
69.8382913274696	0.323399168430410
69.8548361406702	0.323260749733721
69.8713711563450	0.323122331037033
69.8878963721747	0.322983912340344
69.9044117858418	0.322845493643656
69.9209173950298	0.322707074946967
69.9374131974236	0.322568656250279
69.9538991907097	0.322430237553590
69.9703753725758	0.322291818856901
69.9868417407110	0.322153400160213
70.0032982928059	0.321989992385715
70.0197450265523	0.321726922531514
70.0361819396435	0.321463852677312
70.0526090297740	0.321200782823111
70.0690262946400	0.320937712968909
70.0854337319388	0.320674643114708
70.1018313393691	0.320411573260507
70.1182191146312	0.320148503406305
70.1345970554264	0.319885433552104
70.1509651594579	0.319622363697903
70.1673234244297	0.319359293843701
70.1836718480476	0.319096223989500
70.2000104280187	0.318833117652040
70.2163391620513	0.318512901466739
70.2326580478553	0.318192685281438
70.2489670831418	0.317872469096137
70.2652662656234	0.317552252910836
70.2815555930141	0.317232036725535
70.2978350630292	0.316911820540235
70.3141046733854	0.316591604354934
70.3303644218008	0.316271388169633
70.3466143059949	0.315951171984332
70.3628543236885	0.315630955799031
70.3790844726039	0.315310739613730
70.3953047504648	0.314990523428429
70.4115151549961	0.314598279416686
70.4277156839243	0.314176675304535
70.4439063349771	0.313755071192385
70.4600871058837	0.313333467080235
70.4762579943746	0.312911862968085
70.4924189981819	0.312490258855935
70.5085701150388	0.312068654743785
70.5247113426801	0.311647050631634
70.5408426788418	0.311225446519484
70.5569641212615	0.310803842407334
70.5730756676780	0.310382238295184
70.5891773158316	0.309960634183034
70.6052690634640	0.309602018477484
70.6213509083182	0.309372741850492
70.6374228481385	0.309143465223499
70.6534848806710	0.308914188596506
70.6695370036626	0.308684911969514
70.6855792148622	0.308455635342521
70.7016115120196	0.308226358715528
70.7176338928863	0.307997082088535
70.7336463552149	0.307767805461543
70.7496488967598	0.307538528834550
70.7656415152763	0.307309252207557
70.7816242085215	0.307079975580564
70.7975969742538	0.306850698953572
70.8135598102328	0.306449152327255
70.8295127142196	0.306017085876546
70.8454556839769	0.305585019425837
70.8613887172684	0.305152952975128
70.8773118118595	0.304720886524419
70.8932249655170	0.304288820073710
70.9091281760088	0.303856753623001
70.9250214411045	0.303424687172292
70.9409047585750	0.302992620721583
70.9567781261925	0.302560554270874
70.9726415417308	0.302128487820166
70.9884950029648	0.301696421369457
71.0043385076710	0.301333898807299
71.0201720536274	0.301155737623753
71.0359956386131	0.300977576440208
71.0518092604088	0.300799415256663
71.0676129167967	0.300621254073117
71.0834066055600	0.300443092889572
71.0991903244837	0.300264931706027
71.1149640713540	0.300086770522481
71.1307278439586	0.299908609338936
71.1464816400865	0.299730448155391
71.1622254575281	0.299552286971846
71.1779592940753	0.299374125788300
71.1936831475214	0.299195964604755
71.2093970156609	0.299021887566004
71.2251008962899	0.298850555095454
71.2407947872059	0.298679222624904
71.2564786862078	0.298507890154355
71.2721525910956	0.298336557683805
71.2878164996712	0.298165225213255
71.3034704097376	0.297993892742706
71.3191143190991	0.297822560272156
71.3347482255617	0.297651227801606
71.3503721269326	0.297479895331057
71.3659860210206	0.297308562860507
71.3815899056355	0.297137230389957
71.3971837785890	0.296965897919408
71.4127676376939	0.296648607671682
71.4283414807644	0.296299133023408
71.4439053056163	0.295949658375133
71.4594591100666	0.295600183726859
71.4750028919339	0.295250709078584
71.4905366490380	0.294901234430310
71.5060603792002	0.294551759782035
71.5215740802433	0.294202285133761
71.5370777499913	0.293852810485486
71.5525713862698	0.293503335837212
71.5680549869058	0.293153861188938
71.5835285497275	0.292804386540663
71.5989920725647	0.292454911892389
71.6144455532486	0.292111024068521
71.6298889896117	0.291767525939139
71.6453223794880	0.291424027809757
71.6607457207129	0.291080529680375
71.6761590111232	0.290737031550993
71.6915622485571	0.290393533421611
71.7069554308541	0.290050035292229
71.7223385558554	0.289706537162847
71.7377116214033	0.289363039033465
71.7530746253416	0.289019540904083
71.7684275655158	0.288676042774701
71.7837704397723	0.288332544645319
71.7991032459593	0.287989046515937
71.8144259819263	0.287580765894355
71.8297386455241	0.287168459500571
71.8450412346051	0.286756153106787
71.8603337470231	0.286343846713003
71.8756161806331	0.285931540319219
71.8908885332916	0.285519233925435
71.9061508028568	0.285106927531650
71.9214029871880	0.284694621137866
71.9366450841459	0.284282314744082
71.9518770915927	0.283870008350298
71.9670990073922	0.283457701956514
71.9823108294093	0.283045395562730
71.9975125555105	0.282633089168945
72.0127041835637	0.282517912723247
72.0278857114381	0.282460894505630
72.0430571370045	0.282403876288014
72.0582184581350	0.282346858070397
72.0733696727031	0.282289839852781
72.0885107785838	0.282232821635164
72.1036417736535	0.282175803417548
72.1187626557900	0.282118785199931
72.1338734228724	0.282061766982314
72.1489740727814	0.282004748764698
72.1640646033991	0.281947730547081
72.1791450126089	0.281890712329465
72.1942152982957	0.281833694111848
72.2092754583459	0.281623995493839
72.2243254906471	0.281319108547136
72.2393653930885	0.281014221600432
72.2543951635607	0.280709334653728
72.2694147999557	0.280404447707024
72.2844243001668	0.280099560760321
72.2994236620890	0.279794673813617
72.3144128836184	0.279489786866913
72.3293919626528	0.279184899920210
72.3443608970913	0.278880012973506
72.3593196848343	0.278575126026802
72.3742683237838	0.278270239080098
72.3892068118433	0.277965352133395
72.4041351469174	0.277683325666127
72.4190533269125	0.277460947451795
72.4339613497361	0.277238569237463
72.4488592132973	0.277016191023131
72.4637469155066	0.276793812808799
72.4786244542760	0.276571434594467
72.4934918275187	0.276349056380135
72.5083490331496	0.276126678165803
72.5231960690848	0.275904299951471
72.5380329332420	0.275681921737139
72.5528596235402	0.275459543522807
72.5676761378999	0.275237165308475
72.5824824742429	0.275014787094143
72.5972786304927	0.274792408879811
72.6120646045740	0.274555457316715
72.6268403944129	0.274315219617208
72.6416059979371	0.274074981917702
72.6563614130755	0.273834744218195
72.6711066377588	0.273594506518688
72.6858416699188	0.273354268819182
72.7005665074888	0.273114031119675
72.7152811484035	0.272873793420169
72.7299855905992	0.272633555720662
72.7446798320136	0.272393318021155
72.7593638705855	0.272153080321649
72.7740377042556	0.271912842622142
72.7887013309657	0.271672604922636
72.8033547486592	0.271382210021687
72.8179979552809	0.270922945688808
72.8326309487769	0.270463681355929
72.8472537270950	0.270004417023051
72.8618662881841	0.269545152690172
72.8764686299948	0.269085888357293
72.8910607504791	0.268626624024414
72.9056426475903	0.268167359691535
72.9202143192832	0.267708095358657
72.9347757635140	0.267248831025778
72.9493269782405	0.266789566692899
72.9638679614218	0.266330302360020
72.9783987110183	0.265871038027142
72.9929192249921	0.265411773694263
73.0074295013067	0.265021304997866
73.0219295379267	0.264696379775261
73.0364193328186	0.264371454552656
73.0508988839501	0.264046529330051
73.0653681892903	0.263721604107446
73.0798272468099	0.263396678884841
73.0942760544808	0.263071753662236
73.1087146102765	0.262746828439631
73.1231429121721	0.262421903217026
73.1375609581437	0.262096977994421
73.1519687461692	0.261772052771816
73.1663662742278	0.261447127549211
73.1807535403003	0.261122202326606
73.1951305423686	0.260797277104001
73.2094972784164	0.260484866100072
73.2238537464286	0.260178869135724
73.2381999443917	0.259872872171377
73.2525358702935	0.259566875207029
73.2668615221233	0.259260878242681
73.2811768978719	0.258954881278333
73.2954819955315	0.258648884313985
73.3097768130957	0.258342887349638
73.3240613485595	0.258036890385290
73.3383355999196	0.257730893420942
73.3525995651738	0.257424896456594
73.3668532423215	0.257118899492246
73.3810966293637	0.256812902527898
73.3953297243025	0.256506905563551
73.4095525251417	0.256182859547041
73.4237650298865	0.255849992425245
73.4379672365435	0.255517125303449
73.4521591431207	0.255184258181653
73.4663407476277	0.254851391059857
73.4805120480755	0.254518523938060
73.4946730424763	0.254185656816264
73.5088237288442	0.253852789694468
73.5229641051942	0.253519922572672
73.5370941695433	0.253187055450876
73.5512139199095	0.252854188329080
73.5653233543125	0.252521321207284
73.5794224707733	0.252188454085487
73.5935112673146	0.251855586963691
73.6075897419602	0.251519777134781
73.6216578927356	0.251181452397186
73.6357157176675	0.250843127659591
73.6497632147845	0.250504802921997
73.6638003821162	0.250166478184402
73.6778272176937	0.249828153446808
73.6918437195499	0.249489828709213
73.7058498857187	0.249151503971618
73.7198457142358	0.248813179234024
73.7338312031381	0.248474854496429
73.7478063504642	0.248136529758835
73.7617711542538	0.247798205021240
73.7757256125484	0.247459880283645
73.7896697233908	0.247121555546051
73.8036034848253	0.246790064337415
73.8175268948975	0.246478155938864
73.8314399516547	0.246166247540314
73.8453426531454	0.245854339141764
73.8592349974197	0.245542430743214
73.8731169825291	0.245230522344663
73.8869886065267	0.244918613946113
73.9008498674668	0.244606705547563
73.9147007634053	0.244294797149013
73.9285412923995	0.243982888750463
73.9423714525084	0.243670980351912
73.9561912417920	0.243359071953362
73.9700006583121	0.243047163554812
73.9837997001318	0.242735255156262
73.9975883653158	0.242423346757711
74.0113666519301	0.242130523844987
74.0251345580422	0.241841748748103
74.0388920817211	0.241552973651219
74.0526392210373	0.241264198554335
74.0663759740626	0.240975423457450
74.0801023388703	0.240686648360566
74.0938183135354	0.240397873263682
74.1075238961340	0.240109098166798
74.1212190847438	0.239820323069914
74.1349038774440	0.239531547973030
74.1485782723153	0.239242772876145
74.1622422674398	0.238953997779261
74.1758958609009	0.238665222682377
74.1895390507837	0.238376447585493
74.2031718351747	0.238057431558764
74.2167942121618	0.237638716282107
74.2304061798345	0.237220001005450
74.2440077362834	0.236801285728794
74.2575988796009	0.236382570452137
74.2711796078809	0.235963855175481
74.2847499192185	0.235545139898824
74.2983098117104	0.235126424622167
74.3118592834548	0.234707709345511
74.3253983325513	0.234288994068854
74.3389269571009	0.233870278792197
74.3524451552063	0.233451563515541
74.3659529249713	0.233032848238884
74.3794502645015	0.232614132962228
74.3929371719037	0.232195417685571
74.4064136452864	0.231825484842361
74.4198796827594	0.231509251499871
74.4333352824341	0.231193018157381
74.4467804424231	0.230876784814891
74.4602151608409	0.230560551472402
74.4736394358029	0.230244318129912
74.4870532654265	0.229928084787422
74.5004566478302	0.229611851444932
74.5138495811342	0.229295618102443
74.5272320634601	0.228979384759953
74.5406040929308	0.228663151417463
74.5539656676709	0.228346918074973
74.5673167858063	0.228030684732484
74.5806574454644	0.227714451389994
74.5939876447742	0.227398218047504
74.6073073818661	0.227103131919565
74.6206166548718	0.226825438497297
74.6339154619247	0.226547745075028
74.6472038011595	0.226270051652760
74.6604816707124	0.225992358230492
74.6737490687212	0.225714664808224
74.6870059933251	0.225436971385956
74.7002524426647	0.225159277963687
74.7134884148821	0.224881584541419
74.7267139081208	0.224603891119151
74.7399289205260	0.224326197696883
74.7531334502442	0.224048504274614
74.7663274954233	0.223770810852346
74.7795110542128	0.223493117430078
74.7926841247636	0.223215424007810
74.8058467052282	0.222908020416065
74.8189987937605	0.222563455697640
74.8321403885157	0.222218890979215
74.8452714876507	0.221874326260790
74.8583920893237	0.221529761542365
74.8715021916947	0.221185196823940
74.8846017929246	0.220840632105515
74.8976908911764	0.220496067387090
74.9107694846142	0.220151502668665
74.9238375714036	0.219806937950241
74.9368951497117	0.219462373231816
74.9499422177072	0.219117808513391
74.9629787735602	0.218773243794966
74.9760048154421	0.218428679076541
74.9890203415260	0.218084114358116
75.0020253499865	0.217731377139116
75.0150198389994	0.217334353421369
75.0280038067423	0.216937329703623
75.0409772513940	0.216540305985877
75.0539401711350	0.216143282268130
75.0668925641472	0.215746258550384
75.0798344286139	0.215349234832637
75.0927657627199	0.214952211114891
75.1056865646515	0.214555187397145
75.1185968325966	0.214158163679398
75.1314965647443	0.213761139961652
75.1443857592855	0.213364116243905
75.1572644144124	0.212967092526159
75.1701325283186	0.212570068808413
75.1829900991994	0.212173045090666
75.1958371252513	0.211776021372920
75.2086736046726	0.211345676460127
75.2214995356627	0.210899345637051
75.2343149164230	0.210453014813975
75.2471197451558	0.210006683990898
75.2599140200652	0.209560353167822
75.2726977393568	0.209114022344746
75.2854709012377	0.208667691521669
75.2982335039162	0.208221360698593
75.3109855456024	0.207775029875517
75.3237270245077	0.207328699052440
75.3364579388450	0.206882368229364
75.3491782868288	0.206436037406288
75.3618880666750	0.205989706583211
75.3745872766010	0.205543375760135
75.3872759148256	0.205097044937059
75.3999539795691	0.204650714113982
75.4126214690535	NaN
75.4252783815019	NaN
75.4379247151394	NaN
75.4505604681919	NaN
75.4631856388875	NaN
75.4758002254553	NaN
75.4884042261260	NaN
