NaN	NaN
NaN	NaN
NaN	NaN
NaN	NaN
NaN	NaN
NaN	NaN
NaN	NaN
NaN	NaN
NaN	NaN
NaN	NaN
NaN	NaN
NaN	NaN
NaN	NaN
NaN	NaN
NaN	NaN
NaN	NaN
NaN	NaN
NaN	NaN
NaN	NaN
NaN	NaN
NaN	NaN
NaN	NaN
NaN	NaN
NaN	NaN
NaN	NaN
NaN	NaN
NaN	NaN
NaN	NaN
NaN	NaN
NaN	NaN
NaN	NaN
NaN	NaN
NaN	NaN
NaN	NaN
NaN	NaN
NaN	NaN
NaN	NaN
NaN	NaN
NaN	NaN
NaN	NaN
NaN	NaN
NaN	NaN
NaN	NaN
NaN	NaN
NaN	NaN
NaN	NaN
NaN	NaN
NaN	NaN
NaN	NaN
NaN	NaN
NaN	NaN
NaN	NaN
NaN	NaN
NaN	NaN
NaN	NaN
NaN	NaN
NaN	NaN
NaN	NaN
NaN	NaN
NaN	NaN
NaN	NaN
NaN	NaN
NaN	NaN
NaN	NaN
NaN	NaN
NaN	NaN
NaN	NaN
NaN	NaN
NaN	NaN
NaN	NaN
NaN	NaN
NaN	NaN
NaN	NaN
NaN	NaN
NaN	NaN
NaN	NaN
NaN	NaN
NaN	NaN
NaN	NaN
NaN	NaN
NaN	NaN
NaN	NaN
NaN	NaN
NaN	NaN
NaN	NaN
NaN	NaN
NaN	NaN
NaN	NaN
NaN	NaN
NaN	NaN
NaN	NaN
NaN	NaN
NaN	NaN
NaN	NaN
NaN	NaN
NaN	NaN
NaN	NaN
NaN	NaN
NaN	NaN
NaN	NaN
35.2024803932142	NaN
35.2304808999568	NaN
35.2584764654302	NaN
35.2864670857078	NaN
35.3144527568640	NaN
35.3424334749735	NaN
35.3704092361118	NaN
35.3983800363553	NaN
35.4263458717809	2.41471895907099e-07
35.4543067384661	2.39665897808768e-07
35.4822626324894	2.37859899710438e-07
35.5102135499297	2.36053901612107e-07
35.5381594868669	2.34247903513777e-07
35.5661004393812	2.32441905415446e-07
35.5940364035540	2.30635907317116e-07
35.6219673754669	2.26440594789982e-07
35.6498933512025	2.21596700359941e-07
35.6778143268440	2.16752805929899e-07
35.7057302984754	2.11908911499858e-07
35.7336412621813	2.07065017069816e-07
35.7615472140470	2.02221122639775e-07
35.7894481501586	1.97377228209733e-07
35.8173440666028	1.95369723172191e-07
35.8452349594670	1.95087677426604e-07
35.8731208248395	1.94805631681018e-07
35.9010016588089	1.94523585935432e-07
35.9288774574650	1.94241540189846e-07
35.9567482168980	1.93959494444260e-07
35.9846139331988	1.93677448698673e-07
36.0124746024591	1.92173753765521e-07
36.0403302207714	1.89163422437985e-07
36.0681807842287	1.86153091110450e-07
36.0960262889248	1.83142759782915e-07
36.1238667309542	1.80132428455380e-07
36.1517021064121	1.77122097127845e-07
36.1795324113946	1.74111765800310e-07
36.2073576419982	1.71673517198566e-07
36.2351777943203	1.70826552644271e-07
36.2629928644589	1.69979588089975e-07
36.2908028485129	1.69132623535679e-07
36.3186077425818	1.68285658981384e-07
36.3464075427657	1.67438694427088e-07
36.3742022451655	1.66591729872793e-07
36.4019918458830	1.65313650515550e-07
36.4297763410205	1.58452406379855e-07
36.4575557266810	1.51591162244160e-07
36.4853299989684	1.44729918108465e-07
36.5130991539870	1.37868673972769e-07
36.5408631878423	1.31007429837074e-07
36.5686220966400	1.24146185701379e-07
36.5963758764869	1.17284941565684e-07
36.6241245234904	1.19211065230091e-07
36.6518680337585	1.22457157569864e-07
36.6796064034001	1.25703249909638e-07
36.7073396285246	1.28949342249411e-07
36.7350677052424	1.32195434589184e-07
36.7627906296645	1.35441526928957e-07
36.7905083979025	1.38687619268730e-07
36.8182210060689	1.37513482176431e-07
36.8459284502769	1.34036991739986e-07
36.8736307266403	1.30560501303541e-07
36.9013278312737	1.27084010867097e-07
36.9290197602924	1.23607520430652e-07
36.9567065098125	1.20131029994208e-07
36.9843880759509	1.16654539557763e-07
37.0120644548249	1.15467596201860e-07
37.0397356425528	1.17243150211537e-07
37.0674016352537	1.19018704221214e-07
37.0950624290471	1.20794258230890e-07
37.1227180200535	1.22569812240567e-07
37.1503684043941	1.24345366250244e-07
37.1780135781907	1.26120920259920e-07
37.2056535375660	1.27179160776005e-07
37.2332882786432	1.25448055232889e-07
37.2609177975466	1.23716949689774e-07
37.2885420904008	1.21985844146659e-07
37.3161611533314	1.20254738603544e-07
37.3437749824647	1.18523633060429e-07
37.3713835739277	1.16792527517314e-07
37.3989869238481	1.15061421974198e-07
37.4265850283545	1.11932676174516e-07
37.4541778835760	1.08750675202240e-07
37.4817654856425	1.05568674229965e-07
37.5093478306849	1.02386673257690e-07
37.5369249148344	9.92046722854146e-08
37.5644967342233	9.60226713131393e-08
37.5920632849844	9.28406703408641e-08
37.6196245632515	9.59963104974138e-08
37.6471805651588	1.01714823688936e-07
37.6747312868415	1.07433336880458e-07
37.7022767244354	1.13151850071981e-07
37.7298168740772	1.18870363263503e-07
37.7573517319042	1.24588876455025e-07
37.7848812940545	1.30307389646547e-07
37.8124055566669	1.30532532038352e-07
37.8399245158810	1.24063517724257e-07
37.8674381678370	1.17594503410162e-07
37.8949465086761	1.11125489096068e-07
37.9224495345401	1.04656474781973e-07
37.9499472415714	9.81874604678784e-08
37.9774396259135	9.17184461537837e-08
38.0049266837102	8.69013199142286e-08
38.0324084111065	8.96478293923058e-08
38.0598848042479	9.23943388703831e-08
38.0873558592807	9.51408483484603e-08
38.1148215723518	9.78873578265376e-08
38.1422819396090	1.00633867304615e-07
38.1697369572010	1.03380376782692e-07
38.1971866212769	1.06126886260769e-07
38.2246309279869	1.07884067557220e-07
38.2520698734816	1.09528257420172e-07
38.2795034539127	1.11172447283124e-07
38.3069316654324	1.12816637146077e-07
38.3343545041937	1.14460827009029e-07
38.3617719663505	1.16105016871982e-07
38.3891840480574	1.17749206734934e-07
38.4165907454695	1.19004506012259e-07
38.4439920547430	1.20006301944294e-07
38.4713879720347	1.21008097876330e-07
38.4987784935022	1.22009893808365e-07
38.5261636153037	1.23011689740400e-07
38.5535433335985	1.24013485672435e-07
38.5809176445462	1.25015281604470e-07
38.6082865443076	1.25165520223803e-07
38.6356500290439	1.23354975939266e-07
38.6630080949173	1.21544431654729e-07
38.6903607380907	1.19733887370192e-07
38.7177079547278	1.17923343085654e-07
38.7450497409929	1.16112798801117e-07
38.7723860930511	1.14302254516580e-07
38.7997170070685	1.12491710232043e-07
38.8270424792116	1.10488890618271e-07
38.8543625056481	1.08484059072439e-07
38.8816770825460	1.06479227526607e-07
38.9089862060743	1.04474395980775e-07
38.9362898724028	1.02469564434943e-07
38.9635880777021	1.00464732889111e-07
38.9908808181433	9.84599013432793e-08
39.0181680898986	9.76987134807253e-08
39.0454498891406	9.75616907204529e-08
39.0727262120431	9.74246679601805e-08
39.0999970547804	9.72876451999081e-08
39.1272624135275	9.71506224396357e-08
39.1545222844604	9.70135996793633e-08
39.1817766637557	9.68765769190909e-08
39.2090255475908	9.70642593483170e-08
39.2362689321439	9.79074832486598e-08
39.2635068135940	9.87507071490025e-08
39.2907391881209	9.95939310493453e-08
39.3179660519049	1.00437154949688e-07
39.3451874011275	1.01280378850031e-07
39.3724032319707	1.02123602750374e-07
39.3996135406173	1.02966826650716e-07
39.4268183232509	1.04146318884808e-07
39.4540175760558	1.05330656388294e-07
39.4812112952173	1.06514993891781e-07
39.5083994769213	1.07699331395268e-07
39.5355821173545	1.08883668898755e-07
39.5627592127043	1.10068006402241e-07
39.5899307591590	1.11252343905728e-07
39.6170967529078	1.12831891050497e-07
39.6442571901403	1.14644175832561e-07
39.6714120670471	1.16456460614624e-07
39.6985613798198	1.18268745396688e-07
39.7257051246504	1.20081030178752e-07
39.7528432977318	1.21893314960816e-07
39.7799758952578	1.23705599742880e-07
39.8071029134230	1.23261024471697e-07
39.8342243484225	1.16454692123391e-07
39.8613401964524	1.09648359775084e-07
39.8884504537096	1.02842027426778e-07
39.9155551163918	9.60356950784714e-08
39.9426541806973	8.92293627301649e-08
39.9697476428254	8.24230303818585e-08
39.9968354989761	7.56166980335520e-08
40.0239177453501	7.98932554663067e-08
40.0509943781489	8.56360143276781e-08
40.0780653935751	9.13787731890494e-08
40.1051307878316	9.71215320504207e-08
40.1321905571224	1.02864290911792e-07
40.1592446976523	1.08607049773163e-07
40.1862932056268	1.14349808634535e-07
40.2133360772521	1.14829778235559e-07
40.2403733087353	1.09901225641170e-07
40.2674048962843	1.04972673046780e-07
40.2944308361079	1.00044120452391e-07
40.3214511244153	9.51155678580022e-08
40.3484657574170	9.01870152636130e-08
40.3754747313239	8.52584626692239e-08
40.4024780423480	8.09020457132919e-08
40.4294756867017	8.22074858578336e-08
40.4564676605986	8.35129260023754e-08
40.4834539602529	8.48183661469171e-08
40.5104345818797	8.61238062914588e-08
40.5374095216946	8.74292464360006e-08
40.5643787759144	8.87346865805424e-08
40.5913423407565	9.00401267250841e-08
40.6183002124390	9.10105994345124e-08
40.6452523871810	9.18226187943367e-08
40.6721988612024	9.26346381541609e-08
40.6991396307236	9.34466575139851e-08
40.7260746919661	9.42586768738093e-08
40.7530040411521	9.50706962336336e-08
40.7799276745047	9.58827155934578e-08
40.8068455882476	9.59551644814052e-08
40.8337577786054	9.38593056017315e-08
40.8606642418037	9.17634467220578e-08
40.8875649740685	8.96675878423842e-08
40.9144599716270	8.75717289627105e-08
40.9413492307068	8.54758700830368e-08
40.9682327475368	8.33800112033632e-08
40.9951105183463	8.12841523236895e-08
41.0219825393655	7.97597025099145e-08
41.0488488068255	7.83623352917836e-08
41.0757093169583	7.69649680736526e-08
41.1025640659963	7.55676008555216e-08
41.1294130501732	7.41702336373906e-08
41.1562562657231	7.27728664192597e-08
41.1830937088812	7.13754992011287e-08
41.2099253758835	7.08248295551842e-08
41.2367512629665	7.17162199844989e-08
41.2635713663678	7.26076104138136e-08
41.2903856823257	7.34990008431283e-08
41.3171942070795	7.43903912724430e-08
41.3439969368690	7.52817817017577e-08
41.3707938679350	7.61731721310724e-08
41.3975849965191	7.70645625603871e-08
41.4243703188637	7.62647271155924e-08
41.4511498312120	7.52973157581367e-08
41.4779235298081	7.43299044006809e-08
41.5046914108967	7.33624930432252e-08
41.5314534707236	7.23950816857695e-08
41.5582097055351	7.14276703283137e-08
41.5849601115787	7.04602589708580e-08
41.6117046851023	7.18210984133076e-08
41.6384434223550	7.61732912349594e-08
41.6651763195865	8.05254840566111e-08
41.6919033730473	8.48776768782629e-08
41.7186245789888	8.92298696999147e-08
41.7453399336632	9.35820625215665e-08
41.7720494333236	9.79342553432182e-08
41.7987530742238	1.02286448164870e-07
41.8254508526185	1.02423492284511e-07
41.8521427647631	1.02354043020128e-07
41.8788288069139	1.02284593755745e-07
41.9055089753282	1.02215144491362e-07
41.9321832662638	1.02145695226979e-07
41.9588516759796	1.02076245962595e-07
41.9855142007351	1.02006796698212e-07
42.0121708367908	1.04318614607199e-07
42.0388215804079	1.09464320231103e-07
42.0654664278486	1.14610025855007e-07
42.0921053753757	1.19755731478911e-07
42.1187384192530	1.24901437102815e-07
42.1453655557450	1.30047142726720e-07
42.1719867811172	1.35192848350624e-07
42.1986020916358	1.40338553974528e-07
42.2252114835678	1.42912560230333e-07
42.2518149531811	1.45343987798912e-07
42.2784124967445	1.47775415367490e-07
42.3050041105275	1.50206842936069e-07
42.3315897908004	1.52638270504648e-07
42.3581695338344	1.55069698073226e-07
42.3847433359017	1.57501125641805e-07
42.4113111932751	1.60123381166529e-07
42.4378731022283	1.63002998995506e-07
42.4644290590359	1.65882616824484e-07
42.4909790599732	1.68762234653461e-07
42.5175231013165	1.71641852482439e-07
42.5440611793427	1.74521470311416e-07
42.5705932903298	1.77401088140393e-07
42.5971194305566	1.80280705969371e-07
42.6236395963025	1.85993182762211e-07
42.6501537838481	1.92050814990028e-07
42.6766619894744	1.98108447217845e-07
42.7031642094636	2.04166079445662e-07
42.7296604400987	2.10223711673479e-07
42.7561506776633	2.16281343901296e-07
42.7826349184421	2.22338976129113e-07
42.8091131587205	2.28997328620771e-07
42.8355853947848	2.36800222457156e-07
42.8620516229220	2.44603116293541e-07
42.8885118394203	2.52406010129926e-07
42.9149660405684	2.60208903966311e-07
42.9414142226559	2.68011797802696e-07
42.9678563819733	2.75814691639080e-07
42.9942925148121	2.83617585475465e-07
43.0207226174642	2.97085375445767e-07
43.0471466862229	3.12113231416818e-07
43.0735647173820	3.27141087387870e-07
43.0999767072361	3.42168943358922e-07
43.1263826520810	3.57196799329974e-07
43.1527825482129	3.72224655301026e-07
43.1791763919292	3.87252511272078e-07
43.2055641795280	4.03704938416118e-07
43.2319459073082	4.25488129281776e-07
43.2583215715697	4.47271320147434e-07
43.2846911686131	4.69054511013092e-07
43.3110546947399	4.90837701878750e-07
43.3374121462526	5.12620892744408e-07
43.3637635194544	5.34404083610066e-07
43.3901088106492	5.56187274475725e-07
43.4164480161421	5.84171330746418e-07
43.4427811322389	6.15883915863543e-07
43.4691081552461	6.47596500980669e-07
43.4954290814712	6.79309086097794e-07
43.5217439072227	7.11021671214920e-07
43.5480526288096	7.42734256332045e-07
43.5743552425421	7.74446841449171e-07
43.6006517447311	8.06723927595251e-07
43.6269421316883	8.61210535661392e-07
43.6532263997264	9.15697143727532e-07
43.6795045451588	9.70183751793673e-07
43.7057765642999	1.02467035985981e-06
43.7320424534650	1.07915696792595e-06
43.7583022089700	1.13364357599209e-06
43.7845558271319	1.18813018405823e-06
43.8108033042685	1.25408670620465e-06
43.8370446366984	1.33643846178890e-06
43.8632798207411	1.41879021737315e-06
43.8895088527170	1.50114197295740e-06
43.9157317289474	1.58349372854165e-06
43.9419484457543	1.66584548412589e-06
43.9681589994608	1.74819723971014e-06
43.9943633863905	1.83054899529439e-06
44.0205616028682	1.95535984433357e-06
44.0467536452195	2.09180877098824e-06
44.0729395097708	2.22825769764290e-06
44.0991191928494	2.36470662429756e-06
44.1252926907834	2.50115555095222e-06
44.1514599999019	2.63760447760688e-06
44.1776211165347	2.77405340426154e-06
44.2037760370126	2.91578463671912e-06
44.2299247576673	3.08881809907562e-06
44.2560672748311	3.26185156143213e-06
44.2822035848376	3.43488502378864e-06
44.3083336840209	3.60791848614514e-06
44.3344575687162	3.78095194850165e-06
44.3605752352594	3.95398541085815e-06
44.3866866799874	4.12701887321466e-06
44.4127918992378	4.32261360525339e-06
44.4388908893494	4.54168645438600e-06
44.4649836466616	4.76075930351862e-06
44.4910701675147	4.97983215265123e-06
44.5171504482499	5.19890500178385e-06
44.5432244852094	5.41797785091646e-06
44.5692922747361	5.63705070004908e-06
44.5953538131739	5.85612354918169e-06
44.6214090968674	6.23499298874044e-06
44.6474581221624	6.64853725485061e-06
44.6735008854052	7.06208152096078e-06
44.6995373829432	7.47562578707095e-06
44.7255676111247	7.88917005318112e-06
44.7515915662989	8.30271431929129e-06
44.7776092448156	8.71625858540147e-06
44.8036206430257	9.15723631182107e-06
44.8296257572811	9.76784777047644e-06
44.8556245839344	1.03784592291318e-05
44.8816171193390	1.09890706877872e-05
44.9076033598494	1.15996821464425e-05
44.9335833018209	1.22102936050979e-05
44.9595569416096	1.28209050637533e-05
44.9855242755726	1.34315165224086e-05
45.0114853000679	1.41530933243145e-05
45.0374400114542	1.50145106537430e-05
45.0633884060912	1.58759279831714e-05
45.0893304803397	1.67373453125999e-05
45.1152662305609	1.75987626420284e-05
45.1411956531174	1.84601799714568e-05
45.1671187443724	1.93215973008853e-05
45.1930355006899	2.01830146303137e-05
45.2189459184351	2.15090394037004e-05
45.2448499939739	2.30058327101717e-05
45.2707477236730	2.45026260166429e-05
45.2966391039002	2.59994193231141e-05
45.3225241310240	2.74962126295853e-05
45.3484028014140	2.89930059360566e-05
45.3742751114406	3.04897992425278e-05
45.4001410574749	3.19901011823834e-05
45.4260006358891	3.41302072252139e-05
45.4518538430564	3.62703132680443e-05
45.4777006753506	3.84104193108748e-05
45.5035411291465	4.05505253537053e-05
45.5293752008200	4.26906313965357e-05
45.5552028867476	4.48307374393662e-05
45.5810241833069	4.69708434821967e-05
45.6068390868763	4.93385372972764e-05
45.6326475938351	5.23376217158920e-05
45.6584497005635	5.53367061345076e-05
45.6842454034427	5.83357905531233e-05
45.7100346988545	6.13348749717389e-05
45.7358175831821	6.43339593903546e-05
45.7615940528091	6.73330438089702e-05
45.7873641041202	7.03321282275858e-05
45.8131277335012	7.45104703077798e-05
45.8388849373384	7.98237475179504e-05
45.8646357120193	8.51370247281210e-05
45.8903800539323	9.04503019382916e-05
45.9161179594664	9.57635791484621e-05
45.9418494250119	0.000101076856358633
45.9675744469598	0.000106390133568803
45.9932930217019	0.000111703410778974
46.0190051456311	0.000118925671793112
46.0447108151412	0.000126821535983096
46.0704100266268	0.000134717400173079
46.0961027764834	0.000142613264363062
46.1217890611075	0.000150509128553046
46.1474688768964	0.000158404992743029
46.1731422202484	0.000166300856933012
46.1988090875627	0.000174196721122996
46.2244694752393	0.000186069541513930
46.2501233796792	0.000198135894546313
46.2757707972845	0.000210202247578696
46.3014117244577	0.000222268600611079
46.3270461576027	0.000234334953643462
46.3526740931241	0.000246401306675845
46.3782955274275	0.000258467659708227
46.4039104569192	0.000271350590672740
46.4295188780067	0.000288765264593214
46.4551207870982	0.000306179938513689
46.4807161806029	0.000323594612434163
46.5063050549309	0.000341009286354638
46.5318874064934	0.000358423960275112
46.5574632317020	0.000375838634195587
46.5830325269698	0.000393253308116061
46.6085952887105	0.000413096953639390
46.6341515133388	0.000437734887976282
46.6597011972703	0.000462372822313173
46.6852443369214	0.000487010756650064
46.7107809287097	0.000511648690986956
46.7363109690535	0.000536286625323847
46.7618344543719	0.000560924559660738
46.7873513810854	0.000585562493997630
46.8128617456149	0.000613922956958055
46.8383655443824	0.000645943793861871
46.8638627738110	0.000677964630765687
46.8893534303245	0.000709985467669502
46.9148375103477	0.000742006304573318
46.9403150103063	0.000774027141477134
46.9657859266270	0.000806047978380949
46.9912502557373	0.000838068815284765
47.0167079940657	0.000876273117918130
47.0421591380416	0.000917715200943615
47.0676036840954	0.000959157283969099
47.0930416286583	0.00100059936699458
47.1184729681625	0.00104204145002007
47.1438976990411	0.00108348353304555
47.1693158177282	0.00112492561607104
47.1947273206587	0.00116636769909652
47.2201322042685	0.00122296139023181
47.2455304649945	0.00128352281411601
47.2709220992744	0.00134408423800020
47.2963071035469	0.00140464566188440
47.3216854742516	0.00146520708576859
47.3470572078290	0.00152576850965279
47.3724223007207	0.00158632993353698
47.3977807493690	0.00164689135742118
47.4231325502172	0.00171789297459067
47.4484776997097	0.00178989605544848
47.4738161942916	0.00186189913630628
47.4991480304091	0.00193390221716408
47.5244732045093	0.00200590529802188
47.5497917130400	0.00207790837887968
47.5751035524504	0.00214991145973749
47.6004087191903	0.00222227590391996
47.6257072097104	0.00231664953641834
47.6509990204626	0.00241102316891673
47.6762841478994	0.00250539680141511
47.7015625884746	0.00259977043391350
47.7268343386426	0.00269414406641188
47.7520993948591	0.00278851769891026
47.7773577535804	0.00288289133140865
47.8026094112638	0.00297906231589541
47.8278543643678	0.00309082712591640
47.8530926093516	0.00320259193593738
47.8783241426753	0.00331435674595836
47.9035489608001	0.00342612155597934
47.9287670601881	0.00353788636600033
47.9539784373023	0.00364965117602131
47.9791830886067	0.00376141598604229
48.0043810105662	0.00388123741360463
48.0295721996466	0.00403933580728361
48.0547566523147	0.00419743420096259
48.0799343650384	0.00435553259464157
48.1051053342861	0.00451363098832055
48.1302695565277	0.00467172938199953
48.1554270282336	0.00482982777567851
48.1805777458754	0.00498792616935749
48.2057217059257	0.00515202555313661
48.2308589048576	0.00533649251046452
48.2559893391458	0.00552095946779243
48.2811130052654	0.00570542642512035
48.3062298996928	0.00588989338244826
48.3313400189052	0.00607436033977617
48.3564433593806	0.00625882729710408
48.3815399175984	0.00644329425443200
48.4066296900384	0.00664812862637124
48.4317126731818	0.00690966759427797
48.4567888635105	0.00717120656218471
48.4818582575074	0.00743274553009144
48.5069208516565	0.00769428449799818
48.5319766424425	0.00795582346590491
48.5570256263512	0.00821736243381165
48.5820677998694	0.00847890140171839
48.6071031594848	0.00876219752561212
48.6321317016861	0.00910041300250233
48.6571534229627	0.00943862847939254
48.6821683198054	0.00977684395628275
48.7071763887056	0.0101150594331730
48.7321776261558	0.0104532749100632
48.7571720286495	0.0107914903869534
48.7821595926810	0.0111297058638436
48.8071403147457	0.0115079613852364
48.8321141913399	0.0119862451913172
48.8570812189609	0.0124645289973980
48.8820413941070	0.0129428128034788
48.9069947132772	0.0134210966095597
48.9319411729719	0.0138993804156405
48.9568807696920	0.0143776642217213
48.9818134999398	0.0148559480278021
49.0067393602182	0.0153705492577508
49.0316583470312	0.0159831415028540
49.0565704568839	0.0165957337479571
49.0814756862821	0.0172083259930603
49.1063740317329	0.0178209182381635
49.1312654897439	0.0184335104832667
49.1561500568241	0.0190461027283699
49.1810277294833	0.0196586949734731
49.2058985042322	0.0203338088287654
49.2307623775827	0.0212099930644037
49.2556193460473	0.0220861773000421
49.2804694061397	0.0229623615356805
49.3053125543747	0.0238385457713189
49.3301487872678	0.0247147300069572
49.3549781013355	0.0255909142425956
49.3798004930956	0.0264670984782340
49.4046159590664	0.0274177449021313
49.4294244957674	0.0286941938691986
49.4542260997192	0.0299706428362659
49.4790207674432	0.0312470918033331
49.5038084954617	0.0325235407704004
49.5285892802982	0.0337999897374677
49.5533631184770	0.0350764387045350
49.5781300065235	0.0363528876716022
49.6028899409639	0.0376742814679239
49.6276429183256	0.0393357538106111
49.6523889351368	0.0409972261532983
49.6771279879267	0.0426586984959854
49.7018600732256	0.0443201708386726
49.7265851875646	0.0459816431813598
49.7513033274759	0.0476431155240470
49.7760144894927	0.0493045878667342
49.8007186701490	0.0509874885862508
49.8254158659800	0.0533854645283701
49.8501060735218	0.0557834404704894
49.8747892893114	0.0581814164126087
49.8994655098868	0.0605793923547280
49.9241347317872	0.0629773682968473
49.9487969515524	0.0653753442389666
49.9734521657235	0.0677733201810859
49.9981003708425	0.0701712961232052
50.0227415634522	0.0720027985584729
50.0473757400968	0.0737869893712165
50.0720028973209	0.0755711801839600
50.0966230316706	0.0773553709967036
50.1212361396928	0.0791395618094471
50.1458422179353	0.0809237526221907
50.1704412629471	0.0827079434349342
50.1950332712778	0.0844921342476778
50.2196182394785	0.0867622673581175
50.2441961641008	0.0891554083659585
50.2687670416977	0.0915485493737994
50.2933308688228	0.0939416903816404
50.3178876420311	0.0963348313894813
50.3424373578782	0.0987279723973223
50.3669800129210	0.101121113405163
50.3915156037172	0.103514254413004
50.4160441268255	0.106026930062015
50.4405655788057	0.108602808573231
50.4650799562185	0.111178687084447
50.4895872556257	0.113754565595663
50.5140874735900	0.116330444106879
50.5385806066750	0.118906322618095
50.5630666514454	0.121482201129311
50.5875456044671	0.124058079640527
50.6120174623066	0.126823906377370
50.6364822215316	0.129786559064655
50.6609398787109	0.132749211751940
50.6853904304141	0.135711864439224
50.7098338732119	0.138674517126509
50.7342702036759	0.141637169813794
50.7586994183788	0.144599822501078
50.7831215138944	0.147562475188363
50.8075364867972	0.150590215173727
50.8319443336629	0.153763701499884
50.8563450510683	0.156937187826040
50.8807386355908	0.160110674152197
50.9051250838093	0.163284160478353
50.9295043923034	0.166457646804510
50.9538765576538	0.169631133130666
50.9782415764420	0.172804619456822
51.0025994452509	0.175912347735056
51.0269501606640	0.178469734441074
51.0512937192661	0.181027121147093
51.0756301176428	0.183584507853111
51.0999593523809	0.186141894559129
51.1242814200679	0.188699281265148
51.1485963172926	0.191256667971166
51.1729040406448	0.193814054677185
51.1972045867150	0.196371441383203
51.2214979520951	0.197922693625291
51.2457841333778	0.199343135678417
51.2700631271567	0.200763577731543
51.2943349300266	0.202184019784668
51.3185995385833	0.203604461837794
51.3428569494235	0.205024903890920
51.3671071591450	0.206445345944045
51.3913501643465	0.207865787997171
51.4155859616279	0.209075732376081
51.4398145475899	0.210168872772234
51.4640359188344	0.211262013168388
51.4882500719641	0.212355153564541
51.5124570035829	0.213448293960695
51.5366567102956	0.214541434356848
51.5608491887082	0.215634574753002
51.5850344354274	0.216727715149155
51.6092124470612	0.218271028294797
51.6333832202184	0.220545535623744
51.6575467515089	0.222820042952690
51.6817030375438	0.225094550281637
51.7058520749350	0.227369057610584
51.7299938602953	0.229643564939531
51.7541283902389	0.231918072268478
51.7782556613806	0.234192579597425
51.8023756703365	0.236482578278407
51.8264884137237	0.238914346866909
51.8505938881602	0.241346115455411
51.8746920902651	0.243777884043913
51.8987830166584	0.246209652632414
51.9228666639613	0.248641421220916
51.9469430287960	0.251073189809418
51.9710121077855	0.253504958397920
51.9950738975541	0.255936726986422
52.0191283947269	0.258120200466784
52.0431755959302	0.260239740603346
52.0672154977913	0.262359280739907
52.0912480969383	0.264478820876469
52.1152733900007	0.266598361013030
52.1392913736086	0.268717901149591
52.1633020443936	0.270837441286153
52.1873053989878	0.272956981422714
52.2113014340248	0.275153661452201
52.2352901461389	0.277436977568551
52.2592715319657	0.279720293684901
52.2832455881415	0.282003609801251
52.3072123113039	0.284286925917601
52.3311716980914	0.286570242033951
52.3551237451437	0.288853558150302
52.3790684491012	0.291136874266652
52.4030058066056	0.293408532219392
52.4269358142996	0.295599018403389
52.4508584688268	0.297789504587386
52.4747737668320	0.299979990771383
52.4986817049608	0.302170476955380
52.5225822798602	0.304360963139377
52.5464754881779	0.306551449323374
52.5703613265627	0.308741935507371
52.5942397916645	0.310932421691368
52.6181108801343	0.312473489429691
52.6419745886240	0.313808039586331
52.6658309137865	0.315142589742971
52.6896798522759	0.316477139899610
52.7135214007473	0.317811690056250
52.7373555558567	0.319146240212890
52.7611823142613	0.320480790369530
52.7850016726191	0.321815340526170
52.8088136275896	0.323098244486098
52.8326181758328	0.324293274616501
52.8564153140100	0.325488304746904
52.8802050387836	0.326683334877306
52.9039873468170	0.327878365007709
52.9277622347745	0.329073395138112
52.9515296993216	0.330268425268515
52.9752897371247	0.331463455398918
52.9990423448515	0.332658485529320
53.0227875191703	0.333798536349716
53.0465252567510	0.334936276980486
53.0702555542640	0.336074017611257
53.0939784083811	0.337211758242027
53.1176938157751	0.338349498872798
53.1414017731197	0.339487239503568
53.1651022770898	0.340624980134339
53.1887953243612	0.341762720765109
53.2124809116108	0.343529286721569
53.2361590355166	0.345860289241262
53.2598296927577	0.348191291760954
53.2834928800141	0.350522294280646
53.3071485939668	0.352853296800339
53.3307968312981	0.355184299320031
53.3544375886912	0.357515301839723
53.3780708628302	0.359846304359416
53.4016966504006	0.362113270748575
53.4253149480887	0.363552699953644
53.4489257525817	0.364992129158712
53.4725290605684	0.366431558363781
53.4961248687380	0.367870987568850
53.5197131737812	0.369310416773919
53.5432939723897	0.370749845978988
53.5668672612559	0.372189275184056
53.5904330370738	0.373628704389125
53.6139912965380	0.374839358001768
53.6375420363444	0.375893604434001
53.6610852531898	0.376947850866234
53.6846209437722	0.378002097298466
53.7081491047905	0.379056343730699
53.7316697329449	0.380110590162932
53.7551828249364	0.381164836595164
53.7786883774672	0.382219083027397
53.8021863872405	0.383300822601683
53.8256768509605	0.384650506532153
53.8491597653327	0.386000190462623
53.8726351270633	0.387349874393092
53.8961029328599	0.388699558323562
53.9195631794309	0.390049242254032
53.9430158634860	0.391398926184501
53.9664609817357	0.392748610114971
53.9898985308918	0.394098294045441
54.0133285076670	0.395157214766002
54.0367509087751	0.395995805865374
54.0601657309310	0.396834396964746
54.0835729708507	0.397672988064119
54.1069726252511	0.398511579163491
54.1303646908503	0.399350170262863
54.1537491643675	0.400188761362235
54.1771260425228	0.401027352461608
54.2004953220375	0.401862110319327
54.2238569996340	0.402519875657011
54.2472110720357	0.403177640994694
54.2705575359669	0.403835406332378
54.2938963881533	0.404493171670062
54.3172276253213	0.405150937007745
54.3405512441988	0.405808702345429
54.3638672415145	0.406466467683113
54.3871756139980	0.407124233020797
54.4104763583804	0.407929313498678
54.4337694713935	0.408914697092228
54.4570549497704	0.409900080685779
54.4803327902451	0.410885464279329
54.5036029895528	0.411870847872879
54.5268655444297	0.412856231466429
54.5501204516132	0.413841615059979
54.5733677078415	0.414826998653529
54.5966073098542	0.415812382247079
54.6198392543918	0.416782103266775
54.6430635381958	0.417749146278734
54.6662801580089	0.418716189290693
54.6894891105748	0.419683232302652
54.7126903926385	0.420650275314611
54.7358840009456	0.421617318326570
54.7590699322434	0.422584361338528
54.7822481832797	0.423551404350487
54.8054187508037	0.424438557678175
54.8285816315656	0.425064035421247
54.8517368223167	0.425689513164320
54.8748843198093	0.426314990907392
54.8980241207969	0.426940468650464
54.9211562220339	0.427565946393536
54.9442806202761	0.428191424136608
54.9673973122800	0.428816901879680
54.9905062948034	0.429442379622752
55.0136075646052	0.430174126192744
55.0367011184452	0.430980001909844
55.0597869530846	0.431785877626944
55.0828650652852	0.432591753344044
55.1059354518104	0.433397629061144
55.1289981094244	0.434203504778243
55.1520530348925	0.435009380495343
55.1751002249811	0.435815256212443
55.1981396764578	0.436621131929543
55.2211713860911	0.437913387901799
55.2441953506506	0.439248374933078
55.2672115669073	0.440583361964356
55.2902200316328	0.441918348995635
55.3132207416002	0.443253336026913
55.3362136935835	0.444588323058192
55.3591988843578	0.445923310089470
55.3821763106992	0.447258297120749
55.4051459693851	0.448469556237637
55.4281078571939	0.449252340425900
55.4510619709050	0.450035124614163
55.4740083072989	0.450817908802425
55.4969468631574	0.451600692990688
55.5198776352632	0.452383477178951
55.5428006204000	0.453166261367214
55.5657158153529	0.453949045555476
55.5886232169079	0.454731829743739
55.6115228218520	0.455519806687124
55.6344146269734	0.456312909701525
55.6572986290615	0.457106012715926
55.6801748249067	0.457899115730327
55.7030432113004	0.458692218744728
55.7259037850352	0.459485321759129
55.7487565429048	0.460278424773531
55.7716014817040	0.461071527787932
55.7944385982287	0.461864630802333
55.8172678892757	0.462868491167688
55.8400893516433	0.463940217852424
55.8629029821304	0.465011944537160
55.8857087775375	0.466083671221896
55.9085067346659	0.467155397906632
55.9312968503179	0.468227124591369
55.9540791212973	0.469298851276105
55.9768535444086	0.470370577960841
55.9996201164577	0.471442304645577
56.0223788342513	0.471899356979248
56.0451296945974	0.472345976785966
56.0678726943052	0.472792596592684
56.0906078301847	0.473239216399403
56.1133350990473	0.473685836206121
56.1360544977053	0.474132456012840
56.1587660229722	0.474579075819558
56.1814696716626	0.475025695626277
56.2041654405922	0.475564273200916
56.2268533265777	0.476511862604336
56.2495333264371	0.477459452007756
56.2722054369893	0.478407041411177
56.2948696550546	0.479354630814597
56.3175259774540	0.480302220218018
56.3401744010100	0.481249809621438
56.3628149225459	0.482197399024858
56.3854475388863	0.483144988428279
56.4080722468569	0.483980005694495
56.4306890432844	0.484612115594145
56.4532979249967	0.485244225493797
56.4758988888227	0.485876335393448
56.4984919315926	0.486508445293099
56.5210770501375	0.487140555192750
56.5436542412898	0.487772665092401
56.5662235018829	0.488404774992052
56.5887848287513	0.489036884891703
56.6113382187307	0.489372740925743
56.6338836686579	0.489415609687785
56.6564211753706	0.489458478449828
56.6789507357080	0.489501347211870
56.7014723465100	0.489544215973913
56.7239860046180	0.489587084735956
56.7464917068743	0.489629953497998
56.7689894501223	0.489672822260041
56.7914792312066	0.489715691022084
56.8139610469728	0.490261754843322
56.8364348942678	0.491114876904558
56.8589007699395	0.491967998965794
56.8813586708369	0.492821121027029
56.9038085938102	0.493674243088265
56.9262505357107	0.494527365149501
56.9486844933907	0.495380487210736
56.9711104637038	0.496233609271972
56.9935284435045	0.497086731333208
57.0159384296488	0.497621659141980
57.0383404189933	0.498027411954455
57.0607344083962	0.498433164766930
57.0831203947165	0.498838917579404
57.1054983748146	0.499244670391879
57.1278683455516	0.499650423204354
57.1502303037902	0.500056176016828
57.1725842463940	0.500461928829303
57.1949301702277	0.500867681641777
57.2172680721571	0.501378297971620
57.2395979490492	0.501919696301085
57.2619197977722	0.502461094630550
57.2842336151953	0.503002492960015
57.3065393981888	0.503543891289480
57.3288371436243	0.504085289618945
57.3511268483743	0.504626687948410
57.3734085093127	0.505168086277875
57.3956821233142	0.505709484607339
57.4179476872549	0.505587287014958
57.4402051980119	0.505305469453876
57.4624546524635	0.505023651892793
57.4846960474890	0.504741834331711
57.5069293799691	0.504460016770629
57.5291546467852	0.504178199209546
57.5513718448204	0.503896381648464
57.5735809709583	0.503614564087382
57.5957820220842	0.503332746526299
57.6179749950841	0.503628574023978
57.6401598868454	0.504059926078785
57.6623366942565	0.504491278133591
57.6845054142070	0.504922630188398
57.7066660435877	0.505353982243204
57.7288185792903	0.505785334298011
57.7509630182079	0.506216686352817
57.7730993572346	0.506648038407624
57.7952275932655	0.507079390462430
57.8173477231973	0.507422495996201
57.8394597439273	0.507741329080893
57.8615636523542	0.508060162165584
57.8836594453778	0.508378995250275
57.9057471198991	0.508697828334966
57.9278266728202	0.509016661419658
57.9498981010442	0.509335494504349
57.9719614014756	0.509654327589040
57.9940165710199	0.509973160673732
58.0160636065835	0.510137645191593
58.0381025050745	0.510244647905724
58.0601332634016	0.510351650619855
58.0821558784750	0.510458653333987
58.1041703472059	0.510565656048118
58.1261766665065	0.510672658762249
58.1481748332905	0.510779661476380
58.1701648444723	0.510886664190511
58.1921466969679	0.510993666904642
58.2141203876941	0.511273358671309
58.2360859135691	0.511649076856877
58.2580432715119	0.512024795042445
58.2799924584430	0.512400513228013
58.3019334712839	0.512776231413582
58.3238663069573	0.513151949599150
58.3457909623868	0.513527667784718
58.3677074344976	0.513903385970287
58.3896157202156	0.514279104155855
58.4115158164682	0.514135076447697
58.4334077201836	0.513522459704682
58.4552914282915	0.512909842961666
58.4771669377226	0.512297226218651
58.4990342454086	0.511684609475636
58.5208933482826	0.511071992732620
58.5427442432786	0.510459375989605
58.5645869273321	0.509846759246590
58.5864213973794	0.509234142503574
58.6082476503582	0.508937996360377
58.6300656832071	0.509162777419654
58.6518754928662	0.509387558478932
58.6736770762763	0.509612339538209
58.6954704303798	0.509837120597486
58.7172555521200	0.510061901656763
58.7390324384415	0.510286682716041
58.7608010862898	0.510511463775318
58.7825614926119	0.510736244834595
58.8043136543556	0.510991264336248
58.8260575684702	0.511368503517432
58.8477932319060	0.511745742698616
58.8695206416143	0.512122981879799
58.8912397945479	0.512500221060983
58.9129506876604	0.512877460242167
58.9346533179068	0.513254699423350
58.9563476822432	0.513631938604534
58.9780337776269	0.514009177785718
58.9997116010162	0.514386416966902
59.0213811493707	0.514499630261399
59.0430424196511	0.514609282870961
59.0646954088194	0.514718935480522
59.0863401138385	0.514828588090084
59.1079765316727	0.514938240699645
59.1296046592873	0.515047893309207
59.1512244936490	0.515157545918769
59.1728360317253	0.515267198528330
59.1944392704852	0.515376851137892
59.2160342068986	0.515263991915273
59.2376208379368	0.515073979310009
59.2591991605722	0.514883966704745
59.2807691717782	0.514693954099481
59.3023308685295	0.514503941494217
59.3238842478020	0.514313928888953
59.3454293065727	0.514123916283690
59.3669660418198	0.513933903678426
59.3884944505227	0.513743891073162
59.4100145296618	0.513594705586523
59.4315262762189	0.513492416794869
59.4530296871768	0.513390128003214
59.4745247595195	0.513287839211559
59.4960114902323	0.513185550419904
59.5174898763015	0.513083261628249
59.5389599147147	0.512980972836594
59.5604216024605	0.512878684044939
59.5818749365288	0.512776395253284
59.6033199139107	0.512635600232795
59.6247565315985	0.512284620724323
59.6461847865854	0.511933641215852
59.6676046758662	0.511582661707380
59.6890161964364	0.511231682198909
59.7104193452931	0.510880702690437
59.7318141194343	0.510529723181965
59.7532005158593	0.510178743673494
59.7745785315685	0.509827764165022
59.7959481635636	0.509476784656550
59.8173094088474	0.509026836454382
59.8386622644237	0.508553725894723
59.8600067272978	0.508080615335065
59.8813427944759	0.507607504775406
59.9026704629656	0.507134394215747
59.9239897297756	0.506661283656088
59.9453005919157	0.506188173096430
59.9666030463969	0.505715062536771
59.9878970902315	0.505241951977112
60.0091827204328	0.504819962268408
60.0304599340154	0.504465337109630
60.0517287279951	0.504110711950852
60.0729890993888	0.503756086792074
60.0942410452146	0.503401461633296
60.1154845624918	0.503046836474518
60.1367196482410	0.502692211315740
60.1579462994837	0.502337586156962
60.1791645132428	0.501982960998184
60.2003742865423	0.501626320823138
60.2215756164075	0.501157530771304
60.2427684998647	0.500688740719469
60.2639529339416	0.500219950667635
60.2851289156668	0.499751160615801
60.3062964420704	0.499282370563967
60.3274555101834	0.498813580512132
60.3486061170383	0.498344790460298
60.3697482596685	0.497876000408464
60.3908819351086	0.497407210356629
60.4120071403947	0.496842844220165
60.4331238725638	0.496205913281885
60.4542321286541	0.495568982343604
60.4753319057050	0.494932051405324
60.4964232007573	0.494295120467043
60.5175060108528	0.493658189528763
60.5385803330344	0.493021258590483
60.5596461643464	0.492384327652202
60.5807035018342	0.491747396713922
60.6017523425444	0.491092376620280
60.6227926835247	0.490238201301899
60.6438245218241	0.489384025983518
60.6648478544929	0.488529850665137
60.6858626785824	0.487675675346756
60.7068689911450	0.486821500028375
60.7278667892346	0.485967324709994
60.7488560699062	0.485113149391613
60.7698368302158	0.484258974073233
60.7908090672208	0.483404798754852
60.8117727779797	0.482177301600274
60.8327279595522	0.480658413168408
60.8536746089993	0.479139524736543
60.8746127233830	0.477620636304677
60.8955422997668	0.476101747872811
60.9164633352150	0.474582859440946
60.9373758267935	0.473063971009080
60.9582797715691	0.471545082577214
60.9791751666099	0.470026194145349
61.0000620089852	0.468507059759617
61.0209402957656	0.466905340544337
61.0418100240227	0.465303621329057
61.0626711908294	0.463701902113777
61.0835237932599	0.462100182898497
61.1043678283895	0.460498463683217
61.1252032932946	0.458896744467938
61.1460301850530	0.457295025252657
61.1668485007436	0.455693306037378
61.1876582374465	0.454091586822098
61.2084593922430	0.452458812553559
61.2292519622157	0.450780740086646
61.2500359444483	0.449102667619733
61.2708113360257	0.447424595152820
61.2915781340340	0.445746522685908
61.3123363355606	0.444068450218995
61.3330859376941	0.442390377752082
61.3538269375241	0.440712305285169
61.3745593321417	0.439034232818256
61.3952831186390	0.437356160351343
61.4159982941095	0.435674834686629
61.4367048556476	0.433992550057479
61.4574028003491	0.432310265428329
61.4780921253111	0.430627980799179
61.4987728276319	0.428945696170028
61.5194449044106	0.427263411540878
61.5401083527482	0.425581126911728
61.5607631697462	0.423898842282578
61.5814093525079	0.422216557653427
61.6020468981375	0.420539624360714
61.6226758037404	0.418911283620793
61.6432960664233	0.417282942880873
61.6639076832941	0.415654602140952
61.6845106514619	0.414026261401031
61.7051049680371	0.412397920661110
61.7256906301311	0.410769579921190
61.7462676348568	0.409141239181269
61.7668359793280	0.407512898441348
61.7873956606600	0.405884557701427
61.8079466759691	0.404400292206586
61.8284890223730	0.403144498619296
61.8490226969905	0.401888705032006
61.8695476969416	0.400632911444716
61.8900640193476	0.399377117857426
61.9105716613309	0.398121324270136
61.9310706200153	0.396865530682847
61.9515608925256	0.395609737095557
61.9720424759880	0.394353943508267
61.9925153675297	0.393098149920977
62.0129795642795	0.392301654902948
62.0334350633670	0.391769957508023
62.0538818619233	0.391238260113099
62.0743199570806	0.390706562718174
62.0947493459723	0.390174865323249
62.1151700257332	0.389643167928324
62.1355819934990	0.389111470533399
62.1559852464069	0.388579773138474
62.1763797815952	0.388048075743549
62.1967655962035	0.387516378348624
62.2171426873726	0.387278961652687
62.2375110522445	0.387097056823749
62.2578706879623	0.386915151994811
62.2782215916705	0.386733247165873
62.2985637605149	0.386551342336935
62.3188971916423	0.386369437507998
62.3392218822008	0.386187532679060
62.3595378293397	0.386005627850122
62.3798450302098	0.385823723021184
62.4001434819627	0.385641966692656
62.4204331817514	0.385481066201574
62.4407141267304	0.385320165710492
62.4609863140549	0.385159265219409
62.4812497408818	0.384998364728327
62.5015044043690	0.384837464237245
62.5217503016757	0.384676563746163
62.5419874299622	0.384515663255081
62.5622157863902	0.384354762763998
62.5824353681226	0.384193862272916
62.6026461723234	0.384143949537899
62.6228481961580	0.384830588846520
62.6430414367929	0.385517228155142
62.6632258913960	0.386203867463763
62.6834015571361	0.386890506772384
62.7035684311837	0.387577146081005
62.7237265107101	0.388263785389627
62.7438757928881	0.388950424698248
62.7640162748916	0.389637064006869
62.7841479538959	0.390323703315490
62.8042708270773	0.391080419944885
62.8243848916135	0.392097186295397
62.8444901446834	0.393113952645909
62.8645865834671	0.394130718996420
62.8846742051460	0.395147485346932
62.9047530069027	0.396164251697444
62.9248229859210	0.397181018047956
62.9448841393860	0.398197784398467
62.9649364644840	0.399214550748979
62.9849799584026	0.400231317099491
63.0050146183305	0.401164350799484
63.0250404414578	0.401846638741042
63.0450574249758	0.402528926682601
63.0650655660769	0.403211214624159
63.0850648619549	0.403893502565718
63.1050553098048	0.404575790507276
63.1250369068228	0.405258078448834
63.1450096502064	0.405940366390393
63.1649735371543	0.406622654331951
63.1849285648665	0.407304942273509
63.2048747305441	0.407999472834108
63.2248120313896	0.408731846182165
63.2447404646068	0.409464219530222
63.2646600274004	0.410196592878279
63.2845707169766	0.410928966226337
63.3044725305430	0.411661339574394
63.3243654653082	0.412393712922451
63.3442495184819	0.413126086270508
63.3641246872756	0.413858459618565
63.3839909689014	0.414590832966622
63.4038483605731	0.415421320185285
63.4236968595055	0.416659866272568
63.4435364629148	0.417898412359851
63.4633671680184	0.419136958447134
63.4831889720349	0.420375504534417
63.5030018721841	0.421614050621700
63.5228058656873	0.422852596708983
63.5426009497669	0.424091142796266
63.5623871216463	0.425329688883549
63.5821643785505	0.426568234970832
63.6019327177057	0.427810347867951
63.6216921363392	0.429085368806142
63.6414426316797	0.430360389744334
63.6611842009570	0.431635410682525
63.6809168414023	0.432910431620716
63.7006405502479	0.434185452558908
63.7203553247276	0.435460473497099
63.7400611620762	0.436735494435291
63.7597580595298	0.438010515373482
63.7794460143258	0.439285536311673
63.7991250237030	0.440560557249865
63.8187950849012	0.441826406212691
63.8384561951615	0.443091828279767
63.8581083517265	0.444357250346843
63.8777515518397	0.445622672413919
63.8973857927462	0.446888094480995
63.9170110716920	0.448153516548071
63.9366273859248	0.449418938615147
63.9562347326930	0.450684360682223
63.9758331092468	0.451949782749299
63.9954225128373	0.453215204816375
64.0150029407170	0.454611362480343
64.0345743901397	0.456047399330862
64.0541368583603	0.457483436181380
64.0736903426351	0.458919473031899
64.0932348402216	0.460355509882418
64.1127703483786	0.461791546732937
64.1322968643662	0.463227583583456
64.1518143854456	0.464663620433974
64.1713229088793	0.466099657284493
64.1908224319313	0.467535694135012
64.2103129518666	0.468871980775024
64.2297944659515	0.470119519336917
64.2492669714537	0.471367057898810
64.2687304656420	0.472614596460704
64.2881849457865	0.473862135022597
64.3076304091588	0.475109673584491
64.3270668530313	0.476357212146384
64.3464942746782	0.477604750708277
64.3659126713744	0.478852289270171
64.3853220403966	0.480099827832064
64.4047223790225	0.481249169580547
64.4241136845310	0.482093368976632
64.4434959542025	0.482937568372718
64.4628691853183	0.483781767768804
64.4822333751614	0.484625967164890
64.5015885210158	0.485470166560975
64.5209346201669	0.486314365957061
64.5402716699012	0.487158565353147
64.5595996675066	0.488002764749232
64.5789186102722	0.488846964145318
64.5982284954886	0.489691163541404
64.6175293204472	0.489580597153413
64.6368210824412	0.489373565043667
64.6561037787647	0.489166532933920
64.6753774067132	0.488959500824174
64.6946419635835	0.488752468714427
64.7138974466737	0.488545436604681
64.7331438532830	0.488338404494934
64.7523811807120	0.488131372385188
64.7716094262626	0.487924340275441
64.7908285872379	0.487717308165695
64.8100386609423	0.487741295200065
64.8292396446816	0.487976293872818
64.8484315357626	0.488211292545571
64.8676143314936	0.488446291218324
64.8867880291841	0.488681289891077
64.9059526261448	0.488916288563830
64.9251081196880	0.489151287236583
64.9442545071268	0.489386285909336
64.9633917857759	0.489621284582089
64.9825199529512	0.489856283254843
65.0016390059698	0.490030107622433
65.0207489421502	0.489551659327883
65.0398497588122	0.489073211033333
65.0589414532767	0.488594762738782
65.0780240228660	0.488116314444232
65.0970974649037	0.487637866149682
65.1161617767147	0.487159417855131
65.1352169556249	0.486680969560581
65.1542629989620	0.486202521266031
65.1732999040544	0.485724072971481
65.1923276682323	0.485245624676930
65.2113462888269	0.484989541426301
65.2303557631706	0.484883784759168
65.2493560885974	0.484778028092035
65.2683472624423	0.484672271424903
65.2873292820417	0.484566514757770
65.3063021447332	0.484460758090637
65.3252658478559	0.484355001423505
65.3442203887499	0.484249244756372
65.3631657647568	0.484143488089239
65.3821019732194	0.484037731422107
65.4010290114818	0.483941702900969
65.4199468768892	0.484014841069601
65.4388555667886	0.484087979238233
65.4577550785276	0.484161117406866
65.4766454094557	0.484234255575498
65.4955265569234	0.484307393744130
65.5143985182823	0.484380531912763
65.5332612908858	0.484453670081395
65.5521148720880	0.484526808250027
65.5709592592448	0.484599946418659
65.5897944497131	0.484673084587292
65.6086204408512	0.484588136807963
65.6274372300186	0.484316079831878
65.6462448145761	0.484044022855792
65.6650431918859	0.483771965879707
65.6838323593114	0.483499908903621
65.7026123142173	0.483227851927536
65.7213830539697	0.482955794951450
65.7401445759358	0.482683737975365
65.7588968774842	0.482411680999279
65.7776399559848	0.482139624023194
65.7963738088088	0.481867567047108
65.8150984333287	0.481085713430416
65.8338138269182	0.480181451992449
65.8525199869524	0.479277190554483
65.8712169108077	0.478372929116516
65.8899045958616	0.477468667678550
65.9085830394933	0.476564406240583
65.9272522390828	0.475660144802616
65.9459121920118	0.474755883364650
65.9645628956630	0.473851621926683
65.9832043474207	0.472947360488717
66.0018365446702	0.472082171284070
66.0204594847983	0.471574218644624
66.0390731651930	0.471066266005179
66.0576775832436	0.470558313365733
66.0762727363409	0.470050360726287
66.0948586218766	0.469542408086841
66.1134352372440	0.469034455447396
66.1320025798377	0.468526502807950
66.1505606470535	0.468018550168504
66.1691094362885	0.467510597529058
66.1876489449411	0.467002644889612
66.2061791704111	0.466428735339711
66.2247001100995	0.465723022432268
66.2432117614086	0.465017309524825
66.2617141217421	0.464311596617382
66.2802071885049	0.463605883709939
66.2986909591033	0.462900170802495
66.3171654309448	0.462194457895052
66.3356306014383	0.461488744987609
66.3540864679939	0.460783032080166
66.3725330280231	0.460077319172723
66.3909702789386	0.459371606265280
66.4093982181546	0.458970755190856
66.4278168430864	0.458862738808828
66.4462261511507	0.458754722426801
66.4646261397655	0.458646706044774
66.4830168063501	0.458538689662747
66.5013981483250	0.458430673280719
66.5197701631123	0.458322656898692
66.5381328481351	0.458214640516665
66.5564862008180	0.458106624134638
66.5748302185868	0.457998607752610
66.5931648988687	0.457890591370583
66.6114902390921	0.457596643143312
66.6298062366867	0.457192119162693
66.6481128890838	0.456787595182073
66.6664101937156	0.456383071201454
66.6846981480159	0.455978547220834
66.7029767494196	0.455574023240215
66.7212459953632	0.455169499259596
66.7395058832842	0.454764975278976
66.7577564106216	0.454360451298357
66.7759975748156	0.453955927317738
66.7942293733079	0.453551403337118
66.8124518035413	0.452881957442933
66.8306648629600	0.452089768283053
66.8488685490096	0.451297579123173
66.8670628591368	0.450505389963293
66.8852477907899	0.449713200803413
66.9034233414183	0.448921011643533
66.9215895084727	0.448128822483653
66.9397462894052	0.447336633323773
66.9578936816694	0.446544444163893
66.9760316827198	0.445752255004012
66.9941602900126	0.444960065844132
67.0122795010051	0.444134898250992
67.0303893131560	0.443294051278971
67.0484897239252	0.442453204306949
67.0665807307742	0.441612357334928
67.0846623311655	0.440771510362906
67.1027345225631	0.439930663390884
67.1207973024323	0.439089816418863
67.1388506682397	0.438248969446841
67.1568946174531	0.437408122474820
67.1749291475418	0.436567275502798
67.1929542559765	0.435726428530777
67.2109699402289	0.435337758746305
67.2289761977722	0.435239436424318
67.2469730260811	0.435141114102330
67.2649604226312	0.435042791780343
67.2829383848999	0.434944469458356
67.3009069103655	0.434846147136369
67.3188659965080	0.434747824814382
67.3368156408083	0.434649502492395
67.3547558407491	0.434551180170407
67.3726865938141	0.434452857848420
67.3906078974884	0.434354535526433
67.4085197492585	0.434096096940272
67.4264221466120	0.433661193711210
67.4443150870382	0.433226290482148
67.4621985680273	0.432791387253086
67.4800725870712	0.432356484024023
67.4979371416630	0.431921580794961
67.5157922292970	0.431486677565899
67.5336378474689	0.431051774336837
67.5514739936758	0.430616871107775
67.5693006654161	0.430181967878713
67.5871178601896	0.429747064649651
67.6049255754971	0.429328014262993
67.6227238088412	0.428950413785918
67.6405125577255	0.428572813308843
67.6582918196550	0.428195212831768
67.6760615921361	0.427817612354693
67.6938218726765	0.427440011877618
67.7115726587852	0.427062411400542
67.7293139479726	0.426684810923467
67.7470457377503	0.426307210446392
67.7647680256315	0.425929609969317
67.7824808091303	0.425552009492242
67.8001840857625	0.425174295767343
67.8178778530452	0.424785807033794
67.8355621084967	0.424397318300245
67.8532368496366	0.424008829566696
67.8709020739860	0.423620340833147
67.8885577790672	0.423231852099597
67.9062039624040	0.422843363366048
67.9238406215213	0.422454874632499
67.9414677539456	0.422066385898950
67.9590853572044	0.421677897165401
67.9766934288269	0.421289408431852
67.9942919663434	0.420900919698303
68.0118809672857	0.420612733215513
68.0294604291867	0.420372722501474
68.0470303495808	0.420132711787435
68.0645907260039	0.419892701073396
68.0821415559929	0.419652690359357
68.0996828370862	0.419412679645318
68.1172145668236	0.419172668931279
68.1347367427462	0.418932658217240
68.1522493623963	0.418692647503200
68.1697524233177	0.418452636789161
68.1872459230556	0.418212626075122
68.2047298591564	0.417919783820493
68.2222042291678	0.417484519741188
68.2396690306390	0.417049255661882
68.2571242611204	0.416613991582577
68.2745699181639	0.416178727503272
68.2920059993225	0.415743463423967
68.3094325021509	0.415308199344661
68.3268494242048	0.414872935265356
68.3442567630414	0.414437671186051
68.3616545162192	0.414002407106745
68.3790426812982	0.413567143027440
68.3964212558394	0.413131878948135
68.4137902374055	0.412752671227533
68.4311496235604	0.412388006850784
68.4484994118694	0.412023342474036
68.4658395998990	0.411658678097288
68.4831701852171	0.411294013720540
68.5004911653931	0.410929349343791
68.5178025379976	0.410564684967043
68.5351043006026	0.410200020590295
68.5523964507814	0.409835356213546
68.5696789861087	0.409470691836798
68.5869519041605	0.409106027460050
68.6042152025142	0.408714354548385
68.6214688787486	0.408239100108221
68.6387129304437	0.407763845668057
68.6559473551809	0.407288591227893
68.6731721505430	0.406813336787729
68.6903873141141	0.406338082347565
68.7075928434798	0.405862827907401
68.7247887362268	0.405387573467237
68.7419749899433	0.404912319027073
68.7591516022189	0.404437064586909
68.7763185706444	0.403961810146744
68.7934758928122	0.403486555706580
68.8106235663157	0.403046039269613
68.8277615887499	0.402626850051604
68.8448899577111	0.402207660833595
68.8620086707970	0.401788471615586
68.8791177256066	0.401369282397577
68.8962171197402	0.400950093179567
68.9133068507996	0.400530903961558
68.9303869163878	0.400111714743549
68.9474573141092	0.399692525525540
68.9645180415697	0.399273336307531
68.9815690963764	0.398854147089522
68.9986104761376	0.398434957871512
69.0156421784635	0.398025910838894
69.0326642009650	0.397617764504722
69.0496765412549	0.397209618170551
69.0666791969470	0.396801471836380
69.0836721656565	0.396393325502209
69.1006554450003	0.395985179168038
69.1176290325961	0.395577032833866
69.1345929260635	0.395168886499695
69.1515471230232	0.394760740165524
69.1684916210971	0.394352593831353
69.1854264179088	0.393944447497182
69.2023515110830	0.393529376346173
69.2192668982460	0.393071400430965
69.2361725770251	0.392613424515758
69.2530685450494	0.392155448600550
69.2699547999491	0.391697472685343
69.2868313393558	0.391239496770135
69.3036981609024	0.390781520854927
69.3205552622233	0.390323544939720
69.3374026409542	0.389865569024512
69.3542402947322	0.389407593109304
69.3710682211956	0.388949617194097
69.3878864179843	0.388491641278889
69.4046948827394	0.388034423282078
69.4214936131035	0.387579160279823
69.4382826067204	0.387123897277569
69.4550618612353	0.386668634275315
69.4718313742950	0.386213371273061
69.4885911435473	0.385758108270806
69.5053411666417	0.385302845268552
69.5220814412288	0.384847582266298
69.5388119649608	0.384392319264044
69.5555327354910	0.383937056261790
69.5722437504743	0.383481793259535
69.5889450075670	0.383026530257281
69.6056365044264	0.382549106087480
69.6223182387116	0.382028229337398
69.6389902080829	0.381507352587317
69.6556524102020	0.380986475837236
69.6723048427318	0.380465599087154
69.6889475033368	0.379944722337073
69.7055803896827	0.379423845586991
69.7222034994367	0.378902968836910
69.7388168302673	0.378382092086829
69.7554203798444	0.377861215336747
69.7720141458393	0.377340338586666
69.7885981259246	0.376819461836584
69.8051723177742	0.376337750199232
69.8217367190636	0.375942348895246
69.8382913274696	0.375546947591261
69.8548361406702	0.375151546287276
69.8713711563450	0.374756144983290
69.8878963721747	0.374360743679305
69.9044117858418	0.373965342375319
69.9209173950298	0.373569941071334
69.9374131974236	0.373174539767348
69.9538991907097	0.372779138463363
69.9703753725758	0.372383737159377
69.9868417407110	0.371988335855392
70.0032982928059	0.371563294625491
70.0197450265523	0.371020042684437
70.0361819396435	0.370476790743383
70.0526090297740	0.369933538802329
70.0690262946400	0.369390286861274
70.0854337319388	0.368847034920220
70.1018313393691	0.368303782979166
70.1182191146312	0.367760531038111
70.1345970554264	0.367217279097057
70.1509651594579	0.366674027156003
70.1673234244297	0.366130775214948
70.1836718480476	0.365587523273894
70.2000104280187	0.365044236426365
70.2163391620513	0.364446307983312
70.2326580478553	0.363848379540260
70.2489670831418	0.363250451097207
70.2652662656234	0.362652522654154
70.2815555930141	0.362054594211102
70.2978350630292	0.361456665768049
70.3141046733854	0.360858737324996
70.3303644218008	0.360260808881944
70.3466143059949	0.359662880438891
70.3628543236885	0.359064951995838
70.3790844726039	0.358467023552786
70.3953047504648	0.357869095109733
70.4115151549961	0.357316208759667
70.4277156839243	0.356781682541205
70.4439063349771	0.356247156322742
70.4600871058837	0.355712630104280
70.4762579943746	0.355178103885818
70.4924189981819	0.354643577667355
70.5085701150388	0.354109051448893
70.5247113426801	0.353574525230431
70.5408426788418	0.353039999011969
70.5569641212615	0.352505472793506
70.5730756676780	0.351970946575044
70.5891773158316	0.351436420356582
70.6052690634640	0.350907025377321
70.6213509083182	0.350388166777468
70.6374228481385	0.349869308177614
70.6534848806710	0.349350449577761
70.6695370036626	0.348831590977907
70.6855792148622	0.348312732378054
70.7016115120196	0.347793873778200
70.7176338928863	0.347275015178347
70.7336463552149	0.346756156578493
70.7496488967598	0.346237297978640
70.7656415152763	0.345718439378786
70.7816242085215	0.345199580778933
70.7975969742538	0.344680722179079
70.8135598102328	0.344022433484631
70.8295127142196	0.343339442973160
70.8454556839769	0.342656452461688
70.8613887172684	0.341973461950216
70.8773118118595	0.341290471438744
70.8932249655170	0.340607480927272
70.9091281760088	0.339924490415800
70.9250214411045	0.339241499904329
70.9409047585750	0.338558509392857
70.9567781261925	0.337875518881385
70.9726415417308	0.337192528369913
70.9884950029648	0.336509537858441
71.0043385076710	0.335868574272544
71.0201720536274	0.335339024386674
71.0359956386131	0.334809474500804
71.0518092604088	0.334279924614934
71.0676129167967	0.333750374729064
71.0834066055600	0.333220824843194
71.0991903244837	0.332691274957324
71.1149640713540	0.332161725071454
71.1307278439586	0.331632175185584
71.1464816400865	0.331102625299714
71.1622254575281	0.330573075413844
71.1779592940753	0.330043525527974
71.1936831475214	0.329513975642104
71.2093970156609	0.329116516555228
71.2251008962899	0.328807823225920
71.2407947872059	0.328499129896611
71.2564786862078	0.328190436567302
71.2721525910956	0.327881743237994
71.2878164996712	0.327573049908685
71.3034704097376	0.327264356579376
71.3191143190991	0.326955663250068
71.3347482255617	0.326646969920759
71.3503721269326	0.326338276591450
71.3659860210206	0.326029583262141
71.3815899056355	0.325720889932833
71.3971837785890	0.325412196603524
71.4127676376939	0.324854335105164
71.4283414807644	0.324241530812305
71.4439053056163	0.323628726519447
71.4594591100666	0.323015922226588
71.4750028919339	0.322403117933730
71.4905366490380	0.321790313640872
71.5060603792002	0.321177509348013
71.5215740802433	0.320564705055154
71.5370777499913	0.319951900762296
71.5525713862698	0.319339096469438
71.5680549869058	0.318726292176579
71.5835285497275	0.318113487883721
71.5989920725647	0.317500683590862
71.6144455532486	0.316989588501431
71.6298889896117	0.316485587874399
71.6453223794880	0.315981587247368
71.6607457207129	0.315477586620336
71.6761590111232	0.314973585993304
71.6915622485571	0.314469585366273
71.7069554308541	0.313965584739241
71.7223385558554	0.313461584112209
71.7377116214033	0.312957583485178
71.7530746253416	0.312453582858146
71.7684275655158	0.311949582231114
71.7837704397723	0.311445581604083
71.7991032459593	0.310941580977051
71.8144259819263	0.310524099410721
71.8297386455241	0.310111994390087
71.8450412346051	0.309699889369452
71.8603337470231	0.309287784348818
71.8756161806331	0.308875679328183
71.8908885332916	0.308463574307549
71.9061508028568	0.308051469286914
71.9214029871880	0.307639364266280
71.9366450841459	0.307227259245645
71.9518770915927	0.306815154225011
71.9670990073922	0.306403049204376
71.9823108294093	0.305990944183742
71.9975125555105	0.305578839163107
72.0127041835637	0.305178568236939
72.0278857114381	0.304780613637245
72.0430571370045	0.304382659037551
72.0582184581350	0.303984704437858
72.0733696727031	0.303586749838164
72.0885107785838	0.303188795238470
72.1036417736535	0.302790840638777
72.1187626557900	0.302392886039083
72.1338734228724	0.301994931439389
72.1489740727814	0.301596976839695
72.1640646033991	0.301199022240002
72.1791450126089	0.300801067640308
72.1942152982957	0.300403113040614
72.2092754583459	0.299960235937959
72.2243254906471	0.299489351979369
72.2393653930885	0.299018468020779
72.2543951635607	0.298547584062189
72.2694147999557	0.298076700103599
72.2844243001668	0.297605816145009
72.2994236620890	0.297134932186419
72.3144128836184	0.296664048227830
72.3293919626528	0.296193164269240
72.3443608970913	0.295722280310650
72.3593196848343	0.295251396352060
72.3742683237838	0.294780512393470
72.3892068118433	0.294309628434880
72.4041351469174	0.293857753227815
72.4190533269125	0.293455476228964
72.4339613497361	0.293053199230113
72.4488592132973	0.292650922231262
72.4637469155066	0.292248645232411
72.4786244542760	0.291846368233560
72.4934918275187	0.291444091234709
72.5083490331496	0.291041814235858
72.5231960690848	0.290639537237007
72.5380329332420	0.290237260238156
72.5528596235402	0.289834983239305
72.5676761378999	0.289432706240454
72.5824824742429	0.289030429241602
72.5972786304927	0.288628152242751
72.6120646045740	0.288297193987720
72.6268403944129	0.287982317357071
72.6416059979371	0.287667440726423
72.6563614130755	0.287352564095774
72.6711066377588	0.287037687465126
72.6858416699188	0.286722810834477
72.7005665074888	0.286407934203828
72.7152811484035	0.286093057573180
72.7299855905992	0.285778180942531
72.7446798320136	0.285463304311883
72.7593638705855	0.285148427681234
72.7740377042556	0.284833551050586
72.7887013309657	0.284518674419937
72.8033547486592	0.284164919284633
72.8179979552809	0.283680267871093
72.8326309487769	0.283195616457552
72.8472537270950	0.282710965044012
72.8618662881841	0.282226313630472
72.8764686299948	0.281741662216932
72.8910607504791	0.281257010803392
72.9056426475903	0.280772359389852
72.9202143192832	0.280287707976312
72.9347757635140	0.279803056562772
72.9493269782405	0.279318405149231
72.9638679614218	0.278833753735691
72.9783987110183	0.278349102322151
72.9929192249921	0.277864450908611
73.0074295013067	0.277363697372496
73.0219295379267	0.276847602906301
73.0364193328186	0.276331508440107
73.0508988839501	0.275815413973912
73.0653681892903	0.275299319507717
73.0798272468099	0.274783225041523
73.0942760544808	0.274267130575328
73.1087146102765	0.273751036109134
73.1231429121721	0.273234941642939
73.1375609581437	0.272718847176745
73.1519687461692	0.272202752710550
73.1663662742278	0.271686658244356
73.1807535403003	0.271170563778161
73.1951305423686	0.270654469311967
73.2094972784164	0.270245766385578
73.2238537464286	0.269892105935650
73.2381999443917	0.269538445485723
73.2525358702935	0.269184785035795
73.2668615221233	0.268831124585868
73.2811768978719	0.268477464135940
73.2954819955315	0.268123803686013
73.3097768130957	0.267770143236085
73.3240613485595	0.267416482786158
73.3383355999196	0.267062822336231
73.3525995651738	0.266709161886303
73.3668532423215	0.266355501436376
73.3810966293637	0.266001840986448
73.3953297243025	0.265648180536521
73.4095525251417	0.265282238930651
73.4237650298865	0.264910295160866
73.4379672365435	0.264538351391080
73.4521591431207	0.264166407621294
73.4663407476277	0.263794463851508
73.4805120480755	0.263422520081722
73.4946730424763	0.263050576311937
73.5088237288442	0.262678632542151
73.5229641051942	0.262306688772365
73.5370941695433	0.261934745002579
73.5512139199095	0.261562801232793
73.5653233543125	0.261190857463008
73.5794224707733	0.260818913693222
73.5935112673146	0.260446969923436
73.6075897419602	0.260042022605713
73.6216578927356	0.259608869657566
73.6357157176675	0.259175716709420
73.6497632147845	0.258742563761274
73.6638003821162	0.258309410813127
73.6778272176937	0.257876257864981
73.6918437195499	0.257443104916834
73.7058498857187	0.257009951968688
73.7198457142358	0.256576799020541
73.7338312031381	0.256143646072395
73.7478063504642	0.255710493124249
73.7617711542538	0.255277340176102
73.7757256125484	0.254844187227956
73.7896697233908	0.254411034279809
73.8036034848253	0.253991172613265
73.8175268948975	0.253609399706570
73.8314399516547	0.253227626799874
73.8453426531454	0.252845853893179
73.8592349974197	0.252464080986483
73.8731169825291	0.252082308079788
73.8869886065267	0.251700535173092
73.9008498674668	0.251318762266397
73.9147007634053	0.250936989359701
73.9285412923995	0.250555216453006
73.9423714525084	0.250173443546311
73.9561912417920	0.249791670639615
73.9700006583121	0.249409897732920
73.9837997001318	0.249028124826224
73.9975883653158	0.248646351919529
74.0113666519301	0.248243133750015
74.0251345580422	0.247835367282631
74.0388920817211	0.247427600815247
74.0526392210373	0.247019834347863
74.0663759740626	0.246612067880480
74.0801023388703	0.246204301413096
74.0938183135354	0.245796534945712
74.1075238961340	0.245388768478328
74.1212190847438	0.244981002010944
74.1349038774440	0.244573235543560
74.1485782723153	0.244165469076177
74.1622422674398	0.243757702608793
74.1758958609009	0.243349936141409
74.1895390507837	0.242942169674025
74.2031718351747	0.242541803975565
74.2167942121618	0.242165837365174
74.2304061798345	0.241789870754783
74.2440077362834	0.241413904144392
74.2575988796009	0.241037937534001
74.2711796078809	0.240661970923610
74.2847499192185	0.240286004313219
74.2983098117104	0.239910037702828
74.3118592834548	0.239534071092437
74.3253983325513	0.239158104482046
74.3389269571009	0.238782137871655
74.3524451552063	0.238406171261264
74.3659529249713	0.238030204650873
74.3794502645015	0.237654238040482
74.3929371719037	0.237278271430091
74.4064136452864	0.236894228463158
74.4198796827594	0.236501295076389
74.4333352824341	0.236108361689620
74.4467804424231	0.235715428302850
74.4602151608409	0.235322494916081
74.4736394358029	0.234929561529312
74.4870532654265	0.234536628142543
74.5004566478302	0.234143694755774
74.5138495811342	0.233750761369005
74.5272320634601	0.233357827982236
74.5406040929308	0.232964894595467
74.5539656676709	0.232571961208698
74.5673167858063	0.232179027821929
74.5806574454644	0.231786094435160
74.5939876447742	0.231393161048391
74.6073073818661	0.230993204816485
74.6206166548718	0.230587472586131
74.6339154619247	0.230181740355776
74.6472038011595	0.229776008125422
74.6604816707124	0.229370275895067
74.6737490687212	0.228964543664713
74.6870059933251	0.228558811434358
74.7002524426647	0.228153079204004
74.7134884148821	0.227747346973649
74.7267139081208	0.227341614743295
74.7399289205260	0.226935882512940
74.7531334502442	0.226530150282586
74.7663274954233	0.226124418052231
74.7795110542128	0.225718685821877
74.7926841247636	0.225312953591522
74.8058467052282	0.224922304154637
74.8189987937605	0.224550520096465
74.8321403885157	0.224178736038292
74.8452714876507	0.223806951980120
74.8583920893237	0.223435167921947
74.8715021916947	0.223063383863775
74.8846017929246	0.222691599805602
74.8976908911764	0.222319815747430
74.9107694846142	0.221948031689257
74.9238375714036	0.221576247631085
74.9368951497117	0.221204463572912
74.9499422177072	0.220832679514740
74.9629787735602	0.220460895456567
74.9760048154421	0.220089111398395
74.9890203415260	0.219717327340222
75.0020253499865	0.219344712402495
75.0150198389994	0.218967594957117
75.0280038067423	0.218590477511739
75.0409772513940	0.218213360066361
75.0539401711350	0.217836242620983
75.0668925641472	0.217459125175605
75.0798344286139	0.217082007730226
75.0927657627199	0.216704890284848
75.1056865646515	0.216327772839470
75.1185968325966	0.215950655394092
75.1314965647443	0.215573537948714
75.1443857592855	0.215196420503336
75.1572644144124	0.214819303057958
75.1701325283186	0.214442185612580
75.1829900991994	0.214065068167202
75.1958371252513	0.213687950721824
75.2086736046726	0.213322049786847
75.2214995356627	0.212961529995275
75.2343149164230	0.212601010203702
75.2471197451558	0.212240490412130
75.2599140200652	0.211879970620558
75.2726977393568	0.211519450828986
75.2854709012377	0.211158931037413
75.2982335039162	0.210798411245841
75.3109855456024	0.210437891454269
75.3237270245077	0.210077371662697
75.3364579388450	0.209716851871125
75.3491782868288	0.209356332079552
75.3618880666750	0.208995812287980
75.3745872766010	0.208635292496408
75.3872759148256	0.208274772704836
75.3999539795691	0.207914252913263
75.4126214690535	NaN
75.4252783815019	NaN
75.4379247151394	NaN
75.4505604681919	NaN
75.4631856388875	NaN
75.4758002254553	NaN
75.4884042261260	NaN
