NaN	NaN
NaN	NaN
NaN	NaN
NaN	NaN
NaN	NaN
NaN	NaN
NaN	NaN
NaN	NaN
NaN	NaN
NaN	NaN
NaN	NaN
NaN	NaN
NaN	NaN
NaN	NaN
NaN	NaN
NaN	NaN
NaN	NaN
NaN	NaN
NaN	NaN
NaN	NaN
NaN	NaN
NaN	NaN
NaN	NaN
NaN	NaN
NaN	NaN
NaN	NaN
NaN	NaN
NaN	NaN
NaN	NaN
NaN	NaN
NaN	NaN
NaN	NaN
NaN	NaN
NaN	NaN
NaN	NaN
NaN	NaN
NaN	NaN
NaN	NaN
NaN	NaN
NaN	NaN
NaN	NaN
NaN	NaN
NaN	NaN
NaN	NaN
NaN	NaN
NaN	NaN
NaN	NaN
NaN	NaN
NaN	NaN
NaN	NaN
NaN	NaN
NaN	NaN
NaN	NaN
NaN	NaN
NaN	NaN
NaN	NaN
NaN	NaN
NaN	NaN
NaN	NaN
NaN	NaN
NaN	NaN
NaN	NaN
NaN	NaN
NaN	NaN
NaN	NaN
NaN	NaN
NaN	NaN
NaN	NaN
NaN	NaN
NaN	NaN
NaN	NaN
NaN	NaN
NaN	NaN
NaN	NaN
NaN	NaN
NaN	NaN
NaN	NaN
NaN	NaN
NaN	NaN
NaN	NaN
NaN	NaN
NaN	NaN
NaN	NaN
NaN	NaN
NaN	NaN
NaN	NaN
NaN	NaN
NaN	NaN
NaN	NaN
NaN	NaN
NaN	NaN
NaN	NaN
NaN	NaN
NaN	NaN
NaN	NaN
NaN	NaN
NaN	NaN
NaN	NaN
NaN	NaN
NaN	NaN
70.4049607864285	NaN
70.4609617999136	NaN
70.5169529308603	NaN
70.5729341714157	NaN
70.6289055137280	0.106940266522901
70.6848669499470	0.112889044908244
70.7408184722237	0.118837823293587
70.7967600727106	0.124786601678929
70.8526917435617	0.131368691287864
70.9086134769322	0.137989718843031
70.9645252649788	0.144610746398199
71.0204270998595	0.151651517492647
71.0763189737338	0.159421172166152
71.1322008787625	0.167190826839657
71.1880728071079	0.174960481513162
71.2439347509337	0.183453679507982
71.2997867024049	0.192143284094800
71.3556286536880	0.200832888681618
71.4114605969508	0.209643993096386
71.4672825243626	0.218925459486758
71.5230944280940	0.228206925877130
71.5788963003172	0.237488392267502
71.6346881332055	0.247183361671501
71.6904699189340	0.257129877149886
71.7462416496789	0.267076392628271
71.8020033176179	0.277021493609828
71.8577549149300	0.286928640246556
71.9134964337960	0.296835786883284
71.9692278663976	0.306742933520013
72.0249492049183	0.317334344067069
72.0806604415428	0.328769644104786
72.1363615684573	0.340204944142503
72.1920525778495	0.351640244180221
72.2477334619083	0.362395305347005
72.3034042128243	0.373037119675276
72.3590648227892	0.383678934003547
72.4147152839964	0.394256747774216
72.4703555886405	0.404656539972567
72.5259857289178	0.415056332170918
72.5816056970258	0.425456124369270
72.6372154851635	0.435273712583551
72.6928150855313	0.444803563976267
72.7484044903311	0.454333415368983
72.8039836917660	0.463766668668261
72.8595526820410	0.471948925552513
72.9151114533620	0.480131182436766
72.9706599979367	0.488313439321019
73.0261983079741	0.496311494461190
73.0817263756846	0.504103277292774
73.1372441932801	0.511895060124357
73.1927517529739	0.519686842955941
73.2482490469808	0.526641332203355
73.3037360675170	0.533470049851317
73.3592128068001	0.540298767499279
73.4146792570492	0.546770094773819
73.4701354104849	0.552248482591736
73.5255812593290	0.557726870409653
73.5810167958051	0.563205258227570
73.6364420121379	0.568172766013193
73.6918569005538	0.572874173052488
73.7472614532805	0.577575580091784
73.8026556625473	0.582243675621862
73.8580395205848	0.586250299511707
73.9134130196251	0.590256923401552
73.9687761519017	0.594263547291397
74.0241289096498	0.598255783424071
74.0794712851057	0.602229402908467
74.1348032705074	0.606203022392863
74.1901248580942	0.610176641877259
74.2454360401070	0.613038161863724
74.3007368087882	0.615657998839039
74.3560271563814	0.618277835814354
74.4113070751320	0.620994640976765
74.4665765572865	0.624088516740750
74.5218355950931	0.627182392504735
74.5770841808015	0.630276268268720
74.6323223066628	0.633422423028442
74.6875499649294	0.636605638978012
74.7427671478554	0.639788854927582
74.7979738476962	0.642972070877152
74.8531700567090	0.645136146137710
74.9083557671519	0.647261388434611
74.9635309712851	0.649386630731512
75.0186956613698	0.651294616901452
75.0738498296688	0.652778848465506
75.1289934684466	0.654263080029559
75.1841265699689	0.655747311593613
75.2392491265029	0.656890474612792
75.2943611303176	0.657895713227770
75.3494625736830	0.658900951842748
75.4045534488709	0.660146196870357
75.4596337481545	0.664054953626260
75.5147034638085	0.667963710382162
75.5697625881090	0.671872467138065
75.6248111133338	0.673880530560641
75.6798490317619	0.673572431559992
75.7348763356740	0.673264332559344
75.7898930173522	0.672956233558695
75.8448990690801	0.675617738694358
75.8998944831428	0.678947651076488
75.9548792518269	0.682277563458619
76.0098533674205	0.685457372775111
76.0648168222131	0.687949892845993
76.1197696084958	0.690442412916875
76.1747117185613	0.692934932987757
76.2296431447035	0.694779824861059
76.2845638792180	0.696072284578616
76.3394739144020	0.697364744296173
76.3943732425538	0.698657204013730
76.4492618559737	0.701051447804727
76.5041397469632	0.703571526646393
76.5590069078254	0.706091605488059
76.6138633308648	0.708401375632842
76.6687090083875	0.710089334835115
76.7235439327011	0.711777294037389
76.7783680961148	0.713465253239662
76.8331814909390	0.714808317892888
76.8879841094861	0.715926558584858
76.9427759440695	0.717044799276827
76.9975569870044	0.718163039968797
77.0523272306075	0.720503507261877
77.1070866671969	0.722901031618421
77.1618352890924	0.725298555974964
77.2165730886151	0.727338581457487
77.2713000580878	0.728555435475357
77.3260161898347	0.729772289493227
77.3807214761815	0.730989143511097
77.4354159094556	0.731281625519763
77.4900994819857	0.731070978316989
77.5447721861022	0.730860331114215
77.5994340141369	0.730649683911441
77.6540849584233	0.732925304904403
77.7087250112961	0.735226941729517
77.7633541650919	0.737528578554631
77.8179724121486	0.740173539237887
77.8725797448057	0.743518469653532
77.9271761554042	0.746863400069177
77.9817616362866	0.750208330484822
78.0363361797971	0.751685832604343
78.0908997782813	0.752226101986605
78.1454524240862	0.752766371368867
78.1999941095608	0.753306640751128
78.2545248270550	0.753683130983405
78.3090445689208	0.754059603523856
78.3635533275113	0.754436076064306
78.4180510951815	0.754230966464896
78.4725378642878	0.752851711136162
78.5270136271880	0.751472455807428
78.5814783762417	0.750093200478694
78.6359321038099	0.749542740267791
78.6903748022551	0.749419449425753
78.7448064639414	0.749296158583715
78.7992270812346	0.749172867741677
78.8536366465017	0.751909138717488
78.9080351521117	0.754686612940733
78.9624225904347	0.757464087163979
79.0167989538426	0.760024833598490
79.0711642347089	0.762100833037768
79.1255184254086	0.764176832477045
79.1798615183181	0.766252831916323
79.2341935058155	0.767665637062746
79.2885143802805	0.768687889305939
79.3428241340943	0.769710141549133
79.3971227596396	0.770732393792327
79.4514102493007	0.771284511305630
79.5056865954636	0.771810319692522
79.5599517905157	0.772336128079413
79.6142058268459	0.772803708576755
79.6684486968449	0.773107153204044
79.7226803929048	0.773410597831332
79.7769009074193	0.773714042458621
79.8311102327836	0.774167090998385
79.8853083613947	0.774731207839256
79.9394952856508	0.775295324680127
79.9936709979521	0.775859441520998
80.0478354907001	0.774539885603496
80.1019887562979	0.772971130808813
80.1561307871501	0.771402376014129
80.2102615756632	0.770952142496166
80.2643811142449	0.775283200181573
80.3184893953047	0.779614257866980
80.3725864112536	0.783945315552387
80.4266721545041	0.786038359759866
80.4807466174706	0.785831417216933
80.5348097925687	0.785624474674001
80.5888616722157	0.785417532131068
80.6429022488307	0.785170961473694
80.6969315148340	0.784914103595192
80.7509494626479	0.784657245716689
80.8049560846959	0.784415656237584
80.8589513734034	0.784325162914231
80.9129353211973	0.784234669590878
80.9669079205059	0.784144176267525
81.0208691637593	0.783814275245470
81.0748190433892	0.783104786961475
81.1287575518288	0.782395298677481
81.1826846815130	0.781685810393486
81.2366004248781	0.781325195925818
81.2905047743621	0.781129613097025
81.3443977224047	0.780934030268231
81.3982792614471	0.780738447439437
81.4521493839322	0.781171883701618
81.5060080823042	0.781626073243588
81.5598553490094	0.782080262785557
81.6136911764952	0.782341926995526
81.6675155572109	0.782039136310780
81.7213284836074	0.781736345626034
81.7751299481370	0.781433554941288
81.8289199432539	0.779736163092605
81.8826984614137	0.776839593942947
81.9364654950736	0.773943024793289
81.9902210366925	0.771046455643630
82.0439650787310	0.771891089329375
82.0976976136511	0.773567774509449
82.1514186339165	0.775244459689522
82.2051281319926	0.776803846107751
82.2588261003463	0.777252121178932
82.3125125314462	0.777700396250114
82.3661874177625	0.778148671321295
82.4198507517669	0.778662950231800
82.4735025259329	0.779289644135131
82.5271427327355	0.779916338038462
82.5807713646515	0.780543031941793
82.6343884141590	0.780395445858431
82.6879938737380	0.779814959439613
82.7415877358700	0.779234473020794
82.7951699930382	0.778653986601976
82.8487406377274	0.778520550022612
82.9022996624241	0.778431409587245
82.9558470596162	0.778342269151879
83.0093828217934	0.778090902249439
83.0629069414471	0.777076224791496
83.1164194110703	0.776061547333552
83.1699202231574	0.775046869875609
83.2234093702047	0.774153115828645
83.2768868447100	0.773414725050136
83.3303526391730	0.772676334271628
83.3838067460946	0.771937943493120
83.4372491579776	0.772663357163591
83.4906798673265	0.774025058144325
83.5440988666473	0.775386759125060
83.5975061484476	0.776748460105794
83.6509017052369	0.777476573740083
83.7042855295261	0.778173648945009
83.7576576138279	0.778870724149936
83.8110179506564	0.779336351750260
83.8643665325276	0.778912615346596
83.9177033519591	0.778488878942933
83.9710284014702	0.778065142539270
84.0243416735816	0.777900892767473
84.0776431608158	0.778045451678067
84.1309328556971	0.778190010588662
84.1842107507514	0.778334569499256
84.2374768385060	0.777517271566081
84.2907311114901	0.776294781591561
84.3439735622345	0.775072291617041
84.3972041832716	0.773849801642522
84.4504229671356	0.772907488403318
84.5036299063623	0.771980708562616
84.5568249934890	0.771053928721915
84.6100082210549	0.770337675340542
84.6631795816007	0.770529522838819
84.7163390676689	0.770721370337095
84.7694866718035	0.770913217835371
84.8226223865503	0.771578317491034
84.8757462044567	0.772881674078112
84.9288581180718	0.774185030665191
84.9819581199464	0.775488387252269
85.0350462026329	0.775454563958898
85.0881223586854	0.774732433308038
85.1411865806597	0.774010302657178
85.1942388611132	0.773288172006318
85.2472791926051	0.771693087993167
85.3003075676961	0.769991643373533
85.3533239789488	0.768290198753899
85.4063284189272	0.766627380574704
85.4593208801973	0.765249424684451
85.5123013553266	0.763871468794197
85.5652698368841	0.762493512903944
85.6182263174409	0.761855994291725
85.6711707895695	0.762629217299025
85.7241032458441	0.763402440306325
85.7770236788407	0.764175663313625
85.8299320811368	0.764838081670755
85.8828284453118	0.765415454275397
85.9357127639467	0.765992826880038
85.9885850296241	0.766570199484679
86.0414452349285	0.766458779958823
86.0942933724459	0.766157672721319
86.1471294347640	0.765856565483814
86.1999534144723	0.765555458246309
86.2527653041619	0.765928202836825
86.3055650964258	0.766301542297520
86.3583527838584	0.766674881758214
86.4111283590559	0.766856883474118
86.4638918146164	0.766322896878700
86.5166431431393	0.765788910283281
86.5693823372262	0.765254923687862
86.6221093894799	0.765065451643173
86.6748242925053	0.765353017794852
86.7275270389088	0.765640583946531
86.7802176212985	0.765928150098210
86.8328960322843	0.765693005432351
86.8855622644777	0.765143559094995
86.9382163104921	0.764594112757639
86.9908581629424	0.764044666420283
87.0434878144453	0.764892913595055
87.0961052576192	0.766034944792482
87.1487104850842	0.767176975989908
87.2013034894622	0.768309512537764
87.2538842633766	0.769068495067225
87.3064527994527	0.769827477596686
87.3590090903176	0.770586460126147
87.4115531285999	0.771293540440140
87.4640849069299	0.771816491132736
87.5166044179400	0.772339441825332
87.5691116542638	0.772862392517929
87.6216066085369	0.773547801746879
87.6740892733967	0.774465431165873
87.7265596414822	0.775383060584867
87.7790177054341	0.776300690003860
87.8314634578948	0.776207775816991
87.8838968915087	0.775441031230476
87.9363179989215	0.774674286643960
87.9887267727810	0.773907542057444
88.0411232057365	0.773819015132086
88.0935072904391	0.773916388308177
88.1458790195417	0.774013761484268
88.1982383856988	0.774111134660358
88.2505853815669	0.775618304910999
88.3029199998038	0.777174565339177
88.3552422330694	0.778730825767356
88.4075520740252	0.780158396880260
88.4598495153345	0.780823372512600
88.5121345496623	0.781488348144941
88.5644071696752	0.782153323777282
88.6166673680419	0.782593450928368
88.6689151374324	0.782553475332426
88.7211504705188	0.782513499736484
88.7733733599747	0.782473524140541
88.8255837984757	0.782376326552201
88.8777817786989	0.782219581577707
88.9299672933231	0.782062836603212
88.9821403350293	0.781906091628718
89.0343008964998	0.782219884777567
89.0864489704188	0.782778646993177
89.1385845494722	0.783337409208788
89.1907076263477	0.783896171424398
89.2428181937348	0.783782448520621
89.2949162443247	0.783522800695598
89.3470017708103	0.783263152870575
89.3990747658865	0.783003505045552
89.4511352222495	0.782747804364116
89.5031831325977	0.782492175093906
89.5552184896311	0.782236545823695
89.6072412860515	0.782231615643713
89.6592515145622	0.783776873513803
89.7112491678687	0.785322131383894
89.7632342386780	0.786867389253984
89.8152067196988	0.787839321132680
89.8671666036418	0.787425272233922
89.9191138832192	0.787011223335165
89.9710485511452	0.786597174436408
90.0229706001357	0.786606495152432
90.0748800229083	0.787149353895139
90.1267768121825	0.787692212637846
90.1786609606793	0.788235071380553
90.2305324611219	0.789267759441665
90.2823913062348	0.790642746073148
90.3342374887447	0.792017732704631
90.3860710013798	0.793392719336114
90.4378918368702	0.794099693870514
90.4896999879477	0.794561137586619
90.5414954473460	0.795022581302723
90.5932782078003	0.795484025018827
90.6450482620481	0.796543789667578
90.6968056028281	0.797692820901531
90.7485502228811	0.798841852135485
90.8002821149497	0.799982483361463
90.8520012717783	0.799591361628788
90.9037076861127	0.799200239896113
90.9554013507012	0.798809118163438
91.0070822582931	0.798574122737359
91.0587504016400	0.799322172463130
91.1104057734953	0.800070222188902
91.1620483666139	0.800818271914674
91.2136781737526	0.801306031880679
91.2652951876702	0.801071677003305
91.3168994011270	0.800837322125930
91.3684908068853	0.800602967248556
91.4200693977091	0.800639953087227
91.4716351663641	0.801102894357893
91.5231881056181	0.801565835628558
91.5747282082405	0.802028776899224
91.6262554670023	0.802321109543726
91.6777698746768	0.802449245906431
91.7292714240387	0.802577382269137
91.7807601078645	0.802705518631843
91.8322359189328	0.802502101320769
91.8836988500238	0.802100821936230
91.9351488939195	0.801699542551691
91.9865860434038	0.801298263167151
92.0380102912623	0.801714517994604
92.0894216302825	0.802419247580414
92.1408200532536	0.803123977166225
92.1922055529668	0.803828706752035
92.2435781222149	0.803534012342301
92.2949377537928	0.803060581549475
92.3462844404968	0.802587150756648
92.3976181751253	0.802113719963822
92.4489389504786	0.803301243103284
92.5002467593585	0.804569594088365
92.5515415945689	0.805837945073445
92.6028234489154	0.807006105419386
92.6540923152054	0.806454917089471
92.7053481862482	0.805903728759556
92.7565910548549	0.805352540429641
92.8078209138384	0.804995986961913
92.8590377560133	0.805719593918553
92.9102415741963	0.806443200875193
92.9614323612058	0.807166807831834
93.0126101098619	0.808033735266555
93.0637748129867	0.809338948934042
93.1149264634041	0.810644162601529
93.1660650539397	0.811949376269015
93.2171905774211	0.812981654032273
93.2683030266777	0.813475212631039
93.3194023945406	0.813968771229805
93.3704886738429	0.814462329828570
93.4215618574194	0.814840149908400
93.4726219381069	0.815059580930375
93.5236689087439	0.815279011952349
93.5747027621708	0.815498442974324
93.6257234912297	0.815670110160314
93.6767310887648	0.815794811018209
93.7277255476220	0.815919511876104
93.7787068606490	0.816044212733999
93.8296750206954	0.815847911877669
93.8806300206127	0.815421307646374
93.9315718532540	0.814994703415078
93.9825005114745	0.814568099183783
94.0334159881314	0.813913756733170
94.0843182760832	0.813140166214679
94.1352073681907	0.812366575696188
94.1860832573165	0.811592985177698
94.2369459363249	0.811088588802085
94.2877953980822	0.810685579052047
94.3386316354563	0.810282569302010
94.3894546413173	0.809879559551972
94.4402644085370	0.809708567525013
94.4910609299890	0.809598333690287
94.5418441985488	0.809488099855562
94.5926142070938	0.809377866020836
94.6433709485032	0.809131283461078
94.6941144156580	0.808861484566898
94.7448446014413	0.808591685672718
94.7955614987379	0.808321886778537
94.8462651004344	0.808577855630495
94.8969553994194	0.808884258156605
94.9476323885832	0.809190660682714
94.9982960608182	0.809497063208824
95.0489464090185	0.811515568047367
95.0995834260801	0.813593667877277
95.1502071049009	0.815671767707187
95.2008174383806	0.817701668074983
95.2514144194208	0.816795932848489
95.3019980409251	0.815890197621994
95.3525682957988	0.814984462395500
95.4031251769492	0.814065005156401
95.4536686772853	0.812937311441637
95.5041987897182	0.811809617726873
95.5547155071607	0.810681924012109
95.6052188225277	0.809703179269892
95.6557087287356	0.810016715787231
95.7061852187031	0.810330252304569
95.7566482853506	0.810643788821907
95.8070979216002	0.810975978511357
95.8575341203762	0.811422080627589
95.9079568746047	0.811868182743821
95.9583661772135	0.812314284860054
96.0087620211324	0.812691910960922
96.0591443992932	0.812744207715270
96.1095133046295	0.812796504469617
96.1598687300767	0.812848801223965
96.2102106685722	0.813055773871794
96.2605391130554	0.813870592095899
96.3108540564672	0.814685410320005
96.3611554917509	0.815500228544110
96.4114434118513	0.815993866818992
96.4617178097153	0.815397408938230
96.5119786782916	0.814800951057469
96.5622260105309	0.814204493176708
96.6124597993856	0.813844492600427
96.6626800378103	0.814201256972738
96.7128867187613	0.814558021345049
96.7630798351967	0.814914785717361
96.8132593800768	0.815040777574578
96.8634253463636	0.814524279332852
96.9135777270210	0.814007781091126
96.9637165150148	0.813491282849400
97.0138417033129	0.813092477369617
97.0639532848849	0.813002140383768
97.1140512527024	0.812911803397918
97.1641355997388	0.812821466412069
97.2142063189697	0.812572037688019
97.2642634033721	0.811921030038200
97.3143068459255	0.811270022388381
97.3643366396108	0.810619014738562
97.4143527774112	0.810122453872391
97.4643552523117	0.810009605731723
97.5143440572990	0.809896757591055
97.5643191853620	0.809783909450387
97.6142806294914	0.809407096250162
97.6642283826798	0.808370843919607
97.7141624379218	0.807334591589051
97.7640827882139	0.806298339258496
97.8139894265544	0.805525830619080
97.8638823459438	0.805430379504594
97.9137615393841	0.805334928390108
97.9636269998796	0.805239477275621
98.0134787204364	0.804954321851463
98.0633166940625	0.804157309695629
98.1131409137678	0.803360297539794
98.1629513725643	0.802563285383959
98.2127480634657	0.801954400363525
98.2625309794878	0.801892178831637
98.3123001136482	0.801829957299748
98.3620554589666	0.801767735767859
98.4117970084645	0.801638222467316
98.4615247551653	0.801292297889510
98.5112386920945	0.800946373311704
98.5609388122794	0.800600448733898
98.6106251087494	0.800275420330718
98.6602975745355	0.800027202118334
98.7099562026711	0.799778983905949
98.7596009861911	0.799530765693565
98.8092319181327	0.799223858988982
98.8588489915348	0.798660166116005
98.9084521994384	0.798096473243028
98.9580415348863	0.797532780370051
99.0076169909234	0.796880942744617
99.0571785605964	0.795743623306522
99.1067262369540	0.794606303868427
99.1562600130470	0.793468984430332
99.2057798819278	0.792160676310347
99.2552858366512	0.789558569029327
99.3047778702736	0.786956461748308
99.3542559758534	0.784354354467288
99.4037201464512	0.781955381975762
99.4531703751292	0.782053872589516
99.5026066549518	0.782152363203271
99.5520289789854	0.782250853817025
99.6014373402980	0.782375207200703
99.6508317319601	0.783362613633506
99.7002121470436	0.784350020066309
99.7495785786228	0.785337426499112
99.7989310197737	0.786324832931915
99.8482694635744	0.786010712934110
99.8975939031048	0.785667772967095
99.9469043314471	0.785324833000079
99.9962007416850	0.784981893033064
100.045483126904	0.783539444813279
100.094751480194	0.782005166139311
100.144005794642	0.780470887465342
100.193246063341	0.778936608791374
100.242472279386	0.779064097634201
100.291684435871	0.779455803567121
100.340882525894	0.779847509500041
100.390066542556	0.780239215432961
100.439236478957	0.779170372310629
100.488392328202	0.777731816427771
100.537534083395	0.776293260544913
100.586661737646	0.774854704662056
100.635775284062	0.773105089731415
100.684874715756	0.771239517724003
100.733960025842	0.769373945716591
100.783031207434	0.767508373709179
100.832088253651	0.764640849652002
100.881131157611	0.761243552495425
100.930159912437	0.757846255338849
100.979174511251	0.754448958182272
101.028174947180	0.753385921802406
101.077161213350	0.754048004860600
101.126133302891	0.754710087918794
101.175091208934	0.755372170976989
101.224034924613	0.756700187126424
101.272964443063	0.758718248751048
101.321879757422	0.760736310375673
101.370780860828	0.762754372000298
101.419667746424	0.764439855106909
101.468540407352	0.765631318931219
101.517398836758	0.766822782755528
101.566243027789	0.768014246579837
101.615072973594	0.768556606481336
101.663888667326	0.767645464327368
101.712690102137	0.766734322173400
101.761477271182	0.765823180019432
101.810250167619	0.764977353357097
101.859008784607	0.764376963144980
101.907753115308	0.763776572932862
101.956483152884	0.763176182720745
102.005198890502	0.762561302590803
102.053900321328	0.761825153590989
102.102587438532	0.761089004591175
102.151260235286	0.760352855591361
102.199918704762	0.759616706591547
102.248562840136	0.759896186876996
102.297192634585	0.760177367121864
102.345808081290	0.760458547366732
102.394409173430	0.760739727611600
102.442995904190	0.760480921366807
102.491568266756	0.760151910057700
102.540126254313	0.759822898748592
102.588669860053	0.759493887439484
102.637199077167	0.758770958478942
102.685713898847	0.757928067170237
102.734214318290	0.757085175861532
102.782700328693	0.756242284552827
102.831171923256	0.755558349543612
102.879629095180	0.754962618496428
102.928071837669	0.754366887449245
102.976500143928	0.753771156402062
103.024914007166	0.753034865338718
103.073313420591	0.752166012306813
103.121698377416	0.751297159274908
103.170068870855	0.750428306243003
103.218424894122	0.749847957201253
103.266766440437	0.749736211467237
103.315093503018	0.749624465733221
103.363406075088	0.749512719999205
103.411704149870	0.749227399490183
103.459987720591	0.748399464479260
103.508256780478	0.747571529468337
103.556511322761	0.746743594457415
103.604751340673	0.745788438507566
103.652976827447	0.743669013570418
103.701187776320	0.741549588633270
103.749384180530	0.739430163696121
103.797566033317	0.737310738758973
103.845733327923	0.735958678269564
103.893886057592	0.734647451719614
103.942024215571	0.733336225169663
103.990147795108	0.732024998619712
104.038256789454	0.731877728502445
104.086351191860	0.732030164760136
104.134430995583	0.732182601017827
104.182496193877	0.732335037275518
104.230546780001	0.732302380469123
104.278582747217	0.732163678268645
104.326604088787	0.732024976068168
104.374610797976	0.731886273867691
104.422602868050	0.731577314405486
104.470580292278	0.731077138409827
104.518543063931	0.730576962414168
104.566491176283	0.730076786418509
104.614424622608	0.729715301972510
104.662343396183	0.729675952809524
104.710247490287	0.729636603646538
104.758136898202	0.729597254483552
104.806011613211	0.729550912019738
104.853871628599	0.729455877616387
104.901716937654	0.729360843213037
104.949547533664	0.729265808809686
104.997363409922	0.729170774406335
105.045164559720	0.728175678940461
105.092950976356	0.727128047949479
105.140722653125	0.726080416958496
105.188479583329	0.725032785967514
105.236221760269	0.724551528918757
105.283949177248	0.724250380977859
105.331661827573	0.723949233036960
105.379359704552	0.723648085096061
105.427042801495	0.723011320711906
105.474711111713	0.722118437949660
105.522364628523	0.721225555187413
105.570003345238	0.720332672425167
105.617627255179	0.719455825880531
105.665236351666	0.718606264285074
105.712830628020	0.717756702689617
105.760410077567	0.716907141094160
105.807974693634	0.716076012793612
105.855524469549	0.715336381509945
105.903059398643	0.714596750226277
105.950579474249	0.713857118942610
105.998084689703	0.713117487658943
106.045575038341	0.713434451011855
106.093050513502	0.713795811683807
106.140511108528	0.714157172355758
106.187956816762	0.714518533027710
106.235387631550	0.715118563759618
106.282803546239	0.715799806535106
106.330204554180	0.716481049310594
106.377590648722	0.717162292086082
106.424961823222	0.717404036795672
106.472318071033	0.717251285978877
106.519659385515	0.717098535162082
106.566985760028	0.716945784345288
106.614297187934	0.716630957118935
106.661593662596	0.715941931484584
106.708875177382	0.715252905850233
106.756141725660	0.714563880215883
106.803393300801	0.713834931364820
106.850629896177	0.712590055863248
106.897851505163	0.711345180361676
106.945058121137	0.710100304860103
106.992249737476	0.708855429358531
107.039426347562	0.708935514467473
107.086587944779	0.709276013925498
107.133734522512	0.709616513383522
107.180866074148	0.709957012841547
107.227982593076	0.709450776946655
107.275084072689	0.708365652859628
107.322170506380	0.707280528772601
107.369241887544	0.706195404685573
107.416298209581	0.705229153556607
107.463339465890	0.704487204922979
107.510365649873	0.703745256289352
107.557376754934	0.703003307655724
107.604372774481	0.702219137048380
107.651353701921	0.701023476930592
107.698319530665	0.699827816812803
107.745270254127	0.698632156695015
107.792205865720	0.697436496577226
107.839126358862	0.695667923265022
107.886031726972	0.693785241338852
107.932921963471	0.691902559412682
107.979797061784	0.690019877486513
108.026657015334	0.688794029474673
108.073501817550	0.688065905943088
108.120331461862	0.687337782411502
108.167145941701	0.686609658879916
108.213945250502	0.686400365757008
108.260729381701	0.687413203685032
108.307498328735	0.688426041613056
108.354252085046	0.689438879541080
108.400990644075	0.690439315169387
108.447713999268	0.690867098593683
108.494422144071	0.691294882017978
108.541115071934	0.691722665442274
108.587792776307	0.692150448866569
108.634455250643	0.692464396234738
108.681102488398	0.692738018887167
108.727734483029	0.693011641539596
108.774351227996	0.693285264192025
108.820952716761	0.693430338604516
108.867538942787	0.693418079234860
108.914109899541	0.693405819865205
108.960665580490	0.693393560495549
109.007205979106	0.693031824417002
109.053731088859	0.690762748819907
109.100240903226	0.688493673222811
109.146735415683	0.686224597625716
109.193214619708	0.683955522028620
109.239678508784	0.683310388564498
109.286127076392	0.682942918889064
109.332560316018	0.682575449213630
109.378978221150	0.682207979538195
109.425380785277	0.682049605789769
109.471768001891	0.682064388581093
109.518139864487	0.682079171372417
109.564496366559	0.682093954163741
109.610837501607	0.681895801903811
109.657163263131	0.681000189082724
109.703473644633	0.680104576261637
109.749768639619	0.679208963440551
109.796048241594	0.678313350619464
109.842312444068	0.678178593842008
109.888561240552	0.678114885355613
109.934794624560	0.678051176869218
109.981012589607	0.677987468382823
110.027215129210	0.678411833723428
110.073402236890	0.679176661056229
110.119573906169	0.679941488389030
110.165730130570	0.680706315721831
110.211870903621	0.681173772852237
110.257996218849	0.680782899941506
110.304106069785	0.680392027030774
110.350200449962	0.680001154120043
110.396279352916	0.679610281209312
110.442342772182	0.679143357286011
110.488390701301	0.678669751881970
110.534423133815	0.678196146477929
110.580440063266	0.677722541073888
110.626441483200	0.676938447219489
110.672427387167	0.675924709725322
110.718397768716	0.674910972231154
110.764352621398	0.673897234736987
110.810291938770	0.673012591300521
110.856215714388	0.672575005970808
110.902123941810	0.672137420641096
110.948016614598	0.671699835311384
110.993893726315	0.671262249981672
111.039755270526	0.671166819448393
111.085601240800	0.671123933974016
111.131431630706	0.671081048499639
111.177246433816	0.671038163025262
111.223045643704	0.670630913237366
111.268829253947	0.669863978214357
111.314597258123	0.669097043191348
111.360349649813	0.668330108168339
111.406086422601	0.667626600589356
111.451807570070	0.667336225528155
111.497513085810	0.667045850466954
111.543202963408	0.666755475405753
111.588877196457	0.666465100344552
111.634535778551	0.666018442694886
111.680178703287	0.665521460233229
111.725805964261	0.665024477771573
111.771417555075	0.664527495309916
111.817013469332	0.663929761715643
111.862593700636	0.663162796163113
111.908158242595	0.662395830610582
111.953707088817	0.661628865058052
111.999240232915	0.660861899505522
112.044757668503	0.660526940376721
112.090259389195	0.660199313453423
112.135745388610	0.659871686530125
112.181215660369	0.659544059606827
112.226670198095	0.659102562224873
112.272108995411	0.658580877478860
112.317532045944	0.658059192732847
112.362939343325	0.657537507986834
112.408330881184	0.657071156656960
112.453706653155	0.656850918540134
112.499066652874	0.656630680423308
112.544410873979	0.656410442306481
112.589739310109	0.656190204189655
112.635051954908	0.656301704860191
112.680348802020	0.656510298040243
112.725629845092	0.656718891220295
112.770895077773	0.656927484400346
112.816144493714	0.656551113432281
112.861378086569	0.655120364908841
112.906595849993	0.653689616385400
112.951797777645	0.652258867861959
112.996983863185	0.650828119338518
113.042154100275	0.649587547867380
113.087308482580	0.648360581311618
113.132447003766	0.647133614755856
113.177569657503	0.645906648200094
113.222676437461	0.644539152898611
113.267767337316	0.643032678368078
113.312842350741	0.641526203837545
113.357901471416	0.640019729307012
113.402944693020	0.638574471848385
113.447972009236	0.638004249763961
113.492983413749	0.637434027679538
113.537978900245	0.636863805595114
113.582958462413	0.636293583510690
113.627922093946	0.636063841891702
113.672869788536	0.636041867281867
113.717801539879	0.636019892672033
113.762717341674	0.635997918062198
113.807617187620	0.635948046676534
113.852501071421	0.635761657202402
113.897368986781	0.635575267728270
113.942220927408	0.635388878254138
113.987056887009	0.635202488780006
114.031876859298	0.635166071232153
114.076680837987	0.635190536691684
114.121468816792	0.635215002151215
114.166240789433	0.635239467610746
114.210996749629	0.635371685134558
114.255736691103	0.635834635158736
114.300460607580	0.636297585182913
114.345168492788	0.636760535207090
114.389860340455	0.637223485231268
114.434536144314	0.636219766957519
114.479195898098	0.634785517798237
114.523839595544	0.633351268638955
114.568467230391	0.631917019479674
114.613078796378	0.630571953311709
114.657674287249	0.629441867301817
114.702253696749	0.628311781291925
114.746817018625	0.627181695282033
114.791364246628	0.626051609272141
114.835895374510	0.626020266537179
114.880410396024	0.626253213200903
114.924909304927	0.626486159864627
114.969392094978	0.626719106528351
115.013858759938	0.626713985609527
115.058309293570	0.626183173003167
115.102743689641	0.625652360396807
115.147161941917	0.625121547790447
115.191564044168	0.624590735184087
115.235949990168	0.623530457497310
115.280319773691	0.622345959029189
115.324673388513	0.621161460561069
115.369010828414	0.619976962092949
115.413332087175	0.618896991015669
115.457637158581	0.618059939598890
115.501926036416	0.617222888182110
115.546198714469	0.616385836765331
115.590455186531	0.615548785348551
115.634695446395	0.614924682866419
115.678919487855	0.614359152576278
115.723127304708	0.613793622286138
115.767318890756	0.613228091995997
115.811494239798	0.612506400550789
115.855653345640	0.611340782978420
115.899796202088	0.610175165406051
115.943922802951	0.609009547833682
115.988033142040	0.607843930261314
116.032127213167	0.607082061831595
116.076205010149	0.606470555853898
116.120266526803	0.605859049876201
116.164311756950	0.605247543898503
116.208340694412	0.604480263403482
116.252353333013	0.603046576003073
116.296349666581	0.601612888602664
116.340329688945	0.600179201202254
116.384293393936	0.598745513801845
116.428240775388	0.597051518053621
116.472171827138	0.595212773822017
116.516086543024	0.593374029590413
116.559984916886	0.591535285358809
116.603866942568	0.589775460135627
116.647732613915	0.588832137848652
116.691581924774	0.587888815561678
116.735414868995	0.586945493274703
116.779231440431	0.586002170987728
116.823031632936	0.585443154093903
116.866815440367	0.585230616692152
116.910582856583	0.585018079290402
116.954333875445	0.584805541888651
116.998068490817	0.584593004486901
117.041786696565	0.584046569769660
117.085488486557	0.583484704022438
117.129173854664	0.582922838275215
117.172842794759	0.582360972527993
117.216495300716	0.581834018666049
117.260131366414	0.581364531597993
117.303750985732	0.580895044529937
117.347354152553	0.580425557461881
117.390940860760	0.579956070393825
117.434511104240	0.578490133800189
117.478064876883	0.576762679149564
117.521602172580	0.575035224498939
117.565122985224	0.573307769848314
117.608627308711	0.571635971882655
117.652115136940	0.570189130682811
117.695586463812	0.568742289482968
117.739041283229	0.567295448283124
117.782479589096	0.565848607083280
117.825901375321	0.564802802410747
117.869306635814	0.564028218469178
117.912695364486	0.563253634527609
117.956067555254	0.562479050586039
117.999423202032	0.561704466644470
118.042762298741	0.560145264950568
118.086084839302	0.558575481807073
118.129390817639	0.557005698663578
118.172680227677	0.555435915520083
118.215953063345	0.554041940446864
118.259209318575	0.552948981228583
118.302448987298	0.551856022010302
118.345672063451	0.550763062792022
118.388878540970	0.549670103573741
118.432068413797	0.549208092252115
118.475241675874	0.548964854754884
118.518398321144	0.548721617257653
118.561538343556	0.548478379760422
118.604661737059	0.548213654689738
118.647768495604	0.547771680341931
118.690858613145	0.547329705994124
118.733932083640	0.546887731646317
118.776988901045	0.546445757298510
118.820029059324	0.545588807293979
118.863052552438	0.544255189146938
118.906059374354	0.542921570999896
118.949049519039	0.541587952852855
118.992022980465	0.540254334705814
119.034979752603	0.538961853334046
119.077919829429	0.537678751263414
119.120843204921	0.536395649192782
119.163749873058	0.535112547122149
119.206639827821	0.533735245712048
119.249513063197	0.531843761518180
119.292369573171	0.529952277324313
119.335209351732	0.528060793130445
119.378032392873	0.526169308936577
119.420838690586	0.524581317964324
119.463628238869	0.523313199384842
119.506401031719	0.522045080805359
119.549157063137	0.520776962225877
119.591896327127	0.519508843646394
119.634618817695	0.518084032020936
119.677324528847	0.516622548391315
119.720013454596	0.515161064761695
119.762685588952	0.513699581132074
119.805340925931	0.512145574071483
119.847979459551	0.509945276615308
119.890601183831	0.507744979159134
119.933206092794	0.505544681702959
119.975794180463	0.503344384246784
120.018365440866	0.501128568805927
120.060919868031	0.498892304526008
120.103457455990	0.496656040246089
120.145978198778	0.494419775966170
120.188482090429	0.492183511686251
120.230969124984	0.490066819205291
120.273439296482	0.487994588645647
120.315892598967	0.485922358086003
120.358329026486	0.483850127526359
120.400748573085	0.481792223031013
120.443151232815	0.480531665123748
120.485536999729	0.479271107216482
120.527905867883	0.478010549309216
120.570257831334	0.476749991401950
120.612592884141	0.475314496395147
120.654911020367	0.473465913285232
120.697212234077	0.471617330175316
120.739496519337	0.469768747065400
120.781763870217	0.467920163955485
120.824014280789	0.465963766111231
120.866247745128	0.463925511442017
120.908464257308	0.461887256772803
120.950663811410	0.459849002103589
120.992846401515	0.457810747434374
121.035012021706	0.455294198144691
121.077160666069	0.452679943856828
121.119292328693	0.450065689568965
121.161407003668	0.447451435281102
121.203504685089	0.444802002947028
121.245585367049	0.441765272723193
121.287649043648	0.438728542499359
121.329695708986	0.435691812275524
121.371725357165	0.432655082051690
121.413737982290	0.429651066219089
121.455733578469	0.426714367549011
121.497712139812	0.423777668878933
121.539673660432	0.420840970208855
121.581618134442	0.417904271538776
121.623545555959	0.415609044716201
121.665455919104	0.413814510011965
121.707349217999	0.412019975307729
121.749225446766	0.410225440603493
121.791084599534	0.408430905899257
121.832926670430	0.407376064411280
121.874751653587	0.406521465588812
121.916559543138	0.405666866766344
121.958350333220	0.404812267943876
122.000124017970	0.403953670762341
122.041880591531	0.401752529926515
122.083620048045	0.399551389090689
122.125342381659	0.397350248254863
122.167047586520	0.395149107419037
122.208735656779	0.392735727527091
122.250406586589	0.389521908777808
122.292060370106	0.386308090028525
122.333697001487	0.383094271279242
122.375316474893	0.379880452529959
122.416918784486	0.376883839087660
122.458503924431	0.374204050382437
122.500071888897	0.371524261677214
122.541622672051	0.368844472971992
122.583156268068	0.366164684266769
122.624672671121	0.363618717900856
122.666171875388	0.361164091539591
122.707653875048	0.358709465178325
122.749118664283	0.356254838817059
122.790566237278	0.353800212455793
122.831996588219	0.350748713229961
122.873409711295	0.347521270245139
122.914805600698	0.344293827260317
122.956184250622	0.341066384275495
122.997545655264	0.337838941290673
123.038889808821	0.335071799236979
123.080216705496	0.332333701082097
123.121526339492	0.329595602927215
123.162818705016	0.326857504772333
123.204093796275	0.324104081384612
123.245351607481	0.321211497958168
123.286592132847	0.318318914531724
123.327815366588	0.315426331105280
123.369021302924	0.312533747678837
123.410209936074	0.309724713864092
123.451381260262	0.307169131357409
123.492535269714	0.304613548850725
123.533671958656	0.302057966344042
123.574791321320	0.299502383837358
123.615893351938	0.296884846132309
123.656978044746	0.294169060998663
123.698045393981	0.291453275865018
123.739095393883	0.288737490731373
123.780128038695	0.286021705597728
123.821143322662	0.283277476970099
123.862141240031	0.280506520802097
123.903121785051	0.277735564634094
123.944084951976	0.274964608466092
123.985030735059	0.272193652298090
124.025959128559	0.269606719308196
124.066870126734	0.267125880487587
124.107763723847	0.264645041666978
124.148639914161	0.262164202846369
124.189498691945	0.259683364025760
124.230340051466	0.256799389126232
124.271163986998	0.253775910013982
124.311970492814	0.250752430901731
124.352759563190	0.247728951789481
124.393531192407	0.244705472677231
124.434285374745	0.241750785726968
124.475022104489	0.238809075439326
124.515741375925	0.235867365151685
124.556443183341	0.232925654864044
124.597127521030	0.229983944576403
124.637794383285	0.227387850890335
124.678443764402	0.224818019568750
124.719075658679	0.222248188247166
124.759690060420	0.219678356925582
124.800286963925	0.217110381071811
124.840866363503	0.214802992614275
124.881428253461	0.212495604156740
124.921972628110	0.210188215699204
124.962499481764	0.207880827241668
125.003008808738	0.205536646990915
125.043500603351	0.202734005868806
125.083974859924	0.199931364746696
125.124431572780	0.197128723624587
125.164870736245	0.194326082502477
125.205292344647	0.191590564609591
125.245696392316	0.189300499020748
125.286082873586	0.187010433431905
125.326451782792	0.184720367843062
125.366803114272	0.182430302254219
125.407136862367	0.180139739879080
125.447453021420	0.177846867216104
125.487751585776	0.175553994553128
125.528032549783	0.173261121890152
125.568295907792	0.170968249227176
125.608541654155	0.168521983059020
125.648769783227	0.165506489388967
125.688980289367	0.162490995718915
125.729173166934	0.159475502048862
125.769348410292	0.156460008378809
125.809506013805	0.153544560738140
125.849645971842	0.150951635761810
125.889768278772	0.148358710785480
125.929872928968	0.145765785809150
125.969959916805	0.143172860832820
126.010029236661	0.140702432689987
126.050080882916	0.138598833510894
126.090114849952	0.136495234331801
126.130131132154	0.134391635152708
126.170129723910	0.132288035973615
126.210110619610	0.130233177715540
126.250073813646	0.128322285587170
126.290019300413	0.126411393458799
126.329947074309	0.124500501330429
126.369857129733	0.122589609202059
126.409749461088	0.120716280174870
126.449624062779	0.118959061307578
126.489480929214	0.117201842440285
126.529320054801	0.115444623572993
126.569141433953	0.113687404705701
126.608945061086	0.111923016743967
126.648730930616	0.110133902381778
126.688499036964	0.108344788019589
126.728249374551	0.106555673657400
126.767981937803	0.104766559295211
126.807696721146	0.102868620228938
126.847393719011	0.100518075579450
126.887072925830	0.0981675309299630
126.926734336037	0.0958169862804758
126.966377944070	0.0934664416309885
127.006003744368	0.0912116407964152
127.045611731375	0.0894929045097807
127.085201899534	0.0877741682231463
127.124774243293	0.0860554319365118
127.164328757101	0.0843366956498774
127.203865435411	0.0826903351748499
127.243384272678	0.0817117271986537
127.282885263359	0.0807331192224574
127.322368401914	0.0797545112462612
127.361833682805	0.0787759032700649
127.401281100496	0.0777799392478396
127.440710649455	0.0762670159259919
127.480122324152	0.0747540926041442
127.519516119060	0.0732411692822965
127.558892028652	0.0717282459604489
127.598250047406	0.0702153226386012
127.637590169802	0.0687929867292440
127.676912390323	0.0673748670742813
127.716216703453	0.0659567474193186
127.755503103679	0.0645386277643559
127.794771585492	0.0631205081093932
127.834022143384	0.0617731827440663
127.873254771850	0.0604367343832503
127.912469465386	0.0591002860224342
127.951666218494	0.0577638376616182
127.990845025675	0.0564273893008021
128.030005881434	0.0554731877583522
128.069148780279	0.0546355856160708
128.108273716721	0.0537979834737894
128.147380685270	0.0529603813315080
128.186469680443	0.0521227791892267
128.225540696757	0.0515823309468436
128.264593728732	0.0511992657381917
128.303628770891	0.0508162005295399
128.342645817759	0.0504331353208881
128.381644863863	0.0500500701122363
128.420625903733	0.0494123298777387
128.459588931903	0.0485480044663917
128.498533942907	0.0476836790550447
128.537460931284	0.0468193536436976
128.576369891573	0.0459550282323506
128.615260818318	0.0449385528954968
128.654133706063	0.0436865405137187
128.692988549356	0.0424345281319406
128.731825342749	0.0411825157501625
128.770644080793	0.0399305033683844
128.809444758045	0.0387423167331400
128.848227369062	0.0377524658459136
128.886991908405	0.0367626149586872
128.925738370637	0.0357727640714607
128.964466750323	0.0347829131842343
129.003177042032	0.0338427116983713
129.041869240334	0.0334576808255492
129.080543339802	0.0330726499527272
129.119199335013	0.0326876190799051
129.157837220544	0.0323025882070831
129.196456990977	0.0319175573342610
129.235058640894	0.0318294057275709
129.273642164882	0.0317712496162781
129.312207557529	0.0317130935049852
129.350754813426	0.0316549373936924
129.389283927167	0.0315967812823996
129.427794893347	0.0313366399349733
129.466287706566	0.0309986431759074
129.504762361424	0.0306606464168414
129.543218852525	0.0303226496577755
129.581657174476	0.0299846528987095
129.620077321885	0.0294553976048051
129.658479289363	0.0287514477982651
129.696863071525	0.0280474979917251
129.735228662987	0.0273435481851851
129.773576058368	0.0266395983786450
129.811905252290	0.0259688496211147
129.850216239376	0.0253717738243444
129.888509014254	0.0247746980275741
129.926783571552	0.0241776222308037
129.965039905902	0.0235805464340334
130.003278011940	0.0230257164235868
130.041497884300	0.0229213332377741
130.079699517624	0.0228169500519614
130.117882906553	0.0227125668661487
130.156048045732	0.0226081836803360
130.194194929807	0.0225038004945233
130.232323553429	0.0226997826126188
130.270433911250	0.0229496954426951
130.308525997924	0.0231996082727714
130.346599808109	0.0234495211028477
130.384655336465	0.0236994339329239
130.422692577654	0.0239291857971914
130.460711526341	0.0241453081401250
130.498712177195	0.0243614304830586
130.536694524885	0.0245775528259922
130.574658564083	0.0247936751689258
130.612604289466	0.0249394731966203
130.650531695712	0.0249439151187194
130.688440777500	0.0249483570408185
130.726331529514	0.0249527989629175
130.764203946439	0.0249572408850166
130.802058022964	0.0249416463028777
130.839893753778	0.0245776287942673
130.877711133577	0.0242136112856569
130.915510157055	0.0238495937770466
130.953290818911	0.0234855762684362
130.991053113847	0.0231215587598259
131.028797036565	0.0225386061413564
131.066522581772	0.0218876494091866
131.104229744176	0.0212366926770167
131.141918518490	0.0205857359448468
131.179588899426	0.0199347792126769
131.217240881702	0.0202937151394501
131.254874460037	0.0218479515129903
131.292489629152	0.0234021878865305
131.330086383772	0.0249564242600707
131.367664718623	0.0265106606336109
131.405224628435	0.0280384538220148
131.442766107939	0.0294026292026174
131.480289151872	0.0307668045832200
131.517793754968	0.0321309799638226
131.555279911970	0.0334951553444252
131.592747617618	0.0348593307250278
131.630196866657	0.0342885707144687
131.667627653836	0.0332532112800006
131.705039973905	0.0322178518455325
131.742433821615	0.0311824924110644
131.779809191723	0.0301471329765963
131.817166078987	0.0292061460252616
131.854504478166	0.0283761331580304
131.891824384024	0.0275461202907993
131.929125791326	0.0267161074235682
131.966408694841	0.0258860945563370
132.003673089340	0.0252265871035032
132.040918969597	0.0261260068839400
132.078146330386	0.0270254266643767
132.115355166487	0.0279248464448135
132.152545472682	0.0288242662252503
132.189717243753	0.0297236860056871
132.226870474488	0.0310559244490525
132.264005159675	0.0325537523879793
132.301121294107	0.0340515803269062
132.338218872577	0.0355494082658331
132.375297889882	0.0370472362047599
132.412358340822	0.0383737919869888
132.449400220199	0.0393580902991463
132.486423522817	0.0403423886113038
132.523428243484	0.0413266869234614
132.560414377010	0.0423109852356189
132.597381918207	0.0432952835477765
132.634330861890	0.0436008218334968
132.671261202877	0.0438546102930526
132.708172935988	0.0441083987526084
132.745066056046	0.0443621872121641
132.781940557877	0.0446159756717199
132.818796436309	0.0444844504518680
132.855633686173	0.0439828126086414
132.892452302301	0.0434811747654148
132.929252279531	0.0429795369221882
132.966033612700	0.0424778990789616
133.002796296650	0.0420069872375545
133.039540326225	0.0419092094038106
133.076265696270	0.0418114315700668
133.112972401636	0.0417136537363230
133.149660437174	0.0416158759025792
133.186329797737	0.0415180980688354
133.222980478184	0.0423511865794710
133.259612473373	0.0437378717435530
133.296225778168	0.0451245569076351
133.332820387431	0.0465112420717172
133.369396296032	0.0478979272357992
133.405953498839	0.0489051454221736
133.442491990726	0.0479622205540017
133.479011766568	0.0470192956858297
133.515512821243	0.0460763708176578
133.551995149631	0.0451334459494859
133.588458746616	0.0441905210813140
133.624903607083	0.0428703943445857
133.661329725920	0.0413755029440000
133.697737098019	0.0398806115434143
133.734125718274	0.0383857201428286
133.770495581580	0.0368908287422430
133.806846682837	0.0356301798957225
133.843179016945	0.0353786939838705
133.879492578810	0.0351272080720184
133.915787363339	0.0348757221601663
133.952063365440	0.0346242362483143
133.988320580025	0.0343727503364622
134.024559002010	0.0347823679984987
134.060778626312	0.0355063030003898
134.096979447850	0.0362302380022809
134.133161461548	0.0369541730041720
134.169324662331	0.0376781080060631
134.205469045126	0.0384229713734350
134.241594604865	0.0392851899232170
134.277701336479	0.0401474084729990
134.313789234906	0.0410096270227811
134.349858295084	0.0418718455725631
134.385908511953	0.0427340641223451
134.421939880458	0.0434215702504232
134.457952395544	0.0439968917975387
134.493946052162	0.0445722133446541
134.529920845262	0.0451475348917696
134.565876769800	0.0457228564388850
134.601813820731	0.0462850566036879
134.637731993016	0.0466004669500820
134.673631281617	0.0469158772964761
134.709511681498	0.0472312876428703
134.745373187628	0.0475466979892644
134.781215794977	0.0478621083356586
134.817039498517	0.0481793977693521
134.852844293224	0.0484987581511220
134.888630174076	0.0488181185328918
134.924397136055	0.0491374789146617
134.960145174142	0.0494568392964315
134.995874283326	0.0497761996782013
135.031584458594	0.0502217740288334
135.067275694938	0.0506838307521558
135.102947987352	0.0511458874754783
135.138601330832	0.0516079441988007
135.174235720379	0.0520700009221231
135.209851150994	0.0525650254905185
135.245447617682	0.0531462500073288
135.281025115451	0.0537274745241391
135.316583639310	0.0543086990409494
135.352123184272	0.0548899235577597
135.387643745353	0.0554711480745701
135.423145317570	0.0557110793695355
135.458627895945	0.0557688575960518
135.494091475501	0.0558266358225681
135.529536051263	0.0558844140490844
135.564961618261	0.0559421922756007
135.600368171525	0.0559962357830005
135.635755706090	0.0556949379753754
135.671124216993	0.0553936401677503
135.706473699273	0.0550923423601252
135.741804147972	0.0547910445525001
135.777115558134	0.0544897467448750
135.812407924808	0.0542100342697770
135.847681243043	0.0539701218803226
135.882935507891	0.0537302094908682
135.918170714409	0.0534902971014138
135.953386857654	0.0532503847119595
135.988583932687	0.0530104723225051
136.023761934571	0.0529481410608648
136.058920858373	0.0529711030731368
136.094060699162	0.0529940650854088
136.129181452008	0.0530170270976807
136.164283111986	0.0530399891099527
136.199365674172	0.0530629511222247
136.234429133647	0.0537942740425386
136.269473485492	0.0545386446175721
136.304498724793	0.0552830151926057
136.339504846635	0.0560273857676393
136.374491846111	0.0567717563426728
136.409459718313	0.0574800466243976
136.444408458336	0.0580910726365121
136.479338061278	0.0587020986486266
136.514248522241	0.0593131246607412
136.549139836328	0.0599241506728557
136.584011998645	0.0605351766849702
136.618865004302	0.0609372766426884
136.653698848410	0.0611623609481638
136.688513526083	0.0613874452536393
136.723309032438	0.0616125295591148
136.758085362596	0.0618376138645902
136.792842511679	0.0620626981700657
136.827580474811	0.0618988105644255
136.862299247121	0.0616340075161202
136.896998823739	0.0613692044678149
136.931679199798	0.0611044014195096
136.966340370434	0.0608395983712042
137.000982330786	0.0605735646777612
137.035605075995	0.0602653736785819
137.070208601205	0.0599571826794026
137.104792901563	0.0596489916802234
137.139357972217	0.0593408006810441
137.173903808321	0.0590326096818648
137.208430405028	0.0588605503798143
137.242937757497	0.0591097688463840
137.277425860887	0.0593589873129538
137.311894710362	0.0596082057795235
137.346344301086	0.0598574242460933
137.380774628228	0.0601066427126630
137.415185686960	0.0606426430210237
137.449577472454	0.0615416140056765
137.483949979887	0.0624405849903292
137.518303204438	0.0633395559749819
137.552637141289	0.0642385269596347
137.586951785624	0.0651374979442874
137.621247132631	0.0655286005823203
137.655523177500	0.0656079000528352
137.689779915422	0.0656871995233501
137.724017341594	0.0657664989938650
137.758235451213	0.0658457984643799
137.792434239480	0.0659250979348948
137.826613701599	0.0654950626600129
137.860773832776	0.0649202739027112
137.894914628218	0.0643454851454095
137.929036083139	0.0637706963881078
137.963138192753	0.0631959076308061
137.997220952275	0.0626211188735045
138.031284356927	0.0623573583670928
138.065328401930	0.0621212193891718
138.099353082510	0.0618850804112507
138.133358393894	0.0616489414333296
138.167344331313	0.0614128024554085
138.201310890001	0.0612002306490000
138.235258065192	0.0615745854318742
138.269185852127	0.0619489402147483
138.303094246046	0.0623232949976224
138.336983242194	0.0626976497804965
138.370852835818	0.0630720045633707
138.404703022166	0.0634767387542944
138.438533796492	0.0640696976115797
138.472345154050	0.0646626564688650
138.506137090099	0.0652556153261503
138.539909599898	0.0658485741834356
138.573662678712	0.0664415330407209
138.607396321805	0.0668203353487735
138.641110524447	0.0664367722803658
138.674805281908	0.0660532092119581
138.708480589464	0.0656696461435504
138.742136442391	0.0652860830751427
138.775772835969	0.0649025200067349
138.809389765479	0.0646506770551804
138.842987226207	0.0647385964220918
138.876565213441	0.0648265157890032
138.910123722471	0.0649144351559145
138.943662748590	0.0650023545228259
138.977182287095	0.0650902738897373
139.010682333283	0.0653775248832367
139.044162882458	0.0660904298766869
139.077623929922	0.0668033348701372
139.111065470982	0.0675162398635874
139.144487500949	0.0682291448570376
139.177890015134	0.0689420498504879
139.211273008853	0.0696599399380265
139.244636477423	0.0703876045647727
139.277980416166	0.0711152691915190
139.311304820404	0.0718429338182652
139.344609685464	0.0725705984450115
139.377895006674	0.0732982630717577
139.411160779365	0.0739346954900182
139.444406998873	0.0743904863227531
139.477633660535	0.0748462771554880
139.510840759689	0.0753020679882229
139.544028291679	0.0757578588209578
139.577196251849	0.0762136496536927
139.610344635548	0.0766820794846066
139.643473438127	0.0771783625775246
139.676582654939	0.0776746456704425
139.709672281340	0.0781709287633605
139.742742312690	0.0786672118562785
139.775792744349	0.0791634949491964
139.808823571684	0.0796317585418255
139.841834790060	0.0800231738691234
139.874826394847	0.0804145891964214
139.907798381419	0.0808060045237194
139.940750745152	0.0811974198510174
139.973683481422	0.0815888351783153
140.006596585612	0.0819179345673833
140.039490053105	0.0819985039366539
140.072363879287	0.0820790733059245
140.105218059548	0.0821596426751951
140.138052589280	0.0822402120444656
140.170867463878	0.0823207814137362
140.203662678738	0.0825129919796873
140.236438229262	0.0835929206944887
140.269194110853	0.0846728494092902
140.301930318916	0.0857527781240916
140.334646848859	0.0868327068388930
140.367343696095	0.0879126355536944
140.400020856037	0.0889930304531916
140.432678324103	0.0908031775170700
140.465316095711	0.0926133245809484
140.497934166284	0.0944234716448268
140.530532531247	0.0962336187087052
140.563111186028	0.0980437657725836
140.595670126058	0.0998539128364620
140.628209346771	0.100783099508676
140.660728843602	0.101577107084949
140.693228611990	0.102371114661222
140.725708647377	0.103165122237494
140.758168945208	0.103959129813767
140.790609500930	0.104753137390040
140.823030309992	0.105142758543909
140.855431367849	0.105367543042958
140.887812669954	0.105592327542007
140.920174211767	0.105817112041056
140.952515988749	0.106041896540105
140.984837996364	0.106266681039155
141.017140230078	0.106814542092599
141.049422685360	0.107648105347123
141.081685357684	0.108481668601646
141.113928242523	0.109315231856170
141.146151335356	0.110148795110693
141.178354631663	0.110982358365217
141.210538126928	0.111244169298475
141.242701816636	0.110331955956699
141.274845696277	0.109419742614922
141.306969761342	0.108507529273146
141.339074007325	0.107595315931370
141.371158429724	0.106683102589594
141.403223024039	0.105633741909053
141.435267785773	0.103357483091167
141.467292710430	0.101081224273281
141.499297793520	0.0988049654553953
141.531283030553	0.0965287066375095
141.563248417043	0.0942524478196237
141.595193948508	0.0919761890017378
141.627119620466	0.0922272536715023
141.659025428439	0.0929260658848129
141.690911367954	0.0936248780981235
141.722777434537	0.0943236903114341
141.754623623719	0.0950225025247447
141.786449931034	0.0957213147380553
141.818256352018	0.0952855336754144
141.850042882209	0.0940079059427518
141.881809517150	0.0927302782100892
141.913556252385	0.0914526504774266
141.945283083462	0.0901750227447640
141.976990005930	0.0888973950121015
142.008677015342	0.0860075849173063
142.040344107255	0.0788438670924070
142.071991277226	0.0716801492675078
142.103618520818	0.0645164314426086
142.135225833593	0.0573527136177093
142.166813211120	0.0501889957928101
142.198380648967	0.0430252779679108
142.229928142708	0.0362260737917686
142.261455687917	0.0294465867957465
142.292963280173	0.0226670997997244
142.324450915056	0.0158876128037023
142.355918588151	0.00910812580768023
142.387366295043	0.00232863881165814
142.418794031322	-0.00110705246683977
142.450201792580	-0.00229569427427777
142.481589574412	-0.00348433608171578
142.512957372416	-0.00467297788915379
142.544305182191	-0.00586161969659180
142.575632999342	-0.00705026150402980
142.606940819475	-0.00825628081469013
142.638228638198	-0.00952328769749257
142.669496451123	-0.0107902945802950
142.700744253865	-0.0120573014630974
142.731972042041	-0.0133243083458999
142.763179811271	-0.0145913152287023
142.794367557178	-0.0158583221115048
142.825535275388	-0.0165624355969020
142.856682961529	-0.0171424283473922
142.887810611233	-0.0177224210978824
142.918918220133	-0.0183024138483726
142.950005783868	-0.0188824065988628
142.981073298076	-0.0194623993493531
143.012120758400	-0.0192365733731556
143.043148160487	-0.0177528571991770
143.074155499983	-0.0162691410251984
143.105142772540	-0.0147854248512198
143.136109973812	-0.0133017086772412
143.167057099455	-0.0118179925032626
143.197984145129	-0.0103342763292840
143.228891106497	-0.00762416720386954
143.259777979223	-0.00482851421037147
143.290644758976	-0.00203286121687339
143.321491441426	0.000762791776624684
143.352318022246	0.00355844477012276
143.383124497114	0.00635409776362083
143.413910861708	0.00813142266124344
143.444677111711	0.00867379582723018
143.475423242807	0.00921616899321693
143.506149250683	0.00975854215920368
143.536855131032	0.0103009153251904
143.567540879545	0.0108432884911772
143.598206491919	0.0113856616571639
143.628851963853	0.0125654895385130
143.659477291048	0.0137849307071321
143.690082469210	0.0150043718757513
143.720667494046	0.0162238130443704
143.751232361266	0.0174432542129895
143.781777066583	0.0186626953816086
143.812301605714	0.0201149657545864
143.842805974376	0.0219120229329572
143.873290168292	0.0237090801113280
143.903754183185	0.0255061372896988
143.934198014784	0.0273031944680696
143.964621658819	0.0291002516464404
143.995025111021	0.0308973088248111
144.025408367127	0.0326188823567690
144.055771422876	0.0343256812248036
144.086114274009	0.0360324800928381
144.116436916270	0.0377392789608727
144.146739345406	0.0394460778289072
144.177021557168	0.0411528766969418
144.207283547307	0.0425696959347532
144.237525311580	0.0430719768134960
144.267746845745	0.0435742576922389
144.297948145563	0.0440765385709817
144.328129206798	0.0445788194497245
144.358290025218	0.0450811003284673
144.388430596591	0.0455833812072101
144.418550916692	0.0464768568252565
144.448650981294	0.0476142221195984
144.478730786177	0.0487515874139403
144.508790327121	0.0498889527082822
144.538829599911	0.0510263180026241
144.568848600334	0.0521636832969660
144.598847324178	0.0533010485913079
144.628825767237	0.0557957875343173
144.658783925306	0.0583447875323821
144.688721794183	0.0608937875304469
144.718639369669	0.0634427875285117
144.748536647568	0.0659917875265764
144.778413623687	0.0685407875246412
144.808270293835	0.0707835879260829
144.838106653825	0.0722274430980868
144.867922699472	0.0736712982700907
144.897718426595	0.0751151534420946
144.927493831013	0.0765590086140984
144.957248908552	0.0780028637861023
144.986983655037	0.0794467189581062
145.016698066299	0.0782895103099476
145.046392138170	0.0751054279892664
145.076065866484	0.0719213456685852
145.105719247080	0.0687372633479040
145.135352275800	0.0655531810272228
145.164964948486	0.0623690987065416
145.194557260985	0.0591850163858605
145.224129209148	0.0577831961311884
145.253680788826	0.0567832571711499
145.283211995874	0.0557833182111113
145.312722826151	0.0547833792510728
145.342213275518	0.0537834402910342
145.371683339838	0.0527835013309957
145.401133014978	0.0518175942717850
145.430562296807	0.0517019473612050
145.459971181198	0.0515863004506250
145.489359664027	0.0514706535400450
145.518727741171	0.0513550066294650
145.548075408511	0.0512393597188850
145.577402661931	0.0511237128083050
145.606709497318	0.0508800554989422
145.635995910562	0.0502054123550069
145.665261897554	0.0495307692110715
145.694507454190	0.0488561260671361
145.723732576368	0.0481814829232008
145.752937259990	0.0475068397792654
145.782121500958	0.0468321966353300
145.811285295181	0.0450989541786019
145.840428638566	0.0416892324058382
145.869551527028	0.0382795106330745
145.898653956481	0.0348697888603108
145.927735922844	0.0314600670875471
145.956797422037	0.0280503453147834
145.985838449984	0.0246406235420197
146.014859002613	0.0240902530389153
146.043859075853	0.0262640642512531
146.072838665637	0.0284378754635909
146.101797767900	0.0306116866759288
146.130736378581	0.0327854978882666
146.159654493620	0.0349593091006045
146.188552108962	0.0371331203129423
146.217429220553	0.0387444947206085
146.246285824344	0.0399865793474051
146.275121916287	0.0412286639742018
146.303937492338	0.0424707486009984
146.332732548456	0.0437128332277951
146.361507080601	0.0449549178545917
146.390261084737	0.0461970024813884
146.418994556833	0.0468313463193981
146.447707492857	0.0471541985993003
146.476399888783	0.0474770508792025
146.505071740587	0.0477999031591046
146.533723044247	0.0481227554390068
146.562353795744	0.0484456077189090
146.590963991063	0.0487684599988111
146.619553626191	0.0493814542218165
146.648122697119	0.0501284792617006
146.676671199839	0.0508755043015846
146.705199130348	0.0516225293414686
146.733706484643	0.0523695543813526
146.762193258727	0.0531165794212366
146.790659448605	0.0538636044611206
146.819105050283	0.0540271741538426
146.847530059773	0.0539055919725800
146.875934473087	0.0537840097913175
146.904318286241	0.0536624276100549
146.932681495255	0.0535408454287924
146.961024096151	0.0534192632475298
146.989346084953	0.0532976810662673
147.017647457688	0.0504272696411938
147.045928210388	0.0458979671361015
147.074188339087	0.0413686646310091
147.102427839819	0.0368393621259167
147.130646708625	0.0323100596208243
147.158844941547	0.0277807571157319
147.187022534629	0.0232514546106395
147.215179483920	0.0168093960101817
147.243315785471	0.00873264978106317
147.271431435335	0.000655903551944639
147.299526429569	-0.00742084267717388
147.327600764232	-0.0154975889062924
147.355654435387	-0.0235743351354109
147.383687439100	-0.0316510813645294
147.411699771437	-0.0357547431059164
147.439691428472	-0.0343209108455129
147.467662406276	-0.0328870785851095
147.495612700928	-0.0314532463247060
147.523542308508	-0.0300194140643026
147.551451225097	-0.0285855818038991
147.579339446782	-0.0271517495434956
147.607206969651	-0.0250287616991170
147.635053789795	-0.0209308641115157
147.662879903309	-0.0168329665239145
147.690685306291	-0.0127350689363132
147.718469994839	-0.00863717134871192
147.746233965058	-0.00453927376111066
147.773977213053	-0.000441376173509387
147.801699734934	0.00360472678432608
147.829401526811	0.00685814292038875
147.857082584799	0.0101115590564514
147.884742905017	0.0133649751925141
147.912382483584	0.0166183913285768
147.940001316624	0.0198718074646394
147.967599400264	0.0231252236007021
147.995176730632	0.0263786397367648
148.022733303860	0.0266308705246834
148.050269116084	0.0262465838195636
148.077784163442	0.0258622971144438
148.105278442075	0.0254780104093240
148.132751948125	0.0250937237042043
148.160204677741	0.0247094369990845
148.187636627071	0.0243251502939647
148.215047792268	0.0235872545536673
148.242438169488	0.0225589401401465
148.269807754888	0.0215306257266257
148.297156544631	0.0205023113131048
148.324484534880	0.0194739968995840
148.351791721802	0.0184456824860632
148.379078101567	0.0174173680725424
148.406343670350	0.0165702064592883
148.433588424324	0.0163202751032210
148.460812359669	0.0160703437471538
148.488015472567	0.0158204123910865
148.515197759202	0.0155704810350192
148.542359215762	0.0153205496789519
148.569499838437	0.0150706183228847
148.596619623421	0.0148206869668174
148.623718566910	0.0150747865374433
148.650796665103	0.0154006935864503
148.677853914202	0.0157266006354573
148.704890310413	0.0160525076844643
148.731905849943	0.0163784147334713
148.758900529003	0.0167043217824783
148.785874343807	0.0170302288314853
148.812827290573	0.0171347594448151
148.839759365519	0.0169955997945127
148.866670564868	0.0168564401442104
148.893560884846	0.0167172804939080
148.920430321682	0.0165781208436056
148.947278871606	0.0164389611933033
148.974106530853	0.0162998015430009
149.000913295660	0.0161876595859933
149.027699162268	0.0168412365251295
149.054464126920	0.0174948134642657
149.081208185862	0.0181483904034019
149.107931335342	0.0188019673425381
149.134633571613	0.0194555442816743
149.161314890929	0.0201091212208105
149.187975289549	0.0207626981599467
149.214614763732	0.0214155128063015
149.241233309744	0.0220677004985035
149.267830923849	0.0227198881907055
149.294407602319	0.0233720758829075
149.320963341425	0.0240242635751095
149.347498137442	0.0246764512673115
149.374011986650	0.0253286389595135
149.400504885329	0.0259705137991926
149.426976829764	0.0260817467373255
149.453427816242	0.0261929796754585
149.479857841052	0.0263042126135914
149.506266900488	0.0264154455517243
149.532654990847	0.0265266784898572
149.559022108426	0.0266379114279901
149.585368249527	0.0267491443661230
149.611693410456	0.0267435295869034
149.637997587521	0.0265917630723278
149.664280777031	0.0264399965577521
149.690542975301	0.0262882300431765
149.716784178647	0.0261364635286009
149.743004383389	0.0259846970140253
149.769203585849	0.0258329304994497
149.795381782353	0.0256811639848741
149.821538969228	0.0258312862207784
149.847675142807	0.0260461114189110
149.873790299423	0.0262609366170435
149.899884435414	0.0264757618151761
149.925957547120	0.0266905870133086
149.952009630884	0.0269054122114412
149.978040683052	0.0271202374095737
150.004050699973	0.0273926563387675
150.030039677999	0.0279771737101623
150.056007613485	0.0285616910815571
150.081954502788	0.0291462084529520
150.107880342270	0.0297307258243468
150.133785128294	0.0303152431957416
150.159668857228	0.0308997605671365
150.185531525440	0.0314842779385313
150.211373129303	0.0318996836098125
150.237193665193	0.0321000384491954
150.262993129489	0.0323003932885783
150.288771518571	0.0325007481279611
150.314528828825	0.0327011029673440
150.340265056637	0.0329014578067269
150.365980198399	0.0331018126461098
150.391674250503	0.0333021674854926
150.417347209345	0.0334060515238423
150.442999071326	0.0334636535015335
150.468629832846	0.0335212554792246
150.494239490312	0.0335788574569158
150.519828040130	0.0336364594346069
150.545395478714	0.0336940614122981
150.570941802475	0.0337516633899892
150.596467007832	0.0338092653676804
150.621971091205	0.0338610974967096
150.647454049015	0.0339120021998485
150.672915877690	0.0339629069029874
150.698356573658	0.0340138116061264
150.723776133350	0.0340647163092653
150.749174553202	0.0341156210124042
150.774551829651	0.0341665257155432
150.799907959138	0.0342174304186821
150.825242938107	NaN
150.850556763004	NaN
150.875849430279	NaN
150.901120936384	NaN
150.926371277775	NaN
150.951600450911	NaN
150.976808452252	NaN
