NaN	NaN
NaN	NaN
NaN	NaN
NaN	NaN
NaN	NaN
NaN	NaN
NaN	NaN
NaN	NaN
NaN	NaN
NaN	NaN
NaN	NaN
NaN	NaN
NaN	NaN
NaN	NaN
NaN	NaN
NaN	NaN
NaN	NaN
NaN	NaN
NaN	NaN
NaN	NaN
NaN	NaN
NaN	NaN
NaN	NaN
NaN	NaN
NaN	NaN
NaN	NaN
NaN	NaN
NaN	NaN
NaN	NaN
NaN	NaN
NaN	NaN
NaN	NaN
NaN	NaN
NaN	NaN
NaN	NaN
NaN	NaN
NaN	NaN
NaN	NaN
NaN	NaN
NaN	NaN
NaN	NaN
NaN	NaN
NaN	NaN
NaN	NaN
NaN	NaN
NaN	NaN
NaN	NaN
NaN	NaN
NaN	NaN
NaN	NaN
NaN	NaN
NaN	NaN
NaN	NaN
NaN	NaN
NaN	NaN
NaN	NaN
NaN	NaN
NaN	NaN
NaN	NaN
NaN	NaN
NaN	NaN
NaN	NaN
NaN	NaN
NaN	NaN
NaN	NaN
NaN	NaN
NaN	NaN
NaN	NaN
NaN	NaN
NaN	NaN
NaN	NaN
NaN	NaN
NaN	NaN
NaN	NaN
NaN	NaN
NaN	NaN
NaN	NaN
NaN	NaN
NaN	NaN
NaN	NaN
NaN	NaN
NaN	NaN
NaN	NaN
NaN	NaN
NaN	NaN
NaN	NaN
NaN	NaN
NaN	NaN
NaN	NaN
NaN	NaN
NaN	NaN
NaN	NaN
NaN	NaN
NaN	NaN
NaN	NaN
NaN	NaN
NaN	NaN
NaN	NaN
NaN	NaN
NaN	NaN
35.2024803932142	NaN
35.2304808999568	NaN
35.2584764654302	NaN
35.2864670857078	NaN
35.3144527568640	NaN
35.3424334749735	NaN
35.3704092361118	NaN
35.3983800363553	NaN
35.4263458717809	3.62895641571740e-06
35.4543067384661	3.72521219544449e-06
35.4822626324894	3.82146797517158e-06
35.5102135499297	3.91772375489868e-06
35.5381594868669	4.01397953462577e-06
35.5661004393812	4.11023531435287e-06
35.5940364035540	4.20649109407996e-06
35.6219673754669	4.34186310471914e-06
35.6498933512025	4.48785325718749e-06
35.6778143268440	4.63384340965585e-06
35.7057302984754	4.77983356212421e-06
35.7336412621813	4.92582371459256e-06
35.7615472140470	5.07181386706092e-06
35.7894481501586	5.21780401952928e-06
35.8173440666028	5.41091180416166e-06
35.8452349594670	5.63268263359581e-06
35.8731208248395	5.85445346302996e-06
35.9010016588089	6.07622429246411e-06
35.9288774574650	6.29799512189826e-06
35.9567482168980	6.51976595133241e-06
35.9846139331988	6.74153678076656e-06
36.0124746024591	6.95793944256529e-06
36.0403302207714	7.16772164669666e-06
36.0681807842287	7.37750385082804e-06
36.0960262889248	7.58728605495941e-06
36.1238667309542	7.79706825909078e-06
36.1517021064121	8.00685046322215e-06
36.1795324113946	8.21663266735352e-06
36.2073576419982	8.45746675255328e-06
36.2351777943203	8.78467359602672e-06
36.2629928644589	9.11188043950016e-06
36.2908028485129	9.43908728297359e-06
36.3186077425818	9.76629412644703e-06
36.3464075427657	1.00935009699205e-05
36.3742022451655	1.04207078133939e-05
36.4019918458830	1.07344995689354e-05
36.4297763410205	1.08745588385377e-05
36.4575557266810	1.10146181081399e-05
36.4853299989684	1.11546773777421e-05
36.5130991539870	1.12947366473443e-05
36.5408631878423	1.14347959169465e-05
36.5686220966400	1.15748551865487e-05
36.5963758764869	1.17149144561510e-05
36.6241245234904	1.26086502349121e-05
36.6518680337585	1.36155973195023e-05
36.6796064034001	1.46225444040924e-05
36.7073396285246	1.56294914886825e-05
36.7350677052424	1.66364385732727e-05
36.7627906296645	1.76433856578628e-05
36.7905083979025	1.86503327424529e-05
36.8182210060689	1.93893807547420e-05
36.8459284502769	1.99888888778727e-05
36.8736307266403	2.05883970010034e-05
36.9013278312737	2.11879051241341e-05
36.9290197602924	2.17874132472648e-05
36.9567065098125	2.23869213703955e-05
36.9843880759509	2.29864294935263e-05
37.0120644548249	2.42058998114980e-05
37.0397356425528	2.62275534016920e-05
37.0674016352537	2.82492069918861e-05
37.0950624290471	3.02708605820802e-05
37.1227180200535	3.22925141722743e-05
37.1503684043941	3.43141677624683e-05
37.1780135781907	3.63358213526624e-05
37.2056535375660	3.83313904166135e-05
37.2332882786432	4.02255271624334e-05
37.2609177975466	4.21196639082533e-05
37.2885420904008	4.40138006540731e-05
37.3161611533314	4.59079373998930e-05
37.3437749824647	4.78020741457129e-05
37.3713835739277	4.96962108915328e-05
37.3989869238481	5.15903476373526e-05
37.4265850283545	5.19590200224020e-05
37.4541778835760	5.22695666719951e-05
37.4817654856425	5.25801133215882e-05
37.5093478306849	5.28906599711813e-05
37.5369249148344	5.32012066207745e-05
37.5644967342233	5.35117532703676e-05
37.5920632849844	5.38222999199607e-05
37.6196245632515	5.83950282639428e-05
37.6471805651588	6.46913364561149e-05
37.6747312868415	7.09876446482870e-05
37.7022767244354	7.72839528404591e-05
37.7298168740772	8.35802610326313e-05
37.7573517319042	8.98765692248034e-05
37.7848812940545	9.61728774169755e-05
37.8124055566669	9.92533182639293e-05
37.8399245158810	9.84149411866714e-05
37.8674381678370	9.75765641094135e-05
37.8949465086761	9.67381870321557e-05
37.9224495345401	9.58998099548978e-05
37.9499472415714	9.50614328776399e-05
37.9774396259135	9.42230558003820e-05
38.0049266837102	9.44203434467567e-05
38.0324084111065	9.93597142983402e-05
38.0598848042479	0.000104299085149924
38.0873558592807	0.000109238456001507
38.1148215723518	0.000114177826853091
38.1422819396090	0.000119117197704674
38.1697369572010	0.000124056568556258
38.1971866212769	0.000128995939407841
38.2246309279869	0.000130285066447215
38.2520698734816	0.000131157298174580
38.2795034539127	0.000132029529901944
38.3069316654324	0.000132901761629309
38.3343545041937	0.000133773993356673
38.3617719663505	0.000134646225084038
38.3891840480574	0.000135518456811403
38.4165907454695	0.000137749597499924
38.4439920547430	0.000140866560525961
38.4713879720347	0.000143983523551999
38.4987784935022	0.000147100486578036
38.5261636153037	0.000150217449604074
38.5535433335985	0.000153334412630112
38.5809176445462	0.000156451375656149
38.6082865443076	0.000157557593817075
38.6356500290439	0.000154033901463758
38.6630080949173	0.000150510209110442
38.6903607380907	0.000146986516757126
38.7177079547278	0.000143462824403809
38.7450497409929	0.000139939132050493
38.7723860930511	0.000136415439697177
38.7997170070685	0.000132891747343860
38.8270424792116	0.000132629819409097
38.8543625056481	0.000132402021949790
38.8816770825460	0.000132174224490483
38.9089862060743	0.000131946427031176
38.9362898724028	0.000131718629571869
38.9635880777021	0.000131490832112562
38.9908808181433	0.000131263034653254
39.0181680898986	0.000129058261778744
39.0454498891406	0.000125861276199879
39.0727262120431	0.000122664290621014
39.0999970547804	0.000119467305042149
39.1272624135275	0.000116270319463284
39.1545222844604	0.000113073333884419
39.1817766637557	0.000109876348305554
39.2090255475908	0.000107972016070464
39.2362689321439	0.000108677398438121
39.2635068135940	0.000109382780805779
39.2907391881209	0.000110088163173436
39.3179660519049	0.000110793545541094
39.3451874011275	0.000111498927908751
39.3724032319707	0.000112204310276409
39.3996135406173	0.000112909692644066
39.4268183232509	0.000115470761614001
39.4540175760558	0.000118058569056158
39.4812112952173	0.000120646376498316
39.5083994769213	0.000123234183940473
39.5355821173545	0.000125821991382630
39.5627592127043	0.000128409798824788
39.5899307591590	0.000130997606266945
39.6170967529078	0.000132638251029054
39.6442571901403	0.000133721114853498
39.6714120670471	0.000134803978677943
39.6985613798198	0.000135886842502387
39.7257051246504	0.000136969706326831
39.7528432977318	0.000138052570151275
39.7799758952578	0.000139135433975720
39.8071029134230	0.000138247533625096
39.8342243484225	0.000131804338465632
39.8613401964524	0.000125361143306167
39.8884504537096	0.000118917948146703
39.9155551163918	0.000112474752987238
39.9426541806973	0.000106031557827774
39.9697476428254	9.95883626683096e-05
39.9968354989761	9.31451675088452e-05
40.0239177453501	9.63456130885632e-05
40.0509943781489	0.000100821855875343
40.0780653935751	0.000105298098662123
40.1051307878316	0.000109774341448903
40.1321905571224	0.000114250584235683
40.1592446976523	0.000118726827022464
40.1862932056268	0.000123203069809244
40.2133360772521	0.000122988750732144
40.2403733087353	0.000117953982517760
40.2674048962843	0.000112919214303375
40.2944308361079	0.000107884446088991
40.3214511244153	0.000102849677874607
40.3484657574170	9.78149096602228e-05
40.3754747313239	9.27801414458386e-05
40.4024780423480	8.85148256078622e-05
40.4294756867017	9.18640142824692e-05
40.4564676605986	9.52132029570763e-05
40.4834539602529	9.85623916316833e-05
40.5104345818797	0.000101911580306290
40.5374095216946	0.000105260768980897
40.5643787759144	0.000108609957655504
40.5913423407565	0.000111959146330111
40.6183002124390	0.000113453267475492
40.6452523871810	0.000114069865515834
40.6721988612024	0.000114686463556176
40.6991396307236	0.000115303061596517
40.7260746919661	0.000115919659636859
40.7530040411521	0.000116536257677201
40.7799276745047	0.000117152855717543
40.8068455882476	0.000117479342103159
40.8337577786054	0.000116955265387167
40.8606642418037	0.000116431188671176
40.8875649740685	0.000115907111955184
40.9144599716270	0.000115383035239192
40.9413492307068	0.000114858958523200
40.9682327475368	0.000114334881807208
40.9951105183463	0.000113810805091216
41.0219825393655	0.000112753862864862
41.0488488068255	0.000111578410211866
41.0757093169583	0.000110402957558871
41.1025640659963	0.000109227504905875
41.1294130501732	0.000108052052252880
41.1562562657231	0.000106876599599884
41.1830937088812	0.000105701146946889
41.2099253758835	0.000105683306912953
41.2367512629665	0.000107637064525449
41.2635713663678	0.000109590822137945
41.2903856823257	0.000111544579750441
41.3171942070795	0.000113498337362937
41.3439969368690	0.000115452094975433
41.3707938679350	0.000117405852587928
41.3975849965191	0.000119359610200424
41.4243703188637	0.000119775929388568
41.4511498312120	0.000120039910765976
41.4779235298081	0.000120303892143385
41.5046914108967	0.000120567873520793
41.5314534707236	0.000120831854898201
41.5582097055351	0.000121095836275610
41.5849601115787	0.000121359817653018
41.6117046851023	0.000124699457823550
41.6384434223550	0.000131990726540481
41.6651763195865	0.000139281995257412
41.6919033730473	0.000146573263974344
41.7186245789888	0.000153864532691275
41.7453399336632	0.000161155801408206
41.7720494333236	0.000168447070125137
41.7987530742238	0.000175738338842069
41.8254508526185	0.000179787211940574
41.8521427647631	0.000183677245270680
41.8788288069139	0.000187567278600787
41.9055089753282	0.000191457311930893
41.9321832662638	0.000195347345260999
41.9588516759796	0.000199237378591105
41.9855142007351	0.000203127411921212
42.0121708367908	0.000208421030657246
42.0388215804079	0.000215385021992871
42.0654664278486	0.000222349013328495
42.0921053753757	0.000229313004664120
42.1187384192530	0.000236276995999744
42.1453655557450	0.000243240987335369
42.1719867811172	0.000250204978670993
42.1986020916358	0.000257168970006617
42.2252114835678	0.000266098152073254
42.2518149531811	0.000275136287121741
42.2784124967445	0.000284174422170228
42.3050041105275	0.000293212557218715
42.3315897908004	0.000302250692267203
42.3581695338344	0.000311288827315690
42.3847433359017	0.000320326962364177
42.4113111932751	0.000330471834020068
42.4378731022283	0.000342109318651732
42.4644290590359	0.000353746803283395
42.4909790599732	0.000365384287915058
42.5175231013165	0.000377021772546721
42.5440611793427	0.000388659257178384
42.5705932903298	0.000400296741810047
42.5971194305566	0.000411934226441711
42.6236395963025	0.000420819246858703
42.6501537838481	0.000429368907134088
42.6766619894744	0.000437918567409474
42.7031642094636	0.000446468227684859
42.7296604400987	0.000455017887960244
42.7561506776633	0.000463567548235630
42.7826349184421	0.000472117208511015
42.8091131587205	0.000483615053458876
42.8355853947848	0.000500730020805709
42.8620516229220	0.000517844988152542
42.8885118394203	0.000534959955499375
42.9149660405684	0.000552074922846208
42.9414142226559	0.000569189890193041
42.9678563819733	0.000586304857539873
42.9942925148121	0.000603419824886706
43.0207226174642	0.000626598087529868
43.0471466862229	0.000651446132040288
43.0735647173820	0.000676294176550708
43.0999767072361	0.000701142221061129
43.1263826520810	0.000725990265571549
43.1527825482129	0.000750838310081969
43.1791763919292	0.000775686354592389
43.2055641795280	0.000801315276182134
43.2319459073082	0.000829866249884429
43.2583215715697	0.000858417223586725
43.2846911686131	0.000886968197289020
43.3110546947399	0.000915519170991316
43.3374121462526	0.000944070144693611
43.3637635194544	0.000972621118395907
43.3901088106492	0.00100117209209820
43.4164480161421	0.00103829899772133
43.4427811322389	0.00108058253995295
43.4691081552461	0.00112286608218457
43.4954290814712	0.00116514962441618
43.5217439072227	0.00120743316664780
43.5480526288096	0.00124971670887942
43.5743552425421	0.00129200025111103
43.6006517447311	0.00133447764537748
43.6269421316883	0.00138458188316753
43.6532263997264	0.00143468612095758
43.6795045451588	0.00148479035874763
43.7057765642999	0.00153489459653768
43.7320424534650	0.00158499883432773
43.7583022089700	0.00163510307211777
43.7845558271319	0.00168520730990782
43.8108033042685	0.00174167431632828
43.8370446366984	0.00180723634092204
43.8632798207411	0.00187279836551581
43.8895088527170	0.00193836039010957
43.9157317289474	0.00200392241470333
43.9419484457543	0.00206948443929710
43.9681589994608	0.00213504646389086
43.9943633863905	0.00220060848848462
44.0205616028682	0.00227885326933758
44.0467536452195	0.00236057440565912
44.0729395097708	0.00244229554198066
44.0991191928494	0.00252401667830219
44.1252926907834	0.00260573781462373
44.1514599999019	0.00268745895094527
44.1776211165347	0.00276918008726680
44.2037760370126	0.00285346610688038
44.2299247576673	0.00295295127805139
44.2560672748311	0.00305243644922241
44.2822035848376	0.00315192162039343
44.3083336840209	0.00325140679156444
44.3344575687162	0.00335089196273546
44.3605752352594	0.00345037713390648
44.3866866799874	0.00354986230507749
44.4127918992378	0.00365912192248180
44.4388908893494	0.00377855320116340
44.4649836466616	0.00389798447984500
44.4910701675147	0.00401741575852660
44.5171504482499	0.00413684703720820
44.5432244852094	0.00425627831588980
44.5692922747361	0.00437570959457140
44.5953538131739	0.00449514087325300
44.6214090968674	0.00464845763040148
44.6474581221624	0.00480912731720458
44.6735008854052	0.00496979700400769
44.6995373829432	0.00513046669081079
44.7255676111247	0.00529113637761389
44.7515915662989	0.00545180606441699
44.7776092448156	0.00561247575122009
44.8036206430257	0.00577740751981444
44.8296257572811	0.00596869370499304
44.8556245839344	0.00615997989017165
44.8816171193390	0.00635126607535026
44.9076033598494	0.00654255226052887
44.9335833018209	0.00673383844570747
44.9595569416096	0.00692512463088608
44.9855242755726	0.00711641081606469
45.0114853000679	0.00735218297317812
45.0374400114542	0.00764401715470829
45.0633884060912	0.00793585133623846
45.0893304803397	0.00822768551776863
45.1152662305609	0.00851951969929879
45.1411956531174	0.00881135388082896
45.1671187443724	0.00910318806235913
45.1930355006899	0.00939502224388930
45.2189459184351	0.00974238128521752
45.2448499939739	0.0101101487357969
45.2707477236730	0.0104779161863763
45.2966391039002	0.0108456836369557
45.3225241310240	0.0112134510875351
45.3484028014140	0.0115812185381145
45.3742751114406	0.0119489859886938
45.4001410574749	0.0123174393424902
45.4260006358891	0.0128109680872974
45.4518538430564	0.0133044968321046
45.4777006753506	0.0137980255769119
45.5035411291465	0.0142915543217191
45.5293752008200	0.0147850830665263
45.5552028867476	0.0152786118113335
45.5810241833069	0.0157721405561408
45.6068390868763	0.0162927421746184
45.6326475938351	0.0168884513345835
45.6584497005635	0.0174841604945486
45.6842454034427	0.0180798696545137
45.7100346988545	0.0186755788144788
45.7358175831821	0.0192712879744439
45.7615940528091	0.0198669971344090
45.7873641041202	0.0204627062943741
45.8131277335012	0.0211748873637111
45.8388849373384	0.0219991627326303
45.8646357120193	0.0228234381015495
45.8903800539323	0.0236477134704686
45.9161179594664	0.0244719888393878
45.9418494250119	0.0252962642083070
45.9675744469598	0.0261205395772262
45.9932930217019	0.0269448149461454
46.0190051456311	0.0279355856709674
46.0447108151412	0.0289851058730069
46.0704100266268	0.0300346260750463
46.0961027764834	0.0310841462770858
46.1217890611075	0.0321336664791252
46.1474688768964	0.0331831866811647
46.1731422202484	0.0342327068832042
46.1988090875627	0.0352822270852436
46.2244694752393	0.0365698018742577
46.2501233796792	0.0378689612346620
46.2757707972845	0.0391681205950664
46.3014117244577	0.0404672799554708
46.3270461576027	0.0417664393158751
46.3526740931241	0.0430655986762795
46.3782955274275	0.0443647580366839
46.4039104569192	0.0456941066692088
46.4295188780067	0.0471909959808226
46.4551207870982	0.0486878852924363
46.4807161806029	0.0501847746040501
46.5063050549309	0.0516816639156638
46.5318874064934	0.0531785532272776
46.5574632317020	0.0546754425388914
46.5830325269698	0.0561723318505051
46.6085952887105	0.0577557604224985
46.6341515133388	0.0595099996402334
46.6597011972703	0.0612642388579683
46.6852443369214	0.0630184780757032
46.7107809287097	0.0647727172934381
46.7363109690535	0.0665269565111731
46.7618344543719	0.0682811957289080
46.7873513810854	0.0700354349466429
46.8128617456149	0.0717609437568850
46.8383655443824	0.0734582018683131
46.8638627738110	0.0751554599797412
46.8893534303245	0.0768527180911693
46.9148375103477	0.0785499762025974
46.9403150103063	0.0802472343140256
46.9657859266270	0.0819444924254537
46.9912502557373	0.0836417505368818
47.0167079940657	0.0852605246015604
47.0421591380416	0.0868382029249873
47.0676036840954	0.0884158812484142
47.0930416286583	0.0899935595718412
47.1184729681625	0.0915712378952681
47.1438976990411	0.0931489162186950
47.1693158177282	0.0947265945421220
47.1947273206587	0.0963042728655489
47.2201322042685	0.0983338262758101
47.2455304649945	0.100481711652385
47.2709220992744	0.102629597028959
47.2963071035469	0.104777482405534
47.3216854742516	0.106925367782109
47.3470572078290	0.109073253158683
47.3724223007207	0.111221138535258
47.3977807493690	0.113369023911833
47.4231325502172	0.114969484067919
47.4484776997097	0.116517433081214
47.4738161942916	0.118065382094508
47.4991480304091	0.119613331107802
47.5244732045093	0.121161280121097
47.5497917130400	0.122709229134391
47.5751035524504	0.124257178147686
47.6004087191903	0.125805232970767
47.6257072097104	0.127359732242858
47.6509990204626	0.128914231514949
47.6762841478994	0.130468730787039
47.7015625884746	0.132023230059130
47.7268343386426	0.133577729331221
47.7520993948591	0.135132228603312
47.7773577535804	0.136686727875403
47.8026094112638	0.138210833600351
47.8278543643678	0.139471244915652
47.8530926093516	0.140731656230952
47.8783241426753	0.141992067546252
47.9035489608001	0.143252478861552
47.9287670601881	0.144512890176852
47.9539784373023	0.145773301492152
47.9791830886067	0.147033712807452
48.0043810105662	0.148333866882499
48.0295721996466	0.149822838691591
48.0547566523147	0.151311810500683
48.0799343650384	0.152800782309775
48.1051053342861	0.154289754118867
48.1302695565277	0.155778725927959
48.1554270282336	0.157267697737051
48.1805777458754	0.158756669546143
48.2057217059257	0.160121545448512
48.2308589048576	0.161065235435709
48.2559893391458	0.162008925422905
48.2811130052654	0.162952615410101
48.3062298996928	0.163896305397298
48.3313400189052	0.164839995384494
48.3564433593806	0.165783685371691
48.3815399175984	0.166727375358887
48.4066296900384	0.167829711504626
48.4317126731818	0.169373731904044
48.4567888635105	0.170917752303463
48.4818582575074	0.172461772702881
48.5069208516565	0.174005793102299
48.5319766424425	0.175549813501717
48.5570256263512	0.177093833901135
48.5820677998694	0.178637854300553
48.6071031594848	0.180122637626996
48.6321317016861	0.181457894897592
48.6571534229627	0.182793152168188
48.6821683198054	0.184128409438785
48.7071763887056	0.185463666709381
48.7321776261558	0.186798923979977
48.7571720286495	0.188134181250573
48.7821595926810	0.189469438521169
48.8071403147457	0.190974136246880
48.8321141913399	0.192902131156508
48.8570812189609	0.194830126066137
48.8820413941070	0.196758120975766
48.9069947132772	0.198686115885394
48.9319411729719	0.200614110795023
48.9568807696920	0.202542105704652
48.9818134999398	0.204470100614280
49.0067393602182	0.206415853017651
49.0316583470312	0.208409518368941
49.0565704568839	0.210403183720231
49.0814756862821	0.212396849071522
49.1063740317329	0.214390514422812
49.1312654897439	0.216384179774102
49.1561500568241	0.218377845125393
49.1810277294833	0.220371510476683
49.2058985042322	0.222496634342623
49.2307623775827	0.225044530646131
49.2556193460473	0.227592426949639
49.2804694061397	0.230140323253147
49.3053125543747	0.232688219556655
49.3301487872678	0.235236115860163
49.3549781013355	0.237784012163671
49.3798004930956	0.240331908467179
49.4046159590664	0.243077427196759
49.4294244957674	0.246687624906460
49.4542260997192	0.250297822616162
49.4790207674432	0.253908020325864
49.5038084954617	0.257518218035566
49.5285892802982	0.261128415745268
49.5533631184770	0.264738613454969
49.5781300065235	0.268348811164671
49.6028899409639	0.272034090867451
49.6276429183256	0.276287484310742
49.6523889351368	0.280540877754033
49.6771279879267	0.284794271197324
49.7018600732256	0.289047664640614
49.7265851875646	0.293301058083905
49.7513033274759	0.297554451527196
49.7760144894927	0.301807844970487
49.8007186701490	0.306108533451166
49.8254158659800	0.311987480035931
49.8501060735218	0.317866426620697
49.8747892893114	0.323745373205462
49.8994655098868	0.329624319790228
49.9241347317872	0.335503266374993
49.9487969515524	0.341382212959759
49.9734521657235	0.347261159544524
49.9981003708425	0.353140106129290
50.0227415634522	0.353753093294094
50.0473757400968	0.353926269803517
50.0720028973209	0.354099446312939
50.0966230316706	0.354272622822362
50.1212361396928	0.354445799331785
50.1458422179353	0.354618975841207
50.1704412629471	0.354792152350630
50.1950332712778	0.354965328860053
50.2196182394785	0.356849973261623
50.2441961641008	0.359167846192343
50.2687670416977	0.361485719123064
50.2933308688228	0.363803592053784
50.3178876420311	0.366121464984504
50.3424373578782	0.368439337915225
50.3669800129210	0.370757210845945
50.3915156037172	0.373075083776665
50.4160441268255	0.375293753389491
50.4405655788057	0.377459970143716
50.4650799562185	0.379626186897941
50.4895872556257	0.381792403652165
50.5140874735900	0.383958620406390
50.5385806066750	0.386124837160614
50.5630666514454	0.388291053914839
50.5875456044671	0.390457270669063
50.6120174623066	0.392850030446749
50.6364822215316	0.395477536012459
50.6609398787109	0.398105041578170
50.6853904304141	0.400732547143880
50.7098338732119	0.403360052709591
50.7342702036759	0.405987558275301
50.7586994183788	0.408615063841012
50.7831215138944	0.411242569406722
50.8075364867972	0.414085022267774
50.8319443336629	0.417408794567233
50.8563450510683	0.420732566866693
50.8807386355908	0.424056339166152
50.9051250838093	0.427380111465612
50.9295043923034	0.430703883765071
50.9538765576538	0.434027656064530
50.9782415764420	0.437351428363990
51.0025994452509	0.440526362843089
51.0269501606640	0.442455645380732
51.0512937192661	0.444384927918374
51.0756301176428	0.446314210456017
51.0999593523809	0.448243492993659
51.1242814200679	0.450172775531302
51.1485963172926	0.452102058068945
51.1729040406448	0.454031340606587
51.1972045867150	0.455960623144230
51.2214979520951	0.455918777927549
51.2457841333778	0.455620661205164
51.2700631271567	0.455322544482779
51.2943349300266	0.455024427760394
51.3185995385833	0.454726311038008
51.3428569494235	0.454428194315623
51.3671071591450	0.454130077593238
51.3913501643465	0.453831960870853
51.4155859616279	0.453515399224785
51.4398145475899	0.453188602593672
51.4640359188344	0.452861805962559
51.4882500719641	0.452535009331445
51.5124570035829	0.452208212700332
51.5366567102956	0.451881416069219
51.5608491887082	0.451554619438106
51.5850344354274	0.451227822806993
51.6092124470612	0.452121756287024
51.6333832202184	0.454998463619247
51.6575467515089	0.457875170951470
51.6817030375438	0.460751878283693
51.7058520749350	0.463628585615916
51.7299938602953	0.466505292948139
51.7541283902389	0.469382000280362
51.7782556613806	0.472258707612585
51.8023756703365	0.475163719405039
51.8264884137237	0.478327760925839
51.8505938881602	0.481491802446639
51.8746920902651	0.484655843967439
51.8987830166584	0.487819885488239
51.9228666639613	0.490983927009039
51.9469430287960	0.494147968529839
51.9710121077855	0.497312010050639
51.9950738975541	0.500476051571439
52.0191283947269	0.503027311659025
52.0431755959302	0.505420787059113
52.0672154977913	0.507814262459202
52.0912480969383	0.510207737859291
52.1152733900007	0.512601213259379
52.1392913736086	0.514994688659468
52.1633020443936	0.517388164059557
52.1873053989878	0.519781639459645
52.2113014340248	0.522565539062822
52.2352901461389	0.525787925470813
52.2592715319657	0.529010311878804
52.2832455881415	0.532232698286795
52.3072123113039	0.535455084694786
52.3311716980914	0.538677471102777
52.3551237451437	0.541899857510768
52.3790684491012	0.545122243918759
52.4030058066056	0.548318256236701
52.4269358142996	0.551330634870124
52.4508584688268	0.554343013503548
52.4747737668320	0.557355392136971
52.4986817049608	0.560367770770395
52.5225822798602	0.563380149403818
52.5464754881779	0.566392528037242
52.5703613265627	0.569404906670665
52.5942397916645	0.572417285304089
52.6181108801343	0.573931046281889
52.6419745886240	0.574968241039298
52.6658309137865	0.576005435796708
52.6896798522759	0.577042630554117
52.7135214007473	0.578079825311526
52.7373555558567	0.579117020068936
52.7611823142613	0.580154214826345
52.7850016726191	0.581191409583754
52.8088136275896	0.582215384354469
52.8326181758328	0.583216865874352
52.8564153140100	0.584218347394235
52.8802050387836	0.585219828914118
52.9039873468170	0.586221310434001
52.9277622347745	0.587222791953884
52.9515296993216	0.588224273473767
52.9752897371247	0.589225754993650
52.9990423448515	0.590227236513533
53.0227875191703	0.591269629117681
53.0465252567510	0.592313740775095
53.0702555542640	0.593357852432508
53.0939784083811	0.594401964089922
53.1176938157751	0.595446075747335
53.1414017731197	0.596490187404749
53.1651022770898	0.597534299062162
53.1887953243612	0.598578410719576
53.2124809116108	0.600494386966117
53.2361590355166	0.603192952959266
53.2598296927577	0.605891518952414
53.2834928800141	0.608590084945563
53.3071485939668	0.611288650938712
53.3307968312981	0.613987216931860
53.3544375886912	0.616685782925009
53.3780708628302	0.619384348918157
53.4016966504006	0.621957379276096
53.4253149480887	0.622908116013241
53.4489257525817	0.623858852750387
53.4725290605684	0.624809589487532
53.4961248687380	0.625760326224677
53.5197131737812	0.626711062961822
53.5432939723897	0.627661799698968
53.5668672612559	0.628612536436113
53.5904330370738	0.629563273173258
53.6139912965380	0.630154963215783
53.6375420363444	0.630501183536011
53.6610852531898	0.630847403856238
53.6846209437722	0.631193624176465
53.7081491047905	0.631539844496693
53.7316697329449	0.631886064816920
53.7551828249364	0.632232285137148
53.7786883774672	0.632578505457375
53.8021863872405	0.633005052015980
53.8256768509605	0.634214446973100
53.8491597653327	0.635423841930221
53.8726351270633	0.636633236887341
53.8961029328599	0.637842631844462
53.9195631794309	0.639052026801582
53.9430158634860	0.640261421758702
53.9664609817357	0.641470816715823
53.9898985308918	0.642680211672943
54.0133285076670	0.643022310519368
54.0367509087751	0.642707204406513
54.0601657309310	0.642392098293657
54.0835729708507	0.642076992180802
54.1069726252511	0.641761886067946
54.1303646908503	0.641446779955091
54.1537491643675	0.641131673842236
54.1771260425228	0.640816567729380
54.2004953220375	0.640491417324580
54.2238569996340	0.639702491164360
54.2472110720357	0.638913565004141
54.2705575359669	0.638124638843922
54.2938963881533	0.637335712683703
54.3172276253213	0.636546786523484
54.3405512441988	0.635757860363265
54.3638672415145	0.634968934203045
54.3871756139980	0.634180008042826
54.4104763583804	0.633816261896581
54.4337694713935	0.633972905447799
54.4570549497704	0.634129548999017
54.4803327902451	0.634286192550234
54.5036029895528	0.634442836101452
54.5268655444297	0.634599479652670
54.5501204516132	0.634756123203888
54.5733677078415	0.634912766755106
54.5966073098542	0.635069410306324
54.6198392543918	0.634956212502632
54.6430635381958	0.634796876864698
54.6662801580089	0.634637541226764
54.6894891105748	0.634478205588830
54.7126903926385	0.634318869950897
54.7358840009456	0.634159534312963
54.7590699322434	0.634000198675029
54.7822481832797	0.633840863037095
54.8054187508037	0.633558215476419
54.8285816315656	0.632871664461017
54.8517368223167	0.632185113445615
54.8748843198093	0.631498562430213
54.8980241207969	0.630812011414812
54.9211562220339	0.630125460399410
54.9442806202761	0.629438909384008
54.9673973122800	0.628752358368607
54.9905062948034	0.628065807353205
55.0136075646052	0.627414365292735
55.0367011184452	0.626787413922155
55.0597869530846	0.626160462551574
55.0828650652852	0.625533511180994
55.1059354518104	0.624906559810413
55.1289981094244	0.624279608439833
55.1520530348925	0.623652657069252
55.1751002249811	0.623025705698672
55.1981396764578	0.622398754328092
55.2211713860911	0.622831880624529
55.2441953506506	0.623358140309663
55.2672115669073	0.623884399994796
55.2902200316328	0.624410659679930
55.3132207416002	0.624936919365063
55.3362136935835	0.625463179050197
55.3591988843578	0.625989438735330
55.3821763106992	0.626515698420464
55.4051459693851	0.626938117871428
55.4281078571939	0.627000934259948
55.4510619709050	0.627063750648468
55.4740083072989	0.627126567036988
55.4969468631574	0.627189383425509
55.5198776352632	0.627252199814029
55.5428006204000	0.627315016202549
55.5657158153529	0.627377832591069
55.5886232169079	0.627440648979590
55.6115228218520	0.627325247546035
55.6344146269734	0.627033916920581
55.6572986290615	0.626742586295128
55.6801748249067	0.626451255669674
55.7030432113004	0.626159925044220
55.7259037850352	0.625868594418766
55.7487565429048	0.625577263793312
55.7716014817040	0.625285933167858
55.7944385982287	0.624994602542404
55.8172678892757	0.625154414236306
55.8400893516433	0.625459499006536
55.8629029821304	0.625764583776766
55.8857087775375	0.626069668546996
55.9085067346659	0.626374753317226
55.9312968503179	0.626679838087456
55.9540791212973	0.626984922857686
55.9768535444086	0.627290007627916
55.9996201164577	0.627595092398146
56.0223788342513	0.627856839260201
56.0451296945974	0.628117850571970
56.0678726943052	0.628378861883739
56.0906078301847	0.628639873195508
56.1133350990473	0.628900884507277
56.1360544977053	0.629161895819046
56.1587660229722	0.629422907130815
56.1814696716626	0.629683918442584
56.2041654405922	0.630109448895222
56.2268533265777	0.631266731283537
56.2495333264371	0.632424013671851
56.2722054369893	0.633581296060166
56.2948696550546	0.634738578448480
56.3175259774540	0.635895860836795
56.3401744010100	0.637053143225109
56.3628149225459	0.638210425613424
56.3854475388863	0.639367708001738
56.4080722468569	0.640287983865752
56.4306890432844	0.640781063703301
56.4532979249967	0.641274143540850
56.4758988888227	0.641767223378399
56.4984919315926	0.642260303215948
56.5210770501375	0.642753383053497
56.5436542412898	0.643246462891046
56.5662235018829	0.643739542728595
56.5887848287513	0.644232622566144
56.6113382187307	0.644310950015829
56.6338836686579	0.643979098275366
56.6564211753706	0.643647246534904
56.6789507357080	0.643315394794442
56.7014723465100	0.642983543053980
56.7239860046180	0.642651691313518
56.7464917068743	0.642319839573056
56.7689894501223	0.641987987832594
56.7914792312066	0.641656136092131
56.8139610469728	0.642316365407698
56.8364348942678	0.643581979568428
56.8589007699395	0.644847593729158
56.8813586708369	0.646113207889888
56.9038085938102	0.647378822050618
56.9262505357107	0.648644436211348
56.9486844933907	0.649910050372079
56.9711104637038	0.651175664532809
56.9935284435045	0.652441278693539
57.0159384296488	0.653536215030811
57.0383404189933	0.654561862538876
57.0607344083962	0.655587510046942
57.0831203947165	0.656613157555008
57.1054983748146	0.657638805063073
57.1278683455516	0.658664452571139
57.1502303037902	0.659690100079205
57.1725842463940	0.660715747587270
57.1949301702277	0.661741395095336
57.2172680721571	0.662388440892351
57.2395979490492	0.662924350633480
57.2619197977722	0.663460260374610
57.2842336151953	0.663996170115740
57.3065393981888	0.664532079856870
57.3288371436243	0.665067989597999
57.3511268483743	0.665603899339129
57.3734085093127	0.666139809080259
57.3956821233142	0.666675718821389
57.4179476872549	0.666461679202641
57.4402051980119	0.666067248340653
57.4624546524635	0.665672817478666
57.4846960474890	0.665278386616678
57.5069293799691	0.664883955754690
57.5291546467852	0.664489524892702
57.5513718448204	0.664095094030715
57.5735809709583	0.663700663168727
57.5957820220842	0.663306232306739
57.6179749950841	0.664029245757135
57.6401598868454	0.665014429104519
57.6623366942565	0.665999612451902
57.6845054142070	0.666984795799286
57.7066660435877	0.667969979146670
57.7288185792903	0.668955162494053
57.7509630182079	0.669940345841437
57.7730993572346	0.670925529188821
57.7952275932655	0.671910712536205
57.8173477231973	0.672927906419839
57.8394597439273	0.673953904889784
57.8615636523542	0.674979903359730
57.8836594453778	0.676005901829675
57.9057471198991	0.677031900299621
57.9278266728202	0.678057898769566
57.9498981010442	0.679083897239512
57.9719614014756	0.680109895709457
57.9940165710199	0.681135894179403
58.0160636065835	0.681853935446464
58.0381025050745	0.682457288667777
58.0601332634016	0.683060641889090
58.0821558784750	0.683663995110404
58.1041703472059	0.684267348331717
58.1261766665065	0.684870701553030
58.1481748332905	0.685474054774344
58.1701648444723	0.686077407995657
58.1921466969679	0.686680761216970
58.2141203876941	0.687034870871413
58.2360859135691	0.687250384785076
58.2580432715119	0.687465898698739
58.2799924584430	0.687681412612402
58.3019334712839	0.687896926526065
58.3238663069573	0.688112440439728
58.3457909623868	0.688327954353391
58.3677074344976	0.688543468267054
58.3896157202156	0.688758982180717
58.4115158164682	0.688705996790578
58.4334077201836	0.688410939589681
58.4552914282915	0.688115882388783
58.4771669377226	0.687820825187886
58.4990342454086	0.687525767986988
58.5208933482826	0.687230710786091
58.5427442432786	0.686935653585194
58.5645869273321	0.686640596384296
58.5864213973794	0.686345539183399
58.6082476503582	0.686485173280916
58.6300656832071	0.687340332050087
58.6518754928662	0.688195490819259
58.6736770762763	0.689050649588431
58.6954704303798	0.689905808357602
58.7172555521200	0.690760967126774
58.7390324384415	0.691616125895945
58.7608010862898	0.692471284665117
58.7825614926119	0.693326443434288
58.8043136543556	0.694201780253523
58.8260575684702	0.695158674012156
58.8477932319060	0.696115567770789
58.8695206416143	0.697072461529421
58.8912397945479	0.698029355288054
58.9129506876604	0.698986249046687
58.9346533179068	0.699943142805319
58.9563476822432	0.700900036563952
58.9780337776269	0.701856930322584
58.9997116010162	0.702813824081217
59.0213811493707	0.702809451421047
59.0430424196511	0.702792115006073
59.0646954088194	0.702774778591099
59.0863401138385	0.702757442176126
59.1079765316727	0.702740105761152
59.1296046592873	0.702722769346178
59.1512244936490	0.702705432931204
59.1728360317253	0.702688096516230
59.1944392704852	0.702670760101256
59.2160342068986	0.702475887224131
59.2376208379368	0.702219455649370
59.2591991605722	0.701963024074608
59.2807691717782	0.701706592499846
59.3023308685295	0.701450160925085
59.3238842478020	0.701193729350323
59.3454293065727	0.700937297775562
59.3669660418198	0.700680866200800
59.3884944505227	0.700424434626039
59.4100145296618	0.700303126087510
59.4315262762189	0.700337028693654
59.4530296871768	0.700370931299797
59.4745247595195	0.700404833905941
59.4960114902323	0.700438736512085
59.5174898763015	0.700472639118229
59.5389599147147	0.700506541724373
59.5604216024605	0.700540444330516
59.5818749365288	0.700574346936660
59.6033199139107	0.700591994676761
59.6247565315985	0.700520915974415
59.6461847865854	0.700449837272069
59.6676046758662	0.700378758569724
59.6890161964364	0.700307679867378
59.7104193452931	0.700236601165033
59.7318141194343	0.700165522462687
59.7532005158593	0.700094443760341
59.7745785315685	0.700023365057996
59.7959481635636	0.699952286355650
59.8173094088474	0.699481235747025
59.8386622644237	0.698916576827191
59.8600067272978	0.698351917907358
59.8813427944759	0.697787258987524
59.9026704629656	0.697222600067690
59.9239897297756	0.696657941147857
59.9453005919157	0.696093282228023
59.9666030463969	0.695528623308189
59.9878970902315	0.694963964388355
60.0091827204328	0.694231861727194
60.0304599340154	0.693279109916776
60.0517287279951	0.692326358106358
60.0729890993888	0.691373606295941
60.0942410452146	0.690420854485523
60.1154845624918	0.689468102675105
60.1367196482410	0.688515350864688
60.1579462994837	0.687562599054270
60.1791645132428	0.686609847243852
60.2003742865423	0.685656006280263
60.2215756164075	0.684641546255688
60.2427684998647	0.683627086231113
60.2639529339416	0.682612626206538
60.2851289156668	0.681598166181963
60.3062964420704	0.680583706157388
60.3274555101834	0.679569246132813
60.3486061170383	0.678554786108238
60.3697482596685	0.677540326083663
60.3908819351086	0.676525866059089
60.4120071403947	0.675590508642875
60.4331238725638	0.674715208772657
60.4542321286541	0.673839908902440
60.4753319057050	0.672964609032222
60.4964232007573	0.672089309162005
60.5175060108528	0.671214009291787
60.5385803330344	0.670338709421570
60.5596461643464	0.669463409551353
60.5807035018342	0.668588109681135
60.6017523425444	0.667671472449749
60.6227926835247	0.666299725441859
60.6438245218241	0.664927978433968
60.6648478544929	0.663556231426078
60.6858626785824	0.662184484418188
60.7068689911450	0.660812737410297
60.7278667892346	0.659440990402407
60.7488560699062	0.658069243394517
60.7698368302158	0.656697496386627
60.7908090672208	0.655325749378736
60.8117727779797	0.653276888714537
60.8327279595522	0.650699516203318
60.8536746089993	0.648122143692099
60.8746127233830	0.645544771180880
60.8955422997668	0.642967398669661
60.9164633352150	0.640390026158443
60.9373758267935	0.637812653647224
60.9582797715691	0.635235281136005
60.9791751666099	0.632657908624786
61.0000620089852	0.630080147105461
61.0209402957656	0.627371766910811
61.0418100240227	0.624663386716162
61.0626711908294	0.621955006521513
61.0835237932599	0.619246626326864
61.1043678283895	0.616538246132215
61.1252032932946	0.613829865937566
61.1460301850530	0.611121485742917
61.1668485007436	0.608413105548268
61.1876582374465	0.605704725353618
61.2084593922430	0.603006952112279
61.2292519622157	0.600324650616267
61.2500359444483	0.597642349120255
61.2708113360257	0.594960047624242
61.2915781340340	0.592277746128230
61.3123363355606	0.589595444632218
61.3330859376941	0.586913143136206
61.3538269375241	0.584230841640194
61.3745593321417	0.581548540144182
61.3952831186390	0.578866238648169
61.4159982941095	0.576396305673952
61.4367048556476	0.573988973830115
61.4574028003491	0.571581641986279
61.4780921253111	0.569174310142443
61.4987728276319	0.566766978298606
61.5194449044106	0.564359646454769
61.5401083527482	0.561952314610933
61.5607631697462	0.559544982767096
61.5814093525079	0.557137650923260
61.6020468981375	0.554750873215648
61.6226758037404	0.552550736352126
61.6432960664233	0.550350599488604
61.6639076832941	0.548150462625081
61.6845106514619	0.545950325761559
61.7051049680371	0.543750188898037
61.7256906301311	0.541550052034515
61.7462676348568	0.539349915170992
61.7668359793280	0.537149778307470
61.7873956606600	0.534949641443948
61.8079466759691	0.532800229707172
61.8284890223730	0.530731256955331
61.8490226969905	0.528662284203489
61.8695476969416	0.526593311451648
61.8900640193476	0.524524338699807
61.9105716613309	0.522455365947965
61.9310706200153	0.520386393196124
61.9515608925256	0.518317420444283
61.9720424759880	0.516248447692442
61.9925153675297	0.514179474940600
62.0129795642795	0.512839551031135
62.0334350633670	0.511919942823716
62.0538818619233	0.511000334616296
62.0743199570806	0.510080726408876
62.0947493459723	0.509161118201457
62.1151700257332	0.508241509994037
62.1355819934990	0.507321901786618
62.1559852464069	0.506402293579198
62.1763797815952	0.505482685371778
62.1967655962035	0.504563077164359
62.2171426873726	0.504110653226385
62.2375110522445	0.503746356954001
62.2578706879623	0.503382060681618
62.2782215916705	0.503017764409234
62.2985637605149	0.502653468136851
62.3188971916423	0.502289171864467
62.3392218822008	0.501924875592084
62.3595378293397	0.501560579319700
62.3798450302098	0.501196283047316
62.4001434819627	0.500833307703296
62.4204331817514	0.500655847451587
62.4407141267304	0.500478387199878
62.4609863140549	0.500300926948169
62.4812497408818	0.500123466696460
62.5015044043690	0.499946006444751
62.5217503016757	0.499768546193042
62.5419874299622	0.499591085941333
62.5622157863902	0.499413625689624
62.5824353681226	0.499236165437914
62.6026461723234	0.499195075469378
62.6228481961580	0.500058984523471
62.6430414367929	0.500922893577564
62.6632258913960	0.501786802631657
62.6834015571361	0.502650711685750
62.7035684311837	0.503514620739843
62.7237265107101	0.504378529793936
62.7438757928881	0.505242438848029
62.7640162748916	0.506106347902122
62.7841479538959	0.506970256956215
62.8042708270773	0.507881274002135
62.8243848916135	0.508967103954736
62.8444901446834	0.510052933907337
62.8645865834671	0.511138763859938
62.8846742051460	0.512224593812539
62.9047530069027	0.513310423765140
62.9248229859210	0.514396253717741
62.9448841393860	0.515482083670342
62.9649364644840	0.516567913622943
62.9849799584026	0.517653743575544
63.0050146183305	0.518662199385631
63.0250404414578	0.519438950622557
63.0450574249758	0.520215701859482
63.0650655660769	0.520992453096408
63.0850648619549	0.521769204333334
63.1050553098048	0.522545955570259
63.1250369068228	0.523322706807185
63.1450096502064	0.524099458044111
63.1649735371543	0.524876209281036
63.1849285648665	0.525652960517962
63.2048747305441	0.526479106447916
63.2248120313896	0.527457934811565
63.2447404646068	0.528436763175215
63.2646600274004	0.529415591538864
63.2845707169766	0.530394419902514
63.3044725305430	0.531373248266164
63.3243654653082	0.532352076629813
63.3442495184819	0.533330904993462
63.3641246872756	0.534309733357112
63.3839909689014	0.535288561720761
63.4038483605731	0.536413980063800
63.4236968595055	0.538149071032857
63.4435364629148	0.539884162001913
63.4633671680184	0.541619252970970
63.4831889720349	0.543354343940027
63.5030018721841	0.545089434909084
63.5228058656873	0.546824525878140
63.5426009497669	0.548559616847197
63.5623871216463	0.550294707816254
63.5821643785505	0.552029798785310
63.6019327177057	0.553774907912351
63.6216921363392	0.555612446400509
63.6414426316797	0.557449984888667
63.6611842009570	0.559287523376825
63.6809168414023	0.561125061864984
63.7006405502479	0.562962600353142
63.7203553247276	0.564800138841300
63.7400611620762	0.566637677329459
63.7597580595298	0.568475215817617
63.7794460143258	0.570312754305775
63.7991250237030	0.572150292793933
63.8187950849012	0.573789274726131
63.8384561951615	0.575419015143104
63.8581083517265	0.577048755560078
63.8777515518397	0.578678495977051
63.8973857927462	0.580308236394024
63.9170110716920	0.581937976810998
63.9366273859248	0.583567717227971
63.9562347326930	0.585197457644945
63.9758331092468	0.586827198061918
63.9954225128373	0.588456938478892
64.0150029407170	0.590083069730827
64.0345743901397	0.591708100054100
64.0541368583603	0.593333130377373
64.0736903426351	0.594958160700645
64.0932348402216	0.596583191023918
64.1127703483786	0.598208221347191
64.1322968643662	0.599833251670464
64.1518143854456	0.601458281993736
64.1713229088793	0.603083312317009
64.1908224319313	0.604708342640282
64.2103129518666	0.606278689289144
64.2297944659515	0.607800383699743
64.2492669714537	0.609322078110342
64.2687304656420	0.610843772520941
64.2881849457865	0.612365466931540
64.3076304091588	0.613887161342139
64.3270668530313	0.615408855752738
64.3464942746782	0.616930550163337
64.3659126713744	0.618452244573936
64.3853220403966	0.619973938984535
64.4047223790225	0.621499743947958
64.4241136845310	0.623038322276570
64.4434959542025	0.624576900605183
64.4628691853183	0.626115478933795
64.4822333751614	0.627654057262408
64.5015885210158	0.629192635591020
64.5209346201669	0.630731213919633
64.5402716699012	0.632269792248245
64.5595996675066	0.633808370576857
64.5789186102722	0.635346948905470
64.5982284954886	0.636885527234082
64.6175293204472	0.637039075240504
64.6368210824412	0.637052685314594
64.6561037787647	0.637066295388684
64.6753774067132	0.637079905462775
64.6946419635835	0.637093515536865
64.7138974466737	0.637107125610956
64.7331438532830	0.637120735685046
64.7523811807120	0.637134345759136
64.7716094262626	0.637147955833227
64.7908285872379	0.637161565907317
64.8100386609423	0.637446678376675
64.8292396446816	0.637979779667347
64.8484315357626	0.638512880958019
64.8676143314936	0.639045982248692
64.8867880291841	0.639579083539364
64.9059526261448	0.640112184830036
64.9251081196880	0.640645286120708
64.9442545071268	0.641178387411380
64.9633917857759	0.641711488702052
64.9825199529512	0.642244589992725
65.0016390059698	0.642687707572746
65.0207489421502	0.642171371435405
65.0398497588122	0.641655035298063
65.0589414532767	0.641138699160721
65.0780240228660	0.640622363023379
65.0970974649037	0.640106026886037
65.1161617767147	0.639589690748695
65.1352169556249	0.639073354611354
65.1542629989620	0.638557018474012
65.1732999040544	0.638040682336670
65.1923276682323	0.637524346199328
65.2113462888269	0.637282274347939
65.2303557631706	0.637225614791376
65.2493560885974	0.637168955234813
65.2683472624423	0.637112295678251
65.2873292820417	0.637055636121688
65.3063021447332	0.636998976565125
65.3252658478559	0.636942317008562
65.3442203887499	0.636885657451999
65.3631657647568	0.636828997895437
65.3821019732194	0.636772338338874
65.4010290114818	0.636753773377443
65.4199468768892	0.637397650834158
65.4388555667886	0.638041528290874
65.4577550785276	0.638685405747589
65.4766454094557	0.639329283204305
65.4955265569234	0.639973160661020
65.5143985182823	0.640617038117735
65.5332612908858	0.641260915574451
65.5521148720880	0.641904793031166
65.5709592592448	0.642548670487882
65.5897944497131	0.643192547944597
65.6086204408512	0.643544877593771
65.6274372300186	0.643552133713079
65.6462448145761	0.643559389832387
65.6650431918859	0.643566645951695
65.6838323593114	0.643573902071003
65.7026123142173	0.643581158190310
65.7213830539697	0.643588414309618
65.7401445759358	0.643595670428926
65.7588968774842	0.643602926548234
65.7776399559848	0.643610182667541
65.7963738088088	0.643617438786849
65.8150984333287	0.643108836742088
65.8338138269182	0.642476371437115
65.8525199869524	0.641843906132143
65.8712169108077	0.641211440827170
65.8899045958616	0.640578975522198
65.9085830394933	0.639946510217226
65.9272522390828	0.639314044912253
65.9459121920118	0.638681579607281
65.9645628956630	0.638049114302308
65.9832043474207	0.637416648997336
66.0018365446702	0.636807759073856
66.0204594847983	0.636414418342012
66.0390731651930	0.636021077610169
66.0576775832436	0.635627736878326
66.0762727363409	0.635234396146483
66.0948586218766	0.634841055414639
66.1134352372440	0.634447714682796
66.1320025798377	0.634054373950953
66.1505606470535	0.633661033219110
66.1691094362885	0.633267692487266
66.1876489449411	0.632874351755423
66.2061791704111	0.632446342878203
66.2247001100995	0.631949055771775
66.2432117614086	0.631451768665347
66.2617141217421	0.630954481558919
66.2802071885049	0.630457194452491
66.2986909591033	0.629959907346063
66.3171654309448	0.629462620239635
66.3356306014383	0.628965333133207
66.3540864679939	0.628468046026779
66.3725330280231	0.627970758920351
66.3909702789386	0.627473471813923
66.4093982181546	0.627350614685798
66.4278168430864	0.627587415854134
66.4462261511507	0.627824217022471
66.4646261397655	0.628061018190808
66.4830168063501	0.628297819359145
66.5013981483250	0.628534620527481
66.5197701631123	0.628771421695818
66.5381328481351	0.629008222864155
66.5564862008180	0.629245024032492
66.5748302185868	0.629481825200829
66.5931648988687	0.629718626369165
66.6114902390921	0.629845271688370
66.6298062366867	0.629906406088843
66.6481128890838	0.629967540489316
66.6664101937156	0.630028674889788
66.6846981480159	0.630089809290261
66.7029767494196	0.630150943690734
66.7212459953632	0.630212078091207
66.7395058832842	0.630273212491679
66.7577564106216	0.630334346892152
66.7759975748156	0.630395481292625
66.7942293733079	0.630456615693098
66.8124518035413	0.630405529446620
66.8306648629600	0.630302449280500
66.8488685490096	0.630199369114381
66.8670628591368	0.630096288948262
66.8852477907899	0.629993208782142
66.9034233414183	0.629890128616023
66.9215895084727	0.629787048449904
66.9397462894052	0.629683968283785
66.9578936816694	0.629580888117665
66.9760316827198	0.629477807951546
66.9941602900126	0.629374727785427
67.0122795010051	0.628895465209813
67.0303893131560	0.628237349185327
67.0484897239252	0.627579233160841
67.0665807307742	0.626921117136355
67.0846623311655	0.626263001111869
67.1027345225631	0.625604885087383
67.1207973024323	0.624946769062897
67.1388506682397	0.624288653038410
67.1568946174531	0.623630537013924
67.1749291475418	0.622972420989438
67.1929542559765	0.622314304964952
67.2109699402289	0.622223299126418
67.2289761977722	0.622496440369990
67.2469730260811	0.622769581613561
67.2649604226312	0.623042722857132
67.2829383848999	0.623315864100703
67.3009069103655	0.623589005344275
67.3188659965080	0.623862146587846
67.3368156408083	0.624135287831417
67.3547558407491	0.624408429074988
67.3726865938141	0.624681570318560
67.3906078974884	0.624954711562131
67.4085197492585	0.624916358184758
67.4264221466120	0.624534705597064
67.4443150870382	0.624153053009370
67.4621985680273	0.623771400421676
67.4800725870712	0.623389747833983
67.4979371416630	0.623008095246289
67.5157922292970	0.622626442658595
67.5336378474689	0.622244790070901
67.5514739936758	0.621863137483207
67.5693006654161	0.621481484895514
67.5871178601896	0.621099832307820
67.6049255754971	0.620852279564927
67.6227238088412	0.620955353309107
67.6405125577255	0.621058427053287
67.6582918196550	0.621161500797467
67.6760615921361	0.621264574541646
67.6938218726765	0.621367648285826
67.7115726587852	0.621470722030006
67.7293139479726	0.621573795774186
67.7470457377503	0.621676869518366
67.7647680256315	0.621779943262545
67.7824808091303	0.621883017006725
67.8001840857625	0.621986058761409
67.8178778530452	0.622086056862939
67.8355621084967	0.622186054964468
67.8532368496366	0.622286053065998
67.8709020739860	0.622386051167528
67.8885577790672	0.622486049269057
67.9062039624040	0.622586047370587
67.9238406215213	0.622686045472117
67.9414677539456	0.622786043573646
67.9590853572044	0.622886041675176
67.9766934288269	0.622986039776706
67.9942919663434	0.623086037878236
68.0118809672857	0.623435294309592
68.0294604291867	0.623904271002119
68.0470303495808	0.624373247694646
68.0645907260039	0.624842224387173
68.0821415559929	0.625311201079700
68.0996828370862	0.625780177772227
68.1172145668236	0.626249154464754
68.1347367427462	0.626718131157281
68.1522493623963	0.627187107849808
68.1697524233177	0.627656084542335
68.1872459230556	0.628125061234861
68.2047298591564	0.628473068035684
68.2222042291678	0.628494967505258
68.2396690306390	0.628516866974832
68.2571242611204	0.628538766444406
68.2745699181639	0.628560665913981
68.2920059993225	0.628582565383555
68.3094325021509	0.628604464853130
68.3268494242048	0.628626364322704
68.3442567630414	0.628648263792278
68.3616545162192	0.628670163261853
68.3790426812982	0.628692062731427
68.3964212558394	0.628713962201002
68.4137902374055	0.628608496824438
68.4311496235604	0.628469987725538
68.4484994118694	0.628331478626637
68.4658395998990	0.628192969527737
68.4831701852171	0.628054460428836
68.5004911653931	0.627915951329936
68.5178025379976	0.627777442231035
68.5351043006026	0.627638933132135
68.5523964507814	0.627500424033234
68.5696789861087	0.627361914934334
68.5869519041605	0.627223405835433
68.6042152025142	0.627062375566799
68.6214688787486	0.626831650522209
68.6387129304437	0.626600925477618
68.6559473551809	0.626370200433028
68.6731721505430	0.626139475388437
68.6903873141141	0.625908750343847
68.7075928434798	0.625678025299256
68.7247887362268	0.625447300254666
68.7419749899433	0.625216575210075
68.7591516022189	0.624985850165485
68.7763185706444	0.624755125120894
68.7934758928122	0.624524400076304
68.8106235663157	0.624395695989650
68.8277615887499	0.624329627147050
68.8448899577111	0.624263558304450
68.8620086707970	0.624197489461851
68.8791177256066	0.624131420619251
68.8962171197402	0.624065351776651
68.9133068507996	0.623999282934051
68.9303869163878	0.623933214091452
68.9474573141092	0.623867145248852
68.9645180415697	0.623801076406252
68.9815690963764	0.623735007563652
68.9986104761376	0.623668938721053
69.0156421784635	0.623735819048619
69.0326642009650	0.623814506211356
69.0496765412549	0.623893193374093
69.0666791969470	0.623971880536830
69.0836721656565	0.624050567699567
69.1006554450003	0.624129254862304
69.1176290325961	0.624207942025041
69.1345929260635	0.624286629187778
69.1515471230232	0.624365316350515
69.1684916210971	0.624444003513251
69.1854264179088	0.624522690675988
69.2023515110830	0.624608786479604
69.2192668982460	0.624740784723297
69.2361725770251	0.624872782966989
69.2530685450494	0.625004781210682
69.2699547999491	0.625136779454375
69.2868313393558	0.625268777698068
69.3036981609024	0.625400775941760
69.3205552622233	0.625532774185453
69.3374026409542	0.625664772429146
69.3542402947322	0.625796770672839
69.3710682211956	0.625928768916532
69.3878864179843	0.626060767160224
69.4046948827394	0.626109369073458
69.4214936131035	0.625942856308195
69.4382826067204	0.625776343542931
69.4550618612353	0.625609830777668
69.4718313742950	0.625443318012405
69.4885911435473	0.625276805247141
69.5053411666417	0.625110292481878
69.5220814412288	0.624943779716615
69.5388119649608	0.624777266951352
69.5555327354910	0.624610754186088
69.5722437504743	0.624444241420825
69.5889450075670	0.624277728655562
69.6056365044264	0.624067666249177
69.6223182387116	0.623772213744415
69.6389902080829	0.623476761239653
69.6556524102020	0.623181308734891
69.6723048427318	0.622885856230129
69.6889475033368	0.622590403725367
69.7055803896827	0.622294951220605
69.7222034994367	0.621999498715843
69.7388168302673	0.621704046211081
69.7554203798444	0.621408593706319
69.7720141458393	0.621113141201557
69.7885981259246	0.620817688696795
69.8051723177742	0.620523706337966
69.8217367190636	0.620232963821351
69.8382913274696	0.619942221304735
69.8548361406702	0.619651478788120
69.8713711563450	0.619360736271504
69.8878963721747	0.619069993754889
69.9044117858418	0.618779251238273
69.9209173950298	0.618488508721658
69.9374131974236	0.618197766205042
69.9538991907097	0.617907023688427
69.9703753725758	0.617616281171811
69.9868417407110	0.617325538655196
70.0032982928059	0.616999868648186
70.0197450265523	0.616534899930034
70.0361819396435	0.616069931211881
70.0526090297740	0.615604962493729
70.0690262946400	0.615139993775576
70.0854337319388	0.614675025057424
70.1018313393691	0.614210056339271
70.1182191146312	0.613745087621119
70.1345970554264	0.613280118902966
70.1509651594579	0.612815150184813
70.1673234244297	0.612350181466661
70.1836718480476	0.611885212748508
70.2000104280187	0.611420315178186
70.2163391620513	0.611066790382689
70.2326580478553	0.610713265587192
70.2489670831418	0.610359740791694
70.2652662656234	0.610006215996197
70.2815555930141	0.609652691200700
70.2978350630292	0.609299166405203
70.3141046733854	0.608945641609705
70.3303644218008	0.608592116814208
70.3466143059949	0.608238592018711
70.3628543236885	0.607885067223214
70.3790844726039	0.607531542427717
70.3953047504648	0.607178017632219
70.4115151549961	0.606937165048360
70.4277156839243	0.606742240095669
70.4439063349771	0.606547315142978
70.4600871058837	0.606352390190287
70.4762579943746	0.606157465237596
70.4924189981819	0.605962540284904
70.5085701150388	0.605767615332213
70.5247113426801	0.605572690379522
70.5408426788418	0.605377765426831
70.5569641212615	0.605182840474140
70.5730756676780	0.604987915521449
70.5891773158316	0.604792990568758
70.6052690634640	0.604576588923474
70.6213509083182	0.604316087486176
70.6374228481385	0.604055586048878
70.6534848806710	0.603795084611581
70.6695370036626	0.603534583174283
70.6855792148622	0.603274081736985
70.7016115120196	0.603013580299687
70.7176338928863	0.602753078862390
70.7336463552149	0.602492577425092
70.7496488967598	0.602232075987794
70.7656415152763	0.601971574550496
70.7816242085215	0.601711073113199
70.7975969742538	0.601450571675901
70.8135598102328	0.600853192474160
70.8295127142196	0.600196131086010
70.8454556839769	0.599539069697861
70.8613887172684	0.598882008309711
70.8773118118595	0.598224946921561
70.8932249655170	0.597567885533411
70.9091281760088	0.596910824145262
70.9250214411045	0.596253762757112
70.9409047585750	0.595596701368962
70.9567781261925	0.594939639980813
70.9726415417308	0.594282578592663
70.9884950029648	0.593625517204513
71.0043385076710	0.592942464589238
71.0201720536274	0.592190509032748
71.0359956386131	0.591438553476258
71.0518092604088	0.590686597919769
71.0676129167967	0.589934642363279
71.0834066055600	0.589182686806789
71.0991903244837	0.588430731250299
71.1149640713540	0.587678775693809
71.1307278439586	0.586926820137319
71.1464816400865	0.586174864580829
71.1622254575281	0.585422909024340
71.1779592940753	0.584670953467850
71.1936831475214	0.583918997911360
71.2093970156609	0.583466798436484
71.2251008962899	0.583216036729206
71.2407947872059	0.582965275021928
71.2564786862078	0.582714513314650
71.2721525910956	0.582463751607372
71.2878164996712	0.582212989900094
71.3034704097376	0.581962228192816
71.3191143190991	0.581711466485538
71.3347482255617	0.581460704778260
71.3503721269326	0.581209943070982
71.3659860210206	0.580959181363704
71.3815899056355	0.580708419656426
71.3971837785890	0.580457657949148
71.4127676376939	0.579930742797085
71.4283414807644	0.579342934465831
71.4439053056163	0.578755126134576
71.4594591100666	0.578167317803322
71.4750028919339	0.577579509472068
71.4905366490380	0.576991701140814
71.5060603792002	0.576403892809559
71.5215740802433	0.575816084478305
71.5370777499913	0.575228276147051
71.5525713862698	0.574640467815797
71.5680549869058	0.574052659484542
71.5835285497275	0.573464851153288
71.5989920725647	0.572877042822034
71.6144455532486	0.572596524405622
71.6298889896117	0.572337440202371
71.6453223794880	0.572078355999119
71.6607457207129	0.571819271795868
71.6761590111232	0.571560187592616
71.6915622485571	0.571301103389365
71.7069554308541	0.571042019186113
71.7223385558554	0.570782934982862
71.7377116214033	0.570523850779610
71.7530746253416	0.570264766576359
71.7684275655158	0.570005682373107
71.7837704397723	0.569746598169856
71.7991032459593	0.569487513966604
71.8144259819263	0.569225474929851
71.8297386455241	0.568963252271162
71.8450412346051	0.568701029612473
71.8603337470231	0.568438806953784
71.8756161806331	0.568176584295095
71.8908885332916	0.567914361636406
71.9061508028568	0.567652138977718
71.9214029871880	0.567389916319029
71.9366450841459	0.567127693660340
71.9518770915927	0.566865471001651
71.9670990073922	0.566603248342962
71.9823108294093	0.566341025684273
71.9975125555105	0.566078803025585
72.0127041835637	0.565731459676124
72.0278857114381	0.565367455372155
72.0430571370045	0.565003451068186
72.0582184581350	0.564639446764216
72.0733696727031	0.564275442460247
72.0885107785838	0.563911438156278
72.1036417736535	0.563547433852309
72.1187626557900	0.563183429548339
72.1338734228724	0.562819425244370
72.1489740727814	0.562455420940401
72.1640646033991	0.562091416636431
72.1791450126089	0.561727412332462
72.1942152982957	0.561363408028493
72.2092754583459	0.560939459220303
72.2243254906471	0.560478138115758
72.2393653930885	0.560016817011213
72.2543951635607	0.559555495906668
72.2694147999557	0.559094174802123
72.2844243001668	0.558632853697577
72.2994236620890	0.558171532593032
72.3144128836184	0.557710211488487
72.3293919626528	0.557248890383942
72.3443608970913	0.556787569279397
72.3593196848343	0.556326248174852
72.3742683237838	0.555864927070307
72.3892068118433	0.555403605965761
72.4041351469174	0.554892999734476
72.4190533269125	0.554253797262943
72.4339613497361	0.553614594791410
72.4488592132973	0.552975392319876
72.4637469155066	0.552336189848343
72.4786244542760	0.551696987376810
72.4934918275187	0.551057784905276
72.5083490331496	0.550418582433743
72.5231960690848	0.549779379962210
72.5380329332420	0.549140177490676
72.5528596235402	0.548500975019143
72.5676761378999	0.547861772547610
72.5824824742429	0.547222570076076
72.5972786304927	0.546583367604543
72.6120646045740	0.546100982617631
72.6268403944129	0.545653958319218
72.6416059979371	0.545206934020806
72.6563614130755	0.544759909722394
72.6711066377588	0.544312885423981
72.6858416699188	0.543865861125569
72.7005665074888	0.543418836827156
72.7152811484035	0.542971812528744
72.7299855905992	0.542524788230332
72.7446798320136	0.542077763931919
72.7593638705855	0.541630739633507
72.7740377042556	0.541183715335094
72.7887013309657	0.540736691036682
72.8033547486592	0.540320946481407
72.8179979552809	0.540010514668922
72.8326309487769	0.539700082856437
72.8472537270950	0.539389651043952
72.8618662881841	0.539079219231467
72.8764686299948	0.538768787418982
72.8910607504791	0.538458355606496
72.9056426475903	0.538147923794011
72.9202143192832	0.537837491981526
72.9347757635140	0.537527060169041
72.9493269782405	0.537216628356556
72.9638679614218	0.536906196544071
72.9783987110183	0.536595764731586
72.9929192249921	0.536285332919101
73.0074295013067	0.535832822269196
73.0219295379267	0.535244949247007
73.0364193328186	0.534657076224819
73.0508988839501	0.534069203202630
73.0653681892903	0.533481330180442
73.0798272468099	0.532893457158254
73.0942760544808	0.532305584136065
73.1087146102765	0.531717711113877
73.1231429121721	0.531129838091688
73.1375609581437	0.530541965069500
73.1519687461692	0.529954092047312
73.1663662742278	0.529366219025123
73.1807535403003	0.528778346002935
73.1951305423686	0.528190472980746
73.2094972784164	0.527755068496835
73.2238537464286	0.527397810261169
73.2381999443917	0.527040552025504
73.2525358702935	0.526683293789838
73.2668615221233	0.526326035554173
73.2811768978719	0.525968777318508
73.2954819955315	0.525611519082842
73.3097768130957	0.525254260847177
73.3240613485595	0.524897002611511
73.3383355999196	0.524539744375846
73.3525995651738	0.524182486140181
73.3668532423215	0.523825227904515
73.3810966293637	0.523467969668850
73.3953297243025	0.523110711433185
73.4095525251417	0.522638610661267
73.4237650298865	0.522110382947357
73.4379672365435	0.521582155233447
73.4521591431207	0.521053927519538
73.4663407476277	0.520525699805628
73.4805120480755	0.519997472091718
73.4946730424763	0.519469244377808
73.5088237288442	0.518941016663898
73.5229641051942	0.518412788949988
73.5370941695433	0.517884561236078
73.5512139199095	0.517356333522169
73.5653233543125	0.516828105808259
73.5794224707733	0.516299878094349
73.5935112673146	0.515771650380439
73.6075897419602	0.515121020708519
73.6216578927356	0.514365783362380
73.6357157176675	0.513610546016241
73.6497632147845	0.512855308670102
73.6638003821162	0.512100071323963
73.6778272176937	0.511344833977824
73.6918437195499	0.510589596631686
73.7058498857187	0.509834359285547
73.7198457142358	0.509079121939408
73.7338312031381	0.508323884593269
73.7478063504642	0.507568647247130
73.7617711542538	0.506813409900991
73.7757256125484	0.506058172554853
73.7896697233908	0.505302935208714
73.8036034848253	0.504558783675853
73.8175268948975	0.503846400703191
73.8314399516547	0.503134017730528
73.8453426531454	0.502421634757866
73.8592349974197	0.501709251785203
73.8731169825291	0.500996868812540
73.8869886065267	0.500284485839878
73.9008498674668	0.499572102867215
73.9147007634053	0.498859719894552
73.9285412923995	0.498147336921890
73.9423714525084	0.497434953949227
73.9561912417920	0.496722570976565
73.9700006583121	0.496010188003902
73.9837997001318	0.495297805031240
73.9975883653158	0.494585422058577
74.0113666519301	0.493992609679974
74.0251345580422	0.493425156872988
74.0388920817211	0.492857704066002
74.0526392210373	0.492290251259016
74.0663759740626	0.491722798452030
74.0801023388703	0.491155345645044
74.0938183135354	0.490587892838058
74.1075238961340	0.490020440031072
74.1212190847438	0.489452987224086
74.1349038774440	0.488885534417100
74.1485782723153	0.488318081610114
74.1622422674398	0.487750628803128
74.1758958609009	0.487183175996141
74.1895390507837	0.486615723189155
74.2031718351747	0.486071503997019
74.2167942121618	0.485603882118041
74.2304061798345	0.485136260239063
74.2440077362834	0.484668638360086
74.2575988796009	0.484201016481108
74.2711796078809	0.483733394602130
74.2847499192185	0.483265772723153
74.2983098117104	0.482798150844175
74.3118592834548	0.482330528965197
74.3253983325513	0.481862907086219
74.3389269571009	0.481395285207242
74.3524451552063	0.480927663328264
74.3659529249713	0.480460041449286
74.3794502645015	0.479992419570309
74.3929371719037	0.479524797691331
74.4064136452864	0.478980507401307
74.4198796827594	0.478351820841900
74.4333352824341	0.477723134282494
74.4467804424231	0.477094447723087
74.4602151608409	0.476465761163681
74.4736394358029	0.475837074604274
74.4870532654265	0.475208388044868
74.5004566478302	0.474579701485461
74.5138495811342	0.473951014926055
74.5272320634601	0.473322328366648
74.5406040929308	0.472693641807242
74.5539656676709	0.472064955247835
74.5673167858063	0.471436268688429
74.5806574454644	0.470807582129022
74.5939876447742	0.470178895569616
74.6073073818661	0.469557201115140
74.6206166548718	0.468941257376572
74.6339154619247	0.468325313638003
74.6472038011595	0.467709369899434
74.6604816707124	0.467093426160865
74.6737490687212	0.466477482422296
74.6870059933251	0.465861538683728
74.7002524426647	0.465245594945159
74.7134884148821	0.464629651206590
74.7267139081208	0.464013707468021
74.7399289205260	0.463397763729452
74.7531334502442	0.462781819990884
74.7663274954233	0.462165876252315
74.7795110542128	0.461549932513746
74.7926841247636	0.460933988775177
74.8058467052282	0.460297018149474
74.8189987937605	0.459633747343385
74.8321403885157	0.458970476537297
74.8452714876507	0.458307205731208
74.8583920893237	0.457643934925120
74.8715021916947	0.456980664119031
74.8846017929246	0.456317393312943
74.8976908911764	0.455654122506854
74.9107694846142	0.454990851700766
74.9238375714036	0.454327580894678
74.9368951497117	0.453664310088589
74.9499422177072	0.453001039282501
74.9629787735602	0.452337768476412
74.9760048154421	0.451674497670324
74.9890203415260	0.451011226864236
75.0020253499865	0.450336529629972
75.0150198389994	0.449599912975527
75.0280038067423	0.448863296321082
75.0409772513940	0.448126679666637
75.0539401711350	0.447390063012192
75.0668925641472	0.446653446357747
75.0798344286139	0.445916829703302
75.0927657627199	0.445180213048857
75.1056865646515	0.444443596394412
75.1185968325966	0.443706979739967
75.1314965647443	0.442970363085523
75.1443857592855	0.442233746431078
75.1572644144124	0.441497129776633
75.1701325283186	0.440760513122188
75.1829900991994	0.440023896467743
75.1958371252513	0.439287279813298
75.2086736046726	0.438526321340657
75.2214995356627	0.437753684831822
75.2343149164230	0.436981048322986
75.2471197451558	0.436208411814150
75.2599140200652	0.435435775305314
75.2726977393568	0.434663138796478
75.2854709012377	0.433890502287642
75.2982335039162	0.433117865778807
75.3109855456024	0.432345229269971
75.3237270245077	0.431572592761135
75.3364579388450	0.430799956252299
75.3491782868288	0.430027319743463
75.3618880666750	0.429254683234628
75.3745872766010	0.428482046725792
75.3872759148256	0.427709410216956
75.3999539795691	0.426936773708120
75.4126214690535	NaN
75.4252783815019	NaN
75.4379247151394	NaN
75.4505604681919	NaN
75.4631856388875	NaN
75.4758002254553	NaN
75.4884042261260	NaN
