NaN	NaN
NaN	NaN
NaN	NaN
NaN	NaN
NaN	NaN
NaN	NaN
NaN	NaN
NaN	NaN
NaN	NaN
NaN	NaN
NaN	NaN
NaN	NaN
NaN	NaN
NaN	NaN
NaN	NaN
NaN	NaN
NaN	NaN
NaN	NaN
NaN	NaN
NaN	NaN
NaN	NaN
NaN	NaN
NaN	NaN
NaN	NaN
NaN	NaN
NaN	NaN
NaN	NaN
NaN	NaN
NaN	NaN
NaN	NaN
NaN	NaN
NaN	NaN
NaN	NaN
NaN	NaN
NaN	NaN
NaN	NaN
NaN	NaN
NaN	NaN
NaN	NaN
NaN	NaN
NaN	NaN
NaN	NaN
NaN	NaN
NaN	NaN
NaN	NaN
NaN	NaN
NaN	NaN
NaN	NaN
NaN	NaN
NaN	NaN
NaN	NaN
NaN	NaN
NaN	NaN
NaN	NaN
NaN	NaN
NaN	NaN
NaN	NaN
NaN	NaN
NaN	NaN
NaN	NaN
NaN	NaN
NaN	NaN
NaN	NaN
NaN	NaN
NaN	NaN
NaN	NaN
NaN	NaN
NaN	NaN
NaN	NaN
NaN	NaN
NaN	NaN
NaN	NaN
NaN	NaN
NaN	NaN
NaN	NaN
NaN	NaN
NaN	NaN
NaN	NaN
NaN	NaN
NaN	NaN
NaN	NaN
NaN	NaN
NaN	NaN
NaN	NaN
NaN	NaN
NaN	NaN
NaN	NaN
NaN	NaN
NaN	NaN
NaN	NaN
NaN	NaN
NaN	NaN
NaN	NaN
NaN	NaN
NaN	NaN
NaN	NaN
NaN	NaN
NaN	NaN
NaN	NaN
NaN	NaN
70.4049607864285	NaN
70.4609617999136	NaN
70.5169529308603	NaN
70.5729341714157	NaN
70.6289055137280	0.766876341476971
70.6848669499470	0.769542312677908
70.7408184722237	0.772208283878846
70.7967600727106	0.774874255079784
70.8526917435617	0.776349657954154
70.9086134769322	0.777751860980234
70.9645252649788	0.779154064006315
71.0204270998595	0.779653427375371
71.0763189737338	0.778585011996350
71.1322008787625	0.777516596617330
71.1880728071079	0.776448181238310
71.2439347509337	0.777042018503209
71.2997867024049	0.778087075988399
71.3556286536880	0.779132133473588
71.4114605969508	0.780067997615986
71.4672825243626	0.780581141847542
71.5230944280940	0.781094286079098
71.5788963003172	0.781607430310655
71.6346881332055	0.783937771861024
71.6904699189340	0.787373568116365
71.7462416496789	0.790809364371706
71.8020033176179	0.794268659143944
71.8577549149300	0.798358475523107
71.9134964337960	0.802448291902270
71.9692278663976	0.806538108281433
72.0249492049183	0.808958565512231
72.0806604415428	0.809320234284102
72.1363615684573	0.809681903055973
72.1920525778495	0.810043571827844
72.2477334619083	0.809910300283674
72.3034042128243	0.809694630587267
72.3590648227892	0.809478960890860
72.4147152839964	0.809172521119433
72.4703555886405	0.808613598680982
72.5259857289178	0.808054676242531
72.5816056970258	0.807495753804081
72.6372154851635	0.807837292195147
72.6928150855313	0.808623856288748
72.7484044903311	0.809410420382349
72.8039836917660	0.810278388768625
72.8595526820410	0.812200585811783
72.9151114533620	0.814122782854941
72.9706599979367	0.816044979898099
73.0261983079741	0.817915624228828
73.0817263756846	0.819728538937833
73.1372441932801	0.821541453646838
73.1927517529739	0.823354368355843
73.2482490469808	0.826598506118014
73.3037360675170	0.830057630852464
73.3592128068001	0.833516755586914
73.4146792570492	0.836555817584403
73.4701354104849	0.838427817185132
73.5255812593290	0.840299816785862
73.5810167958051	0.842171816386591
73.6364420121379	0.842444918295707
73.6918569005538	0.841885206545759
73.7472614532805	0.841325494795811
73.8026556625473	0.840735239907826
73.8580395205848	0.839538485341801
73.9134130196251	0.838341730775776
73.9687761519017	0.837144976209751
74.0241289096498	0.836123391477969
74.0794712851057	0.835328463003612
74.1348032705074	0.834533534529256
74.1901248580942	0.833738606054899
74.2454360401070	0.835037015997361
74.3007368087882	0.836790353158903
74.3560271563814	0.838543690320445
74.4113070751320	0.840386582599207
74.4665765572865	0.842577719007670
74.5218355950931	0.844768855416132
74.5770841808015	0.846959991824594
74.6323223066628	0.848858078410566
74.6875499649294	0.850548418559306
74.7427671478554	0.852238758708047
74.7979738476962	0.853929098856788
74.8531700567090	0.855056801970992
74.9083557671519	0.856163066569642
74.9635309712851	0.857269331168291
75.0186956613698	0.857905966999935
75.0738498296688	0.857626599421873
75.1289934684466	0.857347231843811
75.1841265699689	0.857067864265749
75.2392491265029	0.857082901950794
75.2943611303176	0.857216993917209
75.3494625736830	0.857351085883624
75.4045534488709	0.857210473279331
75.4596337481545	0.854021280273056
75.5147034638085	0.850832087266781
75.5697625881090	0.847642894260506
75.6248111133338	0.845753681103951
75.6798490317619	0.845448608022008
75.7348763356740	0.845143534940065
75.7898930173522	0.844838461858122
75.8448990690801	0.845565841871535
75.8998944831428	0.846525609468915
75.9548792518269	0.847485377066295
76.0098533674205	0.848577603690100
76.0648168222131	0.850276331346774
76.1197696084958	0.851975059003449
76.1747117185613	0.853673786660123
76.2296431447035	0.855004186601769
76.2845638792180	0.856020399986385
76.3394739144020	0.857036613371000
76.3943732425538	0.858052826755615
76.4492618559737	0.856899674782124
76.5041397469632	0.855498759016854
76.5590069078254	0.854097843251583
76.6138633308648	0.852723880498595
76.6687090083875	0.851429608591582
76.7235439327011	0.850135336684569
76.7783680961148	0.848841064777556
76.8331814909390	0.845878723517761
76.8879841094861	0.841829029730712
76.9427759440695	0.837779335943663
76.9975569870044	0.833729642156615
77.0523272306075	0.833308871751257
77.1070866671969	0.833057509957613
77.1618352890924	0.832806148163968
77.2165730886151	0.832587837781523
77.2713000580878	0.832445631075324
77.3260161898347	0.832303424369125
77.3807214761815	0.832161217662927
77.4354159094556	0.833360628572411
77.4900994819857	0.835290272555066
77.5447721861022	0.837219916537720
77.5994340141369	0.839149560520375
77.6540849584233	0.837951547491525
77.7087250112961	0.836720807261330
77.7633541650919	0.835490067031136
77.8179724121486	0.834954938394348
77.8725797448057	0.835838024802445
77.9271761554042	0.836721111210542
77.9817616362866	0.837604197618639
78.0363361797971	0.836325417232918
78.0908997782813	0.833961630083101
78.1454524240862	0.831597842933284
78.1999941095608	0.829234055783467
78.2545248270550	0.826537902577768
78.3090445689208	0.823841713469069
78.3635533275113	0.821145524360370
78.4180510951815	0.818275081535577
78.4725378642878	0.815052841015241
78.5270136271880	0.811830600494905
78.5814783762417	0.808608359974569
78.6359321038099	0.807693330669018
78.6903748022551	0.807967461310544
78.7448064639414	0.808241591952070
78.7992270812346	0.808515722593595
78.8536366465017	0.807172539888158
78.9080351521117	0.805806053415830
78.9624225904347	0.804439566943502
79.0167989538426	0.803630668055234
79.0711642347089	0.804068904605995
79.1255184254086	0.804507141156755
79.1798615183181	0.804945377707515
79.2341935058155	0.805657691668767
79.2885143802805	0.806531408901323
79.3428241340943	0.807405126133879
79.3971227596396	0.808278843366435
79.4514102493007	0.806963663955363
79.5056865954636	0.805525992086624
79.5599517905157	0.804088320217885
79.6142058268459	0.802556667220987
79.6684486968449	0.800760095224648
79.7226803929048	0.798963523228310
79.7769009074193	0.797166951231972
79.8311102327836	0.795217790601506
79.8853083613947	0.793155345765566
79.9394952856508	0.791092900929626
79.9936709979521	0.789030456093686
80.0478354907001	0.787678685881253
80.1019887562979	0.786420933760567
80.1561307871501	0.785163181639882
80.2102615756632	0.783842292049807
80.2643811142449	0.782251511637555
80.3184893953047	0.780660731225303
80.3725864112536	0.779069950813051
80.4266721545041	0.777432174237978
80.4807466174706	0.775746100120073
80.5348097925687	0.774060026002169
80.5888616722157	0.772373951884264
80.6429022488307	0.773354815437968
80.6969315148340	0.775028000035775
80.7509494626479	0.776701184633582
80.8049560846959	0.778263770373174
80.8589513734034	0.778731869266297
80.9129353211973	0.779199968159421
80.9669079205059	0.779668067052544
81.0208691637593	0.779965318719056
81.0748190433892	0.779991687572230
81.1287575518288	0.780018056425404
81.1826846815130	0.780044425278579
81.2366004248781	0.778192008910644
81.2905047743621	0.775450849995631
81.3443977224047	0.772709691080618
81.3982792614471	0.769968532165605
81.4521493839322	0.768576711243042
81.5060080823042	0.767229409142384
81.5598553490094	0.765882107041726
81.6136911764952	0.764306858535266
81.6675155572109	0.762063305950837
81.7213284836074	0.759819753366408
81.7751299481370	0.757576200781979
81.8289199432539	0.756232593949441
81.8826984614137	0.755662824501872
81.9364654950736	0.755093055054303
81.9902210366925	0.754523285606734
82.0439650787310	0.754253683783911
82.0976976136511	0.754050839881391
82.1514186339165	0.753847995978870
82.2051281319926	0.753604442312276
82.2588261003463	0.752975265813131
82.3125125314462	0.752346089313987
82.3661874177625	0.751716912814842
82.4198507517669	0.751359766208189
82.4735025259329	0.751465929595713
82.5271427327355	0.751572092983236
82.5807713646515	0.751678256370760
82.6343884141590	0.752141387208894
82.6879938737380	0.752804098730724
82.7415877358700	0.753466810252553
82.7951699930382	0.754129521774383
82.8487406377274	0.754711112832760
82.9022996624241	0.755284666031791
82.9558470596162	0.755858219230821
83.0093828217934	0.756062701466842
83.0629069414471	0.754530625132130
83.1164194110703	0.752998548797419
83.1699202231574	0.751466472462708
83.2234093702047	0.750080844733495
83.2768868447100	0.748883375226305
83.3303526391730	0.747685905719116
83.3838067460946	0.746488436211927
83.4372491579776	0.745366744693166
83.4906798673265	0.744277992391436
83.5440988666473	0.743189240089706
83.5975061484476	0.742100487787976
83.6509017052369	0.739869185795740
83.7042855295261	0.737581912124047
83.7576576138279	0.735294638452354
83.8110179506564	0.733612020720724
83.8643665325276	0.734252862887557
83.9177033519591	0.734893705054390
83.9710284014702	0.735534547221224
84.0243416735816	0.736320598462119
84.0776431608158	0.737279459464002
84.1309328556971	0.738238320465885
84.1842107507514	0.739197181467768
84.2374768385060	0.740013062650888
84.2907311114901	0.740768712121762
84.3439735622345	0.741524361592637
84.3972041832716	0.742280011063511
84.4504229671356	0.742842244827817
84.5036299063623	0.743393755349013
84.5568249934890	0.743945265870208
84.6100082210549	0.744806910819990
84.6631795816007	0.747006313257859
84.7163390676689	0.749205715695729
84.7694866718035	0.751405118133599
84.8226223865503	0.752180010930053
84.8757462044567	0.751033722516216
84.9288581180718	0.749887434102379
84.9819581199464	0.748741145688542
85.0350462026329	0.746947390038372
85.0881223586854	0.744820353526729
85.1411865806597	0.742693317015086
85.1942388611132	0.740566280503442
85.2472791926051	0.738399146771601
85.3003075676961	0.736227127595883
85.3533239789488	0.734055108420165
85.4063284189272	0.732107309142241
85.4593208801973	0.731813086859410
85.5123013553266	0.731518864576579
85.5652698368841	0.731224642293747
85.6182263174409	0.731504684941565
85.6711707895695	0.732878864071064
85.7241032458441	0.734253043200563
85.7770236788407	0.735627222330063
85.8299320811368	0.736527417661368
85.8828284453118	0.737063816809718
85.9357127639467	0.737600215958068
85.9885850296241	0.738136615106418
86.0414452349285	0.738323309898846
86.0942933724459	0.738413698975673
86.1471294347640	0.738504088052500
86.1999534144723	0.738594477129326
86.2527653041619	0.740841668186344
86.3055650964258	0.743090763248256
86.3583527838584	0.745339858310169
86.4111283590559	0.747329040221238
86.4638918146164	0.748345623766176
86.5166431431393	0.749362207311114
86.5693823372262	0.750378790856052
86.6221093894799	0.751103513477324
86.6748242925053	0.751424105682853
86.7275270389088	0.751744697888381
86.7802176212985	0.752065290093910
86.8328960322843	0.751481798077683
86.8855622644777	0.750354687730751
86.9382163104921	0.749227577383819
86.9908581629424	0.748100467036887
87.0434878144453	0.747386754729142
87.0961052576192	0.746759935390319
87.1487104850842	0.746133116051496
87.2013034894622	0.745496794899517
87.2538842633766	0.744486637887690
87.3064527994527	0.743476480875862
87.3590090903176	0.742466323864035
87.4115531285999	0.741769872790839
87.4640849069299	0.742186332894741
87.5166044179400	0.742602792998643
87.5691116542638	0.743019253102546
87.6216066085369	0.743438991047041
87.6740892733967	0.743863414376391
87.7265596414822	0.744287837705740
87.7790177054341	0.744712261035089
87.8314634578948	0.745240394643730
87.8838968915087	0.745837682258726
87.9363179989215	0.746434969873723
87.9887267727810	0.747032257488719
88.0411232057365	0.747223451004175
88.0935072904391	0.747303333743421
88.1458790195417	0.747383216482668
88.1982383856988	0.747463099221914
88.2505853815669	0.749112816161766
88.3029199998038	0.750817195890331
88.3552422330694	0.752521575618895
88.4075520740252	0.754200449883475
88.4598495153345	0.755728182217404
88.5121345496623	0.757255914551334
88.5644071696752	0.758783646885263
88.6166673680419	0.759688429713071
88.6689151374324	0.759263073384584
88.7211504705188	0.758837717056098
88.7733733599747	0.758412360727611
88.8255837984757	0.758049068999757
88.8777817786989	0.757750364060748
88.9299672933231	0.757451659121740
88.9821403350293	0.757152954182731
89.0343008964998	0.756334694838373
89.0864489704188	0.755245947830005
89.1385845494722	0.754157200821637
89.1907076263477	0.753068453813269
89.2428181937348	0.751408919282278
89.2949162443247	0.749625527550756
89.3470017708103	0.747842135819233
89.3990747658865	0.746058744087711
89.4511352222495	0.744443806254773
89.5031831325977	0.742831916068582
89.5552184896311	0.741220025882391
89.6072412860515	0.740022739292193
89.6592515145622	0.741389137873084
89.7112491678687	0.742755536453974
89.7632342386780	0.744121935034865
89.8152067196988	0.745548824050209
89.8671666036418	0.747121945018459
89.9191138832192	0.748695065986708
89.9710485511452	0.750268186954958
90.0229706001357	0.750934963219338
90.0748800229083	0.750459547536272
90.1267768121825	0.749984131853207
90.1786609606793	0.749508716170141
90.2305324611219	0.749790545572874
90.2823913062348	0.750601546873961
90.3342374887447	0.751412548175048
90.3860710013798	0.752223549476135
90.4378918368702	0.752311980217767
90.4896999879477	0.752134826935526
90.5414954473460	0.751957673653284
90.5932782078003	0.751780520371042
90.6450482620481	0.752635265564161
90.6968056028281	0.753643965011836
90.7485502228811	0.754652664459511
90.8002821149497	0.755645911725241
90.8520012717783	0.753821432450478
90.9037076861127	0.751996953175714
90.9554013507012	0.750172473900950
91.0070822582931	0.748324774249924
91.0587504016400	0.746330868115139
91.1104057734953	0.744336961980355
91.1620483666139	0.742343055845571
91.2136781737526	0.740522724220592
91.2652951876702	0.739183935665442
91.3168994011270	0.737845147110293
91.3684908068853	0.736506358555143
91.4200693977091	0.735111177958982
91.4716351663641	0.733627472144268
91.5231881056181	0.732143766329555
91.5747282082405	0.730660060514841
91.6262554670023	0.729696967203860
91.6777698746768	0.729234919117212
91.7292714240387	0.728772871030564
91.7807601078645	0.728310822943916
91.8322359189328	0.727935015693967
91.8836988500238	0.727610674592991
91.9351488939195	0.727286333492014
91.9865860434038	0.726961992391037
92.0380102912623	0.726999496432254
92.0894216302825	0.727164680989376
92.1408200532536	0.727329865546498
92.1922055529668	0.727495050103620
92.2435781222149	0.726895827610085
92.2949377537928	0.726159899021786
92.3462844404968	0.725423970433486
92.3976181751253	0.724688041845186
92.4489389504786	0.724692900404671
92.5002467593585	0.724733808265737
92.5515415945689	0.724774716126803
92.6028234489154	0.724787105087786
92.6540923152054	0.724310087717854
92.7053481862482	0.723833070347921
92.7565910548549	0.723356052977989
92.8078209138384	0.722822190050353
92.8590377560133	0.721972852695156
92.9102415741963	0.721123515339959
92.9614323612058	0.720274177984762
93.0126101098619	0.719171550366248
93.0637748129867	0.717294339542368
93.1149264634041	0.715417128718488
93.1660650539397	0.713539917894609
93.2171905774211	0.711697748374636
93.2683030266777	0.709924743159069
93.3194023945406	0.708151737943502
93.3704886738429	0.706378732727936
93.4215618574194	0.704389964758159
93.4726219381069	0.702105923791338
93.5236689087439	0.699821882824516
93.5747027621708	0.697537841857695
93.6257234912297	0.695133123781514
93.6767310887648	0.692609743529340
93.7277255476220	0.690086363277166
93.7787068606490	0.687562983024993
93.8296750206954	0.685376083127899
93.8806300206127	0.683430591790170
93.9315718532540	0.681485100452440
93.9825005114745	0.679539609114710
94.0334159881314	0.677916543392961
94.0843182760832	0.676462305862875
94.1352073681907	0.675008068332789
94.1860832573165	0.673553830802704
94.2369459363249	0.672227422480505
94.2877953980822	0.670949158489751
94.3386316354563	0.669670894498996
94.3894546413173	0.668392630508242
94.4402644085370	0.667542751866830
94.4910609299890	0.666805053963425
94.5418441985488	0.666067356060019
94.5926142070938	0.665329658156613
94.6433709485032	0.664025574722475
94.6941144156580	0.662625051839488
94.7448446014413	0.661224528956500
94.7955614987379	0.659824006073513
94.8462651004344	0.656394113351648
94.8969553994194	0.652769555631902
94.9476323885832	0.649144997912155
94.9982960608182	0.645520440192409
95.0489464090185	0.644382585119812
95.0995834260801	0.643331287387692
95.1502071049009	0.642279989655573
95.2008174383806	0.641201506052128
95.2514144194208	0.638467240246445
95.3019980409251	0.635732974440761
95.3525682957988	0.632998708635078
95.4031251769492	0.630251107472434
95.4536686772853	0.627301137472583
95.5041987897182	0.624351167472732
95.5547155071607	0.621401197472881
95.6052188225277	0.618378461005088
95.6557087287356	0.614724402674256
95.7061852187031	0.611070344343424
95.7566482853506	0.607416286012592
95.8070979216002	0.603672711116774
95.8575341203762	0.599382470533555
95.9079568746047	0.595092229950336
95.9583661772135	0.590801989367118
96.0087620211324	0.586755758178406
96.0591443992932	0.583868814901495
96.1095133046295	0.580981871624584
96.1598687300767	0.578094928347673
96.2102106685722	0.575177403995872
96.2605391130554	0.572139702086527
96.3108540564672	0.569102000177182
96.3611554917509	0.566064298267837
96.4114434118513	0.562835270535017
96.4617178097153	0.558956876161626
96.5119786782916	0.555078481788235
96.5622260105309	0.551200087414844
96.6124597993856	0.547509402672386
96.6626800378103	0.544387715721146
96.7128867187613	0.541266028769905
96.7630798351967	0.538144341818664
96.8132593800768	0.534936462620389
96.8634253463636	0.531488616954257
96.9135777270210	0.528040771288125
96.9637165150148	0.524592925621992
97.0138417033129	0.521267740858518
97.0639532848849	0.518264045907013
97.1140512527024	0.515260350955508
97.1641355997388	0.512256656004003
97.2142063189697	0.509150542927513
97.2642634033721	0.505785906303064
97.3143068459255	0.502421269678616
97.3643366396108	0.499056633054167
97.4143527774112	0.495672143398650
97.4643552523117	0.492238330212523
97.5143440572990	0.488804517026395
97.5643191853620	0.485370703840268
97.6142806294914	0.481585124267536
97.6642283826798	0.476920759750879
97.7141624379218	0.472256395234222
97.7640827882139	0.467592030717565
97.8139894265544	0.462976136068283
97.8638823459438	0.458484668616849
97.9137615393841	0.453993201165416
97.9636269998796	0.449501733713982
98.0134787204364	0.444954428434830
98.0633166940625	0.440256462540483
98.1131409137678	0.435558496646137
98.1629513725643	0.430860530751791
98.2127480634657	0.426251422541231
98.2625309794878	0.421900518716225
98.3123001136482	0.417549614891220
98.3620554589666	0.413198711066215
98.4117970084645	0.408624188001079
98.4615247551653	0.403330502305135
98.5112386920945	0.398036816609190
98.5609388122794	0.392743130913246
98.6106251087494	0.387859529209999
98.6602975745355	0.384483314877234
98.7099562026711	0.381107100544470
98.7596009861911	0.377730886211706
98.8092319181327	0.373964820289309
98.8588489915348	0.368492994137044
98.9084521994384	0.363021167984779
98.9580415348863	0.357549341832514
99.0076169909234	0.352202786153498
99.0571785605964	0.347546192550846
99.1067262369540	0.342889598948193
99.1562600130470	0.338233005345540
99.2057798819278	0.333633674552894
99.2552858366512	0.329467627266071
99.3047778702736	0.325301579979247
99.3542559758534	0.321135532692424
99.4037201464512	0.316978238744658
99.4531703751292	0.312928563690726
99.5026066549518	0.308878888636795
99.5520289789854	0.304829213582863
99.6014373402980	0.300749275886950
99.6508317319601	0.295659459298946
99.7002121470436	0.290569642710943
99.7495785786228	0.285479826122940
99.7989310197737	0.280390009534936
99.8482694635744	0.276409099467647
99.8975939031048	0.272452744147025
99.9469043314471	0.268496388826403
99.9962007416850	0.264540033505781
100.045483126904	0.258683359376835
100.094751480194	0.252667971442129
100.144005794642	0.246652583507423
100.193246063341	0.240637195572716
100.242472279386	0.236754617980098
100.291684435871	0.233211152168525
100.340882525894	0.229667686356952
100.390066542556	0.226124220545379
100.439236478957	0.222458877636908
100.488392328202	0.218762683646937
100.537534083395	0.215066489656966
100.586661737646	0.211370295666995
100.635775284062	0.207329366235836
100.684874715756	0.203159925789471
100.733960025842	0.198990485343106
100.783031207434	0.194821044896741
100.832088253651	0.190815843438986
100.881131157611	0.186897481863496
100.930159912437	0.182979120288007
100.979174511251	0.179060758712518
101.028174947180	0.175564473159523
101.077161213350	0.172380119999861
101.126133302891	0.169195766840199
101.175091208934	0.166011413680537
101.224034924613	0.162019632288046
101.272964443063	0.157191186963499
101.321879757422	0.152362741638952
101.370780860828	0.147534296314404
101.419667746424	0.142888185156824
101.468540407352	0.138512917091703
101.517398836758	0.134137649026582
101.566243027789	0.129762380961461
101.615072973594	0.125680332100715
101.663888667326	0.122254872579958
101.712690102137	0.118829413059201
101.761477271182	0.115403953538444
101.810250167619	0.112035399375882
101.859008784607	0.108880678850096
101.907753115308	0.105725958324310
101.956483152884	0.102571237798524
102.005198890502	0.0995399580274123
102.053900321328	0.0975417773391991
102.102587438532	0.0955435966509860
102.151260235286	0.0935454159627728
102.199918704762	0.0915472352745597
102.248562840136	0.0887107717397687
102.297192634585	0.0858729050878741
102.345808081290	0.0830350384359795
102.394409173430	0.0801971717840849
102.442995904190	0.0773358143176554
102.491568266756	0.0744714027486200
102.540126254313	0.0716069911795846
102.588669860053	0.0687425796105491
102.637199077167	0.0667087544061158
102.685713898847	0.0649278731616352
102.734214318290	0.0631469919171546
102.782700328693	0.0613661106726740
102.831171923256	0.0594239465265008
102.879629095180	0.0573922873997378
102.928071837669	0.0553606282729748
102.976500143928	0.0533289691462118
103.024914007166	0.0520395938702177
103.073313420591	0.0514502655291653
103.121698377416	0.0508609371881129
103.170068870855	0.0502716088470604
103.218424894122	0.0494272497867396
103.266766440437	0.0481686564603395
103.315093503018	0.0469100631339393
103.363406075088	0.0456514698075392
103.411704149870	0.0444340543873774
103.459987720591	0.0433453657887366
103.508256780478	0.0422566771900957
103.556511322761	0.0411679885914549
103.604751340673	0.0401239575363567
103.652976827447	0.0394886122953609
103.701187776320	0.0388532670543651
103.749384180530	0.0382179218133694
103.797566033317	0.0375825765723736
103.845733327923	0.0370463689755951
103.893886057592	0.0365154368129000
103.942024215571	0.0359845046502048
103.990147795108	0.0354535724875096
104.038256789454	0.0348225639540937
104.086351191860	0.0341657868219180
104.134430995583	0.0335090096897422
104.182496193877	0.0328522325575664
104.230546780001	0.0324296427269127
104.278582747217	0.0321412258583923
104.326604088787	0.0318528089898719
104.374610797976	0.0315643921213515
104.422602868050	0.0312984420420618
104.470580292278	0.0310577244933023
104.518543063931	0.0308170069445429
104.566491176283	0.0305762893957835
104.614424622608	0.0302476897613283
104.662343396183	0.0297149686745089
104.710247490287	0.0291822475876896
104.758136898202	0.0286495265008702
104.806011613211	0.0282735697685607
104.853871628599	0.0289891091207087
104.901716937654	0.0297046484728567
104.949547533664	0.0304201878250047
104.997363409922	0.0311357271771527
105.045164559720	0.0317421697178598
105.092950976356	0.0323422444036342
105.140722653125	0.0329423190894086
105.188479583329	0.0335423937751830
105.236221760269	0.0341543389755854
105.283949177248	0.0347700590456280
105.331661827573	0.0353857791156705
105.379359704552	0.0360014991857131
105.427042801495	0.0365201443060659
105.474711111713	0.0369647087931021
105.522364628523	0.0374092732801383
105.570003345238	0.0378538377671745
105.617627255179	0.0383218961905762
105.665236351666	0.0388299285576653
105.712830628020	0.0393379609247543
105.760410077567	0.0398459932918434
105.807974693634	0.0403595468545026
105.855524469549	0.0409005058770537
105.903059398643	0.0414414648996048
105.950579474249	0.0419824239221559
105.998084689703	0.0425233829447070
106.045575038341	0.0429152960949183
106.093050513502	0.0433009464486732
106.140511108528	0.0436865968024281
106.187956816762	0.0440722471561830
106.235387631550	0.0448214147341544
106.282803546239	0.0456942759863986
106.330204554180	0.0465671372386427
106.377590648722	0.0474399984908869
106.424961823222	0.0482450916083894
106.472318071033	0.0489893557301316
106.519659385515	0.0497336198518739
106.566985760028	0.0504778839736162
106.614297187934	0.0512415787521770
106.661593662596	0.0520501345988458
106.708875177382	0.0528586904455147
106.756141725660	0.0536672462921835
106.803393300801	0.0544594234901581
106.850629896177	0.0550399398537444
106.897851505163	0.0556204562173308
106.945058121137	0.0562009725809172
106.992249737476	0.0567814889445036
107.039426347562	0.0576033570103610
107.086587944779	0.0584726615403278
107.133734522512	0.0593419660702946
107.180866074148	0.0602112706002613
107.227982593076	0.0609026848102709
107.275084072689	0.0614724806121633
107.322170506380	0.0620422764140558
107.369241887544	0.0626120722159483
107.416298209581	0.0632220238570092
107.463339465890	0.0639077459262222
107.510365649873	0.0645934679954351
107.557376754934	0.0652791900646481
107.604372774481	0.0659276937865940
107.651353701921	0.0662134726487465
107.698319530665	0.0664992515108989
107.745270254127	0.0667850303730514
107.792205865720	0.0670708092352039
107.839126358862	0.0671082917586339
107.886031726972	0.0670963204532104
107.932921963471	0.0670843491477868
107.979797061784	0.0670723778423633
108.026657015334	0.0677969460496871
108.073501817550	0.0690796366958341
108.120331461862	0.0703623273419812
108.167145941701	0.0716450179881283
108.213945250502	0.0726022715395577
108.260729381701	0.0727929416912351
108.307498328735	0.0729836118429126
108.354252085046	0.0731742819945900
108.400990644075	0.0733579289882684
108.447713999268	0.0732172952437767
108.494422144071	0.0730766614992850
108.541115071934	0.0729360277547933
108.587792776307	0.0727953940103016
108.634455250643	0.0731211192481589
108.681102488398	0.0736120451617567
108.727734483029	0.0741029710753545
108.774351227996	0.0745938969889523
108.820952716761	0.0750229863215337
108.867538942787	0.0753763921350648
108.914109899541	0.0757297979485959
108.960665580490	0.0760832037621271
109.007205979106	0.0764008503716133
109.053731088859	0.0765233339236152
109.100240903226	0.0766458174756172
109.146735415683	0.0767683010276192
109.193214619708	0.0768907845796212
109.239678508784	0.0769691855463913
109.286127076392	0.0770400492140286
109.332560316018	0.0771109128816659
109.378978221150	0.0771817765493032
109.425380785277	0.0772744737001634
109.471768001891	0.0773852515973093
109.518139864487	0.0774960294944552
109.564496366559	0.0776068073916011
109.610837501607	0.0777240954765178
109.657163263131	0.0778627074307975
109.703473644633	0.0780013193850773
109.749768639619	0.0781399313393570
109.796048241594	0.0782785432936368
109.842312444068	0.0781829251744342
109.888561240552	0.0780654347883617
109.934794624560	0.0779479444022892
109.981012589607	0.0778304540162167
110.027215129210	0.0779318509885132
110.073402236890	0.0781859355707038
110.119573906169	0.0784400201528945
110.165730130570	0.0786941047350852
110.211870903621	0.0789634376626519
110.257996218849	0.0792767834496393
110.304106069785	0.0795901292366267
110.350200449962	0.0799034750236142
110.396279352916	0.0802168208106016
110.442342772182	0.0803135778424149
110.488390701301	0.0803913064149459
110.534423133815	0.0804690349874769
110.580440063266	0.0805467635600080
110.626441483200	0.0802818729643708
110.672427387167	0.0797635741896466
110.718397768716	0.0792452754149225
110.764352621398	0.0787269766401983
110.810291938770	0.0783155602932595
110.856215714388	0.0782742822521556
110.902123941810	0.0782330042110516
110.948016614598	0.0781917261699476
110.993893726315	0.0781504481288436
111.039755270526	0.0780111589781384
111.085601240800	0.0778568181619862
111.131431630706	0.0777024773458340
111.177246433816	0.0775481365296818
111.223045643704	0.0772404759201048
111.268829253947	0.0767814644128146
111.314597258123	0.0763224529055245
111.360349649813	0.0758634413982344
111.406086422601	0.0754771342493958
111.451807570070	0.0755643844876098
111.497513085810	0.0756516347258238
111.543202963408	0.0757388849640379
111.588877196457	0.0758261352022519
111.634535778551	0.0757498651575879
111.680178703287	0.0756209396791139
111.725805964261	0.0754920142006398
111.771417555075	0.0753630887221658
111.817013469332	0.0752694254513200
111.862593700636	0.0752349922089058
111.908158242595	0.0752005589664916
111.953707088817	0.0751661257240774
111.999240232915	0.0751316924816633
112.044757668503	0.0747869710735907
112.090259389195	0.0744369833165229
112.135745388610	0.0740869955594552
112.181215660369	0.0737370078023874
112.226670198095	0.0730677476971671
112.272108995411	0.0721736566013840
112.317532045944	0.0712795655056008
112.362939343325	0.0703854744098177
112.408330881184	0.0696476663408347
112.453706653155	0.0696049774340969
112.499066652874	0.0695622885273591
112.544410873979	0.0695195996206214
112.589739310109	0.0694769107138836
112.635051954908	0.0692060834875181
112.680348802020	0.0688684852870818
112.725629845092	0.0685308870866454
112.770895077773	0.0681932888862091
112.816144493714	0.0678139470565034
112.861378086569	0.0673593637852100
112.906595849993	0.0669047805139166
112.951797777645	0.0664501972426231
112.996983863185	0.0659956139713297
113.042154100275	0.0656017235792382
113.087308482580	0.0652121750437245
113.132447003766	0.0648226265082108
113.177569657503	0.0644330779726971
113.222676437461	0.0643278198051734
113.267767337316	0.0645037173255272
113.312842350741	0.0646796148458810
113.357901471416	0.0648555123662348
113.402944693020	0.0649864826745390
113.447972009236	0.0644752644791563
113.492983413749	0.0639640462837735
113.537978900245	0.0634528280883907
113.582958462413	0.0629416098930080
113.627922093946	0.0628504261369157
113.672869788536	0.0630155545868151
113.717801539879	0.0631806830367144
113.762717341674	0.0633458114866138
113.807617187620	0.0633636089185416
113.852501071421	0.0626604144670936
113.897368986781	0.0619572200156457
113.942220927408	0.0612540255641978
113.987056887009	0.0605508311127499
114.031876859298	0.0600173232299851
114.076680837987	0.0595527017639667
114.121468816792	0.0590880802979483
114.166240789433	0.0586234588319299
114.210996749629	0.0582726973169053
114.255736691103	0.0582714157541631
114.300460607580	0.0582701341914208
114.345168492788	0.0582688526286786
114.389860340455	0.0582675710659363
114.434536144314	0.0578417965665809
114.479195898098	0.0572914149422463
114.523839595544	0.0567410333179116
114.568467230391	0.0561906516935769
114.613078796378	0.0557211669247377
114.657674287249	0.0554466881601269
114.702253696749	0.0551722093955162
114.746817018625	0.0548977306309054
114.791364246628	0.0546232518662947
114.835895374510	0.0543241193426658
114.880410396024	0.0540190566556449
114.924909304927	0.0537139939686239
114.969392094978	0.0534089312816030
115.013858759938	0.0529521543554227
115.058309293570	0.0521603678762702
115.102743689641	0.0513685813971177
115.147161941917	0.0505767949179652
115.191564044168	0.0497850084388127
115.235949990168	0.0490138658563971
115.280319773691	0.0482475666547398
115.324673388513	0.0474812674530825
115.369010828414	0.0467149682514251
115.413332087175	0.0460579136788548
115.457637158581	0.0456547415383991
115.501926036416	0.0452515693979433
115.546198714469	0.0448483972574875
115.590455186531	0.0444452251170318
115.634695446395	0.0438527430156765
115.678919487855	0.0432081906872771
115.723127304708	0.0425636383588778
115.767318890756	0.0419190860304785
115.811494239798	0.0413846649112328
115.855653345640	0.0411633185841010
115.899796202088	0.0409419722569692
115.943922802951	0.0407206259298375
115.988033142040	0.0404992796027057
116.032127213167	0.0406228390754987
116.076205010149	0.0408748468254879
116.120266526803	0.0411268545754771
116.164311756950	0.0413788623254663
116.208340694412	0.0414642348804866
116.252353333013	0.0408367383057195
116.296349666581	0.0402092417309525
116.340329688945	0.0395817451561854
116.384293393936	0.0389542485814184
116.428240775388	0.0384885132836463
116.472171827138	0.0381127278461499
116.516086543024	0.0377369424086535
116.559984916886	0.0373611569711571
116.603866942568	0.0370096605202488
116.647732613915	0.0369094600405315
116.691581924774	0.0368092595608142
116.735414868995	0.0367090590810970
116.779231440431	0.0366088586013797
116.823031632936	0.0361006482914764
116.866815440367	0.0352245872013227
116.910582856583	0.0343485261111690
116.954333875445	0.0334724650210152
116.998068490817	0.0325964039308615
117.041786696565	0.0323927380054109
117.085488486557	0.0322201467531157
117.129173854664	0.0320475555008206
117.172842794759	0.0318749642485255
117.216495300716	0.0317173096266984
117.260131366414	0.0315842414818727
117.303750985732	0.0314511733370470
117.347354152553	0.0313181051922212
117.390940860760	0.0311850370473955
117.434511104240	0.0311492061434044
117.478064876883	0.0311388951414627
117.521602172580	0.0311285841395210
117.565122985224	0.0311182731375793
117.608627308711	0.0311158906868575
117.652115136940	0.0311455543639489
117.695586463812	0.0311752180410403
117.739041283229	0.0312048817181316
117.782479589096	0.0312345453952230
117.825901375321	0.0306248215384132
117.869306635814	0.0295826803268145
117.912695364486	0.0285405391152158
117.956067555254	0.0274983979036171
117.999423202032	0.0264562566920184
118.042762298741	0.0260891765065118
118.086084839302	0.0257312002753813
118.129390817639	0.0253732240442507
118.172680227677	0.0250152478131202
118.215953063345	0.0250441958909481
118.259209318575	0.0257356297777288
118.302448987298	0.0264270636645095
118.345672063451	0.0271184975512902
118.388878540970	0.0278099314380709
118.432068413797	0.0281058219705833
118.475241675874	0.0282645624582401
118.518398321144	0.0284233029458969
118.561538343556	0.0285820434335537
118.604661737059	0.0286470129359397
118.647768495604	0.0279384730706990
118.690858613145	0.0272299332054582
118.733932083640	0.0265213933402175
118.776988901045	0.0258128534749768
118.820029059324	0.0252260716063286
118.863052552438	0.0247791489249148
118.906059374354	0.0243322262435009
118.949049519039	0.0238853035620871
118.992022980465	0.0234383808806732
119.034979752603	0.0233733965880789
119.077919829429	0.0233954953286090
119.120843204921	0.0234175940691390
119.163749873058	0.0234396928096691
119.206639827821	0.0234311529143398
119.249513063197	0.0232553734272494
119.292369573171	0.0230795939401589
119.335209351732	0.0229038144530685
119.378032392873	0.0227280349659781
119.420838690586	0.0224491087900689
119.463628238869	0.0220614692202222
119.506401031719	0.0216738296503755
119.549157063137	0.0212861900805287
119.591896327127	0.0208985505106820
119.634618817695	0.0203905250054181
119.677324528847	0.0198543247110485
119.720013454596	0.0193181244166788
119.762685588952	0.0187819241223092
119.805340925931	0.0182594185573484
119.847979459551	0.0178325727835799
119.890601183831	0.0174057270098114
119.933206092794	0.0169788812360429
119.975794180463	0.0165520354622744
120.018365440866	0.0164049494432085
120.060919868031	0.0166265171067560
120.103457455990	0.0168480847703034
120.145978198778	0.0170696524338509
120.188482090429	0.0172912200973984
120.230969124984	0.0173159364262730
120.273439296482	0.0172674549892076
120.315892598967	0.0172189735521423
120.358329026486	0.0171704921150769
120.400748573085	0.0171181239065917
120.443151232815	0.0168494294367047
120.485536999729	0.0165807349668178
120.527905867883	0.0163120404969309
120.570257831334	0.0160433460270440
120.612592884141	0.0158342424235679
120.654911020367	0.0157658538429978
120.697212234077	0.0156974652624277
120.739496519337	0.0156290766818576
120.781763870217	0.0155606881012875
120.824014280789	0.0154894097749930
120.866247745128	0.0154159374497855
120.908464257308	0.0153424651245779
120.950663811410	0.0152689927993704
120.992846401515	0.0151955204741629
121.035012021706	0.0152217289468724
121.077160666069	0.0152682999989677
121.119292328693	0.0153148710510630
121.161407003668	0.0153614421031582
121.203504685089	0.0153915382744161
121.245585367049	0.0152402518144698
121.287649043648	0.0150889653545235
121.329695708986	0.0149376788945772
121.371725357165	0.0147863924346309
121.413737982290	0.0144650008854314
121.455733578469	0.0137935801439656
121.497712139812	0.0131221594024998
121.539673660432	0.0124507386610340
121.581618134442	0.0117793179195681
121.623545555959	0.0113547246988584
121.665455919104	0.0111227893394608
121.707349217999	0.0108908539800633
121.749225446766	0.0106589186206658
121.791084599534	0.0104269832612682
121.832926670430	0.0104240672444323
121.874751653587	0.0104831491513297
121.916559543138	0.0105422310582270
121.958350333220	0.0106013129651244
122.000124017970	0.0106607417803381
122.041880591531	0.0108366532703108
122.083620048045	0.0110125647602834
122.125342381659	0.0111884762502560
122.167047586520	0.0113643877402286
122.208735656779	0.0115344238789338
122.250406586589	0.0116823017045510
122.292060370106	0.0118301795301682
122.333697001487	0.0119780573557854
122.375316474893	0.0121259351814026
122.416918784486	0.0121999322907685
122.458503924431	0.0121661639001732
122.500071888897	0.0121323955095779
122.541622672051	0.0120986271189826
122.583156268068	0.0120648587283873
122.624672671121	0.0116450363561572
122.666171875388	0.0109617140880319
122.707653875048	0.0102783918199066
122.749118664283	0.00959506955178133
122.790566237278	0.00891174728365603
122.831996588219	0.00853939317318330
122.873409711295	0.00825870499331554
122.914805600698	0.00797801681344778
122.956184250622	0.00769732863358001
122.997545655264	0.00741664045371225
123.038889808821	0.00774011713384365
123.080216705496	0.00810171518604409
123.121526339492	0.00846331323824454
123.162818705016	0.00882491129044498
123.204093796275	0.00911063104567285
123.245351607481	0.00870734157958472
123.286592132847	0.00830405211349659
123.327815366588	0.00790076264740846
123.369021302924	0.00749747318132032
123.410209936074	0.00729818286853894
123.451381260262	0.00771773268196812
123.492535269714	0.00813728249539730
123.533671958656	0.00855683230882647
123.574791321320	0.00897638212225565
123.615893351938	0.00946314813775556
123.656978044746	0.0100565043859973
123.698045393981	0.0106498606342391
123.739095393883	0.0112432168824809
123.780128038695	0.0118365731307227
123.821143322662	0.0118687878189681
123.862141240031	0.0113737137814005
123.903121785051	0.0108786397438328
123.944084951976	0.0103835657062652
123.985030735059	0.00988849166869751
124.025959128559	0.00940002682906730
124.066870126734	0.00891537236469532
124.107763723847	0.00843071790032334
124.148639914161	0.00794606343595136
124.189498691945	0.00746140897157937
124.230340051466	0.00687979620472887
124.271163986998	0.00626463126440293
124.311970492814	0.00564946632407699
124.352759563190	0.00503430138375105
124.393531192407	0.00441913644342511
124.434285374745	0.00436643641341839
124.475022104489	0.00441983738630185
124.515741375925	0.00447323835918530
124.556443183341	0.00452663933206875
124.597127521030	0.00458004030495221
124.637794383285	0.00491804411869445
124.678443764402	0.00527767404502993
124.719075658679	0.00563730397136541
124.759690060420	0.00599693389770089
124.800286963925	0.00635257241787266
124.840866363503	0.00614764603259913
124.881428253461	0.00594271964732559
124.921972628110	0.00573779326205206
124.962499481764	0.00553286687677853
125.003008808738	0.00535279143489175
125.043500603351	0.00548238247465679
125.083974859924	0.00561197351442183
125.124431572780	0.00574156455418687
125.164870736245	0.00587115559395191
125.205292344647	0.00595507432386258
125.245696392316	0.00573589625865383
125.286082873586	0.00551671819344509
125.326451782792	0.00529754012823634
125.366803114272	0.00507836206302760
125.407136862367	0.00482831134734712
125.447453021420	0.00443468841675878
125.487751585776	0.00404106548617045
125.528032549783	0.00364744255558211
125.568295907792	0.00325381962499378
125.608541654155	0.00293144292703389
125.648769783227	0.00287345366171574
125.688980289367	0.00281546439639760
125.729173166934	0.00275747513107946
125.769348410292	0.00269948586576131
125.809506013805	0.00277055833212465
125.849645971842	0.00325769262345919
125.889768278772	0.00374482691479373
125.929872928968	0.00423196120612827
125.969959916805	0.00471909549746281
126.010029236661	0.00513443398380543
126.050080882916	0.00533477278408020
126.090114849952	0.00553511158435497
126.130131132154	0.00573545038462974
126.170129723910	0.00593578918490452
126.210110619610	0.00607934482713211
126.250073813646	0.00605517997238215
126.290019300413	0.00603101511763220
126.329947074309	0.00600685026288224
126.369857129733	0.00598268540813228
126.409749461088	0.00603292165089353
126.449624062779	0.00631313686388648
126.489480929214	0.00659335207687944
126.529320054801	0.00687356728987239
126.569141433953	0.00715378250286534
126.608945061086	0.00725765174863912
126.648730930616	0.00675329898819417
126.688499036964	0.00624894622774922
126.728249374551	0.00574459346730427
126.767981937803	0.00524024070685932
126.807696721146	0.00471490567012665
126.847393719011	0.00410230464469926
126.887072925830	0.00348970361927187
126.926734336037	0.00287710259384448
126.966377944070	0.00226450156841709
127.006003744368	0.00181086216659877
127.045611731375	0.00224724047481452
127.085201899534	0.00268361878303028
127.124774243293	0.00311999709124603
127.164328757101	0.00355637539946178
127.203865435411	0.00400005880019222
127.243384272678	0.00451114032292731
127.282885263359	0.00502222184566239
127.322368401914	0.00553330336839747
127.361833682805	0.00604438489113256
127.401281100496	0.00653387837493277
127.440710649455	0.00638036034163531
127.480122324152	0.00622684230833785
127.519516119060	0.00607332427504040
127.558892028652	0.00591980624174294
127.598250047406	0.00576628820844548
127.637590169802	0.00574584658395850
127.676912390323	0.00573159880007274
127.716216703453	0.00571735101618698
127.755503103679	0.00570310323230122
127.794771585492	0.00568885544841546
127.834022143384	0.00537492096940998
127.873254771850	0.00501494190755154
127.912469465386	0.00465496284569310
127.951666218494	0.00429498378383466
127.990845025675	0.00393500472197622
128.030005881434	0.00396185452395226
128.069148780279	0.00410670141922996
128.108273716721	0.00425154831450767
128.147380685270	0.00439639520978537
128.186469680443	0.00454124210506308
128.225540696757	0.00484927666253490
128.264593728732	0.00524374107791006
128.303628770891	0.00563820549328522
128.342645817759	0.00603266990866037
128.381644863863	0.00642713432403553
128.420625903733	0.00669161547147365
128.459588931903	0.00684045009387396
128.498533942907	0.00698928471627427
128.537460931284	0.00713811933867457
128.576369891573	0.00728695396107488
128.615260818318	0.00733033901509395
128.654133706063	0.00721048192724332
128.692988549356	0.00709062483939268
128.731825342749	0.00697076775154205
128.770644080793	0.00685091066369142
128.809444758045	0.00674162573257703
128.848227369062	0.00666519332146155
128.886991908405	0.00658876091034607
128.925738370637	0.00651232849923060
128.964466750323	0.00643589608811512
129.003177042032	0.00639213029427906
129.041869240334	0.00671363669795168
129.080543339802	0.00703514310162430
129.119199335013	0.00735664950529691
129.157837220544	0.00767815590896953
129.196456990977	0.00799966231264215
129.235058640894	0.00790451599159910
129.273642164882	0.00776727274324510
129.312207557529	0.00763002949489111
129.350754813426	0.00749278624653712
129.389283927167	0.00735554299818313
129.427794893347	0.00714060216774283
129.466287706566	0.00689571272644099
129.504762361424	0.00665082328513915
129.543218852525	0.00640593384383731
129.581657174476	0.00616104440253547
129.620077321885	0.00612264073715960
129.658479289363	0.00627284006417858
129.696863071525	0.00642303939119755
129.735228662987	0.00657323871821652
129.773576058368	0.00672343804523550
129.811905252290	0.00679168726050788
129.850216239376	0.00667808959000189
129.888509014254	0.00656449191949590
129.926783571552	0.00645089424898991
129.965039905902	0.00633729657848391
130.003278011940	0.00619366113124210
130.041497884300	0.00572974708754981
130.079699517624	0.00526583304385751
130.117882906553	0.00480191900016522
130.156048045732	0.00433800495647292
130.194194929807	0.00387409091278062
130.232323553429	0.00381111023657947
130.270433911250	0.00382011730891084
130.308525997924	0.00382912438124220
130.346599808109	0.00383813145357357
130.384655336465	0.00384713852590493
130.422692577654	0.00392039423040058
130.460711526341	0.00403708426790692
130.498712177195	0.00415377430541326
130.536694524885	0.00427046434291960
130.574658564083	0.00438715438042595
130.612604289466	0.00413446245043021
130.650531695712	0.00313929053714971
130.688440777500	0.00214411862386921
130.726331529514	0.00114894671058871
130.764203946439	0.000153774797308215
130.802058022964	-0.000835941177694630
130.839893753778	-0.00173078162157874
130.877711133577	-0.00262562206546285
130.915510157055	-0.00352046250934696
130.953290818911	-0.00441530295323108
130.991053113847	-0.00531014339711519
131.028797036565	-0.00523508325787077
131.066522581772	-0.00485875928946873
131.104229744176	-0.00448243532106669
131.141918518490	-0.00410611135266465
131.179588899426	-0.00372978738426261
131.217240881702	-0.00370932641878576
131.254874460037	-0.00411006190683049
131.292489629152	-0.00451079739487522
131.330086383772	-0.00491153288291996
131.367664718623	-0.00531226837096469
131.405224628435	-0.00553799574415793
131.442766107939	-0.00468085643726708
131.480289151872	-0.00382371713037624
131.517793754968	-0.00296657782348539
131.555279911970	-0.00210943851659454
131.592747617618	-0.00125229920970369
131.630196866657	2.87747467081815e-05
131.667627653836	0.00141164010909786
131.705039973905	0.00279450547148753
131.742433821615	0.00417737083387721
131.779809191723	0.00556023619626688
131.817166078987	0.00621401122045638
131.854504478166	0.00601043747279914
131.891824384024	0.00580686372514191
131.929125791326	0.00560328997748468
131.966408694841	0.00539971622982744
132.003673089340	0.00517566213443539
132.040918969597	0.00476435667260723
132.078146330386	0.00435305121077907
132.115355166487	0.00394174574895091
132.152545472682	0.00353044028712275
132.189717243753	0.00311913482529460
132.226870474488	0.00313119975246078
132.264005159675	0.00330523941674865
132.301121294107	0.00347927908103652
132.338218872577	0.00365331874532439
132.375297889882	0.00382735840961226
132.412358340822	0.00403411032152668
132.449400220199	0.00430623194284897
132.486423522817	0.00457835356417126
132.523428243484	0.00485047518549355
132.560414377010	0.00512259680681584
132.597381918207	0.00539471842813812
132.634330861890	0.00529809031990371
132.671261202877	0.00517334810114489
132.708172935988	0.00504860588238608
132.745066056046	0.00492386366362726
132.781940557877	0.00479912144486844
132.818796436309	0.00460013040951665
132.855633686173	0.00432981975651219
132.892452302301	0.00405950910350774
132.929252279531	0.00378919845050328
132.966033612700	0.00351888779749883
133.002796296650	0.00325946034596641
133.039540326225	0.00313219758690944
133.076265696270	0.00300493482785248
133.112972401636	0.00287767206879552
133.149660437174	0.00275040930973855
133.186329797737	0.00262314655068159
133.222980478184	0.00246958046164621
133.259612473373	0.00230037148731536
133.296225778168	0.00213116251298450
133.332820387431	0.00196195353865365
133.369396296032	0.00179274456432280
133.405953498839	0.00160405173961443
133.442491990726	0.00131522821125681
133.479011766568	0.00102640468289919
133.515512821243	0.000737581154541574
133.551995149631	0.000448757626183957
133.588458746616	0.000159934097826339
133.624903607083	0.000288782706143644
133.661329725920	0.000611146608666569
133.697737098019	0.000933510511189493
133.734125718274	0.00125587441371242
133.770495581580	0.00157823831623534
133.806846682837	0.00195029814611775
133.843179016945	0.00253645779272775
133.879492578810	0.00312261743933775
133.915787363339	0.00370877708594775
133.952063365440	0.00429493673255774
133.988320580025	0.00488109637916774
134.024559002010	0.00551407283508020
134.060778626312	0.00616930803461716
134.096979447850	0.00682454323415412
134.133161461548	0.00747977843369109
134.169324662331	0.00813501363322805
134.205469045126	0.00870158304197588
134.241594604865	0.00877096168534138
134.277701336479	0.00884034032870688
134.313789234906	0.00890971897207238
134.349858295084	0.00897909761543788
134.385908511953	0.00904847625880339
134.421939880458	0.00852094990941320
134.457952395544	0.00761014493659278
134.493946052162	0.00669933996377236
134.529920845262	0.00578853499095194
134.565876769800	0.00487773001813152
134.601813820731	0.00397029690716332
134.637731993016	0.00312628250882654
134.673631281617	0.00228226811048975
134.709511681498	0.00143825371215296
134.745373187628	0.000594239313816171
134.781215794977	-0.000249775084520618
134.817039498517	-0.000683719645940257
134.852844293224	-0.000665724938671806
134.888630174076	-0.000647730231403354
134.924397136055	-0.000629735524134902
134.960145174142	-0.000611740816866450
134.995874283326	-0.000593746109597998
135.031584458594	-0.000256211312627421
135.067275694938	0.000123052453770564
135.102947987352	0.000502316220168548
135.138601330832	0.000881579986566533
135.174235720379	0.00126084375296452
135.209851150994	0.00169788221911576
135.245447617682	0.00228598230689830
135.281025115451	0.00287408239468083
135.316583639310	0.00346218248246337
135.352123184272	0.00405028257024591
135.387643745353	0.00463838265802844
135.423145317570	0.00489977892792765
135.458627895945	0.00498680870270636
135.494091475501	0.00507383847748506
135.529536051263	0.00516086825226377
135.564961618261	0.00524789802704247
135.600368171525	0.00532953831821085
135.635755706090	0.00489839407761874
135.671124216993	0.00446724983702664
135.706473699273	0.00403610559643454
135.741804147972	0.00360496135584243
135.777115558134	0.00317381711525033
135.812407924808	0.00281001349257609
135.847681243043	0.00257037577548018
135.882935507891	0.00233073805838427
135.918170714409	0.00209110034128837
135.953386857654	0.00185146262419246
135.988583932687	0.00161182490709656
136.023761934571	0.00204035083220246
136.058920858373	0.00278979973630975
136.094060699162	0.00353924864041703
136.129181452008	0.00428869754452432
136.164283111986	0.00503814644863160
136.199365674172	0.00578759535273889
136.234429133647	0.00603847271401420
136.269473485492	0.00628016663607083
136.304498724793	0.00652186055812747
136.339504846635	0.00676355448018410
136.374491846111	0.00700524840224073
136.409459718313	0.00712035919395066
136.444408458336	0.00689423063894066
136.479338061278	0.00666810208393066
136.514248522241	0.00644197352892067
136.549139836328	0.00621584497391067
136.584011998645	0.00598971641890067
136.618865004302	0.00591061314848075
136.653698848410	0.00595607919864210
136.688513526083	0.00600154524880344
136.723309032438	0.00604701129896478
136.758085362596	0.00609247734912612
136.792842511679	0.00613794339928746
136.827580474811	0.00632249290872118
136.862299247121	0.00654312643465784
136.896998823739	0.00676375996059450
136.931679199798	0.00698439348653115
136.966340370434	0.00720502701246780
137.000982330786	0.00741691581215559
137.035605075995	0.00732924295368243
137.070208601205	0.00724157009520927
137.104792901563	0.00715389723673610
137.139357972217	0.00706622437826294
137.173903808321	0.00697855151978977
137.208430405028	0.00674220015626128
137.242937757497	0.00604574324661409
137.277425860887	0.00534928633696690
137.311894710362	0.00465282942731972
137.346344301086	0.00395637251767253
137.380774628228	0.00325991560802535
137.415185686960	0.00260399763597350
137.449577472454	0.00199938851075537
137.483949979887	0.00139477938553725
137.518303204438	0.000790170260319118
137.552637141289	0.000185561135100990
137.586951785624	-0.000419047990117137
137.621247132631	-0.000197049179049949
137.655523177500	0.000532441336402197
137.689779915422	0.00126193185185434
137.724017341594	0.00199142236730649
137.758235451213	0.00272091288275863
137.792434239480	0.00345040339821078
137.826613701599	0.00354929078580612
137.860773832776	0.00346896008626520
137.894914628218	0.00338862938672429
137.929036083139	0.00330829868718337
137.963138192753	0.00322796798764245
137.997220952275	0.00314763728810154
138.031284356927	0.00257540427330228
138.065328401930	0.00195948682219666
138.099353082510	0.00134356937109105
138.133358393894	0.000727651919985441
138.167344331313	0.000111734468879830
138.201310890001	-0.000494144729495341
138.235258065192	-0.000850027128963517
138.269185852127	-0.00120590952843169
138.303094246046	-0.00156179192789987
138.336983242194	-0.00191767432736805
138.370852835818	-0.00227355672683622
138.404703022166	-0.00251766887359768
138.438533796492	-0.00206927514629840
138.472345154050	-0.00162088141899911
138.506137090099	-0.00117248769169983
138.539909599898	-0.000724093964400546
138.573662678712	-0.000275700237101263
138.607396321805	5.55890251280082e-05
138.641110524447	-2.99961436052995e-05
138.674805281908	-0.000115581312338607
138.708480589464	-0.000201166481071915
138.742136442391	-0.000286751649805223
138.775772835969	-0.000372336818538530
138.809389765479	-0.000301441634446956
138.842987226207	0.000173083069115905
138.876565213441	0.000647607772678766
138.910123722471	0.00112213247624163
138.943662748590	0.00159665717980449
138.977182287095	0.00207118188336735
139.010682333283	0.00246166079860183
139.044162882458	0.00267266781269676
139.077623929922	0.00288367482679169
139.111065470982	0.00309468184088663
139.144487500949	0.00330568885498156
139.177890015134	0.00351669586907649
139.211273008853	0.00374267873988406
139.244636477423	0.00399802556972857
139.277980416166	0.00425337239957308
139.311304820404	0.00450871922941759
139.344609685464	0.00476406605926210
139.377895006674	0.00501941288910661
139.411160779365	0.00527569012268899
139.444406998873	0.00553380957415886
139.477633660535	0.00579192902562873
139.510840759689	0.00605004847709860
139.544028291679	0.00630816792856848
139.577196251849	0.00656628738003835
139.610344635548	0.00660061201904570
139.643473438127	0.00614174760474645
139.676582654939	0.00568288319044720
139.709672281340	0.00522401877614796
139.742742312690	0.00476515436184871
139.775792744349	0.00430628994754946
139.808823571684	0.00398924718404547
139.841834790060	0.00406117452127957
139.874826394847	0.00413310185851367
139.907798381419	0.00420502919574776
139.940750745152	0.00427695653298186
139.973683481422	0.00434888387021596
140.006596585612	0.00434475512056440
140.039490053105	0.00403729753857391
140.072363879287	0.00372983995658342
140.105218059548	0.00342238237459292
140.138052589280	0.00311492479260243
140.170867463878	0.00280746721061193
140.203662678738	0.00252023600433876
140.236438229262	0.00239383539952467
140.269194110853	0.00226743479471057
140.301930318916	0.00214103418989648
140.334646848859	0.00201463358508238
140.367343696095	0.00188823298026829
140.400020856037	0.00176187193151683
140.432678324103	0.00169743080974932
140.465316095711	0.00163298968798182
140.497934166284	0.00156854856621432
140.530532531247	0.00150410744444681
140.563111186028	0.00143966632267931
140.595670126058	0.00137522520091181
140.628209346771	0.000700852017220373
140.660728843602	-6.71122807787195e-05
140.693228611990	-0.000835076578777812
140.725708647377	-0.00160304087677690
140.758168945208	-0.00237100517477600
140.790609500930	-0.00313896947277509
140.823030309992	-0.00317055466375897
140.855431367849	-0.00290197579889156
140.887812669954	-0.00263339693402415
140.920174211767	-0.00236481806915674
140.952515988749	-0.00209623920428933
140.984837996364	-0.00182766033942192
141.017140230078	-0.00173278221093911
141.049422685360	-0.00179151065662237
141.081685357684	-0.00185023910230564
141.113928242523	-0.00190896754798891
141.146151335356	-0.00196769599367217
141.178354631663	-0.00202642443935544
141.210538126928	-0.00155395112815255
141.242701816636	9.28077611620773e-06
141.274845696277	0.00157251268038496
141.306969761342	0.00313574458465372
141.339074007325	0.00469897648892247
141.371158429724	0.00626220839319122
141.403223024039	0.00790105833722486
141.435267785773	0.0102163751596752
141.467292710430	0.0125316919821255
141.499297793520	0.0148470088045758
141.531283030553	0.0171623256270262
141.563248417043	0.0194776424494765
141.595193948508	0.0217929592719268
141.627119620466	0.0203781479777096
141.659025428439	0.0183024969811307
141.690911367954	0.0162268459845519
141.722777434537	0.0141511949879730
141.754623623719	0.0120755439913941
141.786449931034	0.00999989299481528
141.818256352018	0.00882011698764478
141.850042882209	0.00830506321404881
141.881809517150	0.00779000944045283
141.913556252385	0.00727495566685686
141.945283083462	0.00675990189326089
141.976990005930	0.00624484811966492
142.008677015342	0.00578537095816431
142.040344107255	0.00547322781893472
142.071991277226	0.00516108467970512
142.103618520818	0.00484894154047553
142.135225833593	0.00453679840124593
142.166813211120	0.00422465526201634
142.198380648967	0.00391251212278674
142.229928142708	0.00361670042988787
142.261455687917	0.00332177213345447
142.292963280173	0.00302684383702106
142.324450915056	0.00273191554058766
142.355918588151	0.00243698724415425
142.387366295043	0.00214205894772085
142.418794031322	0.00193202003055604
142.450201792580	0.00177902725224008
142.481589574412	0.00162603447392413
142.512957372416	0.00147304169560817
142.544305182191	0.00132004891729222
142.575632999342	0.00116705613897627
142.606940819475	0.00146418944068411
142.638228638198	0.00334107194038037
142.669496451123	0.00521795444007663
142.700744253865	0.00709483693977290
142.731972042041	0.00897171943946916
142.763179811271	0.0108486019391654
142.794367557178	0.0127254844388617
142.825535275388	0.0126683418876234
142.856682961529	0.0121847373957103
142.887810611233	0.0117011329037971
142.918918220133	0.0112175284118839
142.950005783868	0.0107339239199708
142.981073298076	0.0102503194280576
143.012120758400	0.00998702253577424
143.043148160487	0.0100676277655104
143.074155499983	0.0101482329952466
143.105142772540	0.0102288382249828
143.136109973812	0.0103094434547190
143.167057099455	0.0103900486844552
143.197984145129	0.0104706539141914
143.228891106497	0.0112761349688165
143.259777979223	0.0121321778616099
143.290644758976	0.0129882207544033
143.321491441426	0.0138442636471967
143.352318022246	0.0147003065399900
143.383124497114	0.0155563494327834
143.413910861708	0.0156980683532021
143.444677111711	0.0149735088804328
143.475423242807	0.0142489494076635
143.506149250683	0.0135243899348942
143.536855131032	0.0127998304621249
143.567540879545	0.0120752709893556
143.598206491919	0.0113507115165863
143.628851963853	0.0106014166554754
143.659477291048	0.00985058466549790
143.690082469210	0.00909975267552041
143.720667494046	0.00834892068554291
143.751232361266	0.00759808869556542
143.781777066583	0.00684725670558792
143.812301605714	0.00633194282924944
143.842805974376	0.00616539764899203
143.873290168292	0.00599885246873461
143.903754183185	0.00583230728847720
143.934198014784	0.00566576210821979
143.964621658819	0.00549921692796237
143.995025111021	0.00533267174770496
144.025408367127	0.00555082107412261
144.055771422876	0.00584426792946713
144.086114274009	0.00613771478481164
144.116436916270	0.00643116164015616
144.146739345406	0.00672460849550067
144.177021557168	0.00701805535084519
144.207283547307	0.00733786884835482
144.237525311580	0.00774083751659587
144.267746845745	0.00814380618483693
144.297948145563	0.00854677485307798
144.328129206798	0.00894974352131904
144.358290025218	0.00935271218956009
144.388430596591	0.00975568085780115
144.418550916692	0.00982112629996211
144.448650981294	0.00967614347691324
144.478730786177	0.00953116065386437
144.508790327121	0.00938617783081550
144.538829599911	0.00924119500776662
144.568848600334	0.00909621218471775
144.598847324178	0.00895122936166887
144.628825767237	0.00880088517329801
144.658783925306	0.00865032666417678
144.688721794183	0.00849976815505556
144.718639369669	0.00834920964593433
144.748536647568	0.00819865113681310
144.778413623687	0.00804809262769187
144.808270293835	0.00788269321071078
144.838106653825	0.00767857044900313
144.867922699472	0.00747444768729548
144.897718426595	0.00727032492558783
144.927493831013	0.00706620216388018
144.957248908552	0.00686207940217253
144.986983655037	0.00665795664046488
145.016698066299	0.00636339552639288
145.046392138170	0.00599836051084536
145.076065866484	0.00563332549529784
145.105719247080	0.00526829047975031
145.135352275800	0.00490325546420280
145.164964948486	0.00453822044865528
145.194557260985	0.00417318543310776
145.224129209148	0.00348245522302059
145.253680788826	0.00271828418235423
145.283211995874	0.00195411314168788
145.312722826151	0.00118994210102152
145.342213275518	0.000425771060355162
145.371683339838	-0.000338399980311195
145.401133014978	-0.00108718892220048
145.430562296807	-0.00145166828177818
145.459971181198	-0.00181614764135589
145.489359664027	-0.00218062700093359
145.518727741171	-0.00254510636051129
145.548075408511	-0.00290958572008899
145.577402661931	-0.00327406507966669
145.606709497318	-0.00360283122098863
145.635995910562	-0.00381135798081032
145.665261897554	-0.00401988474063202
145.694507454190	-0.00422841150045372
145.723732576368	-0.00443693826027541
145.752937259990	-0.00464546502009711
145.782121500958	-0.00485399177991881
145.811285295181	-0.00516436267447507
145.840428638566	-0.00563602177626776
145.869551527028	-0.00610768087806045
145.898653956481	-0.00657933997985314
145.927735922844	-0.00705099908164583
145.956797422037	-0.00752265818343852
145.985838449984	-0.00799431728523121
146.014859002613	-0.00783582415609573
146.043859075853	-0.00707696785939318
146.072838665637	-0.00631811156269063
146.101797767900	-0.00555925526598808
146.130736378581	-0.00480039896928552
146.159654493620	-0.00404154267258297
146.188552108962	-0.00328268637588042
146.217429220553	-0.00188734386622369
146.246285824344	-7.40915538015308e-05
146.275121916287	0.00173916075862063
146.303937492338	0.00355241307104279
146.332732548456	0.00536566538346495
146.361507080601	0.00717891769588711
146.390261084737	0.00899217000830927
146.418994556833	0.0106874793753399
146.447707492857	0.0123223382468540
146.476399888783	0.0139571971183681
146.505071740587	0.0155920559898822
146.533723044247	0.0172269148613962
146.562353795744	0.0188617737329103
146.590963991063	0.0204966326044244
146.619553626191	0.0198607791332285
146.648122697119	0.0181759720811247
146.676671199839	0.0164911650290209
146.705199130348	0.0148063579769171
146.733706484643	0.0131215509248133
146.762193258727	0.0114367438727095
146.790659448605	0.00975193682060565
146.819105050283	0.00981366497497827
146.847530059773	0.0107289765090030
146.875934473087	0.0116442880430277
146.904318286241	0.0125595995770524
146.932681495255	0.0134749111110771
146.961024096151	0.0143902226451018
146.989346084953	0.0153055341791265
147.017647457688	0.0151979324213754
147.045928210388	0.0144730126766376
147.074188339087	0.0137480929318998
147.102427839819	0.0130231731871620
147.130646708625	0.0122982534424242
147.158844941547	0.0115733336976863
147.187022534629	0.0108484139529485
147.215179483920	0.00912832907621359
147.243315785471	0.00655775200463384
147.271431435335	0.00398717493305408
147.299526429569	0.00141659786147433
147.327600764232	-0.00115397921010543
147.355654435387	-0.00372455628168519
147.383687439100	-0.00629513335326494
147.411699771437	-0.00718785021701340
147.439691428472	-0.00574204625005755
147.467662406276	-0.00429624228310171
147.495612700928	-0.00285043831614586
147.523542308508	-0.00140463434919001
147.551451225097	4.11696177658417e-05
147.579339446782	0.00148697358472169
147.607206969651	0.00266085484761523
147.635053789795	0.00305548856446347
147.662879903309	0.00345012228131172
147.690685306291	0.00384475599815996
147.718469994839	0.00423938971500820
147.746233965058	0.00463402343185644
147.773977213053	0.00502865714870468
147.801699734934	0.00539041685023279
147.829401526811	0.00524905877988270
147.857082584799	0.00510770070953261
147.884742905017	0.00496634263918252
147.912382483584	0.00482498456883243
147.940001316624	0.00468362649848235
147.967599400264	0.00454226842813226
147.995176730632	0.00440091035778217
148.022733303860	0.00404502748989034
148.050269116084	0.00364364633699247
148.077784163442	0.00324226518409460
148.105278442075	0.00284088403119672
148.132751948125	0.00243950287829885
148.160204677741	0.00203812172540098
148.187636627071	0.00163674057250310
148.215047792268	0.00156313319321991
148.242438169488	0.00175872601806265
148.269807754888	0.00195431884290539
148.297156544631	0.00214991166774814
148.324484534880	0.00234550449259088
148.351791721802	0.00254109731743362
148.379078101567	0.00273669014227636
148.406343670350	0.00291648334228375
148.433588424324	0.00304418784153697
148.460812359669	0.00317189234079018
148.488015472567	0.00329959684004340
148.515197759202	0.00342730133929662
148.542359215762	0.00355500583854983
148.569499838437	0.00368271033780305
148.596619623421	0.00381041483705627
148.623718566910	0.00390299264424236
148.650796665103	0.00399056607759417
148.677853914202	0.00407813951094599
148.704890310413	0.00416571294429780
148.731905849943	0.00425328637764961
148.758900529003	0.00434085981100143
148.785874343807	0.00442843324435324
148.812827290573	0.00462956109319389
148.839759365519	0.00495568917235453
148.866670564868	0.00528181725151518
148.893560884846	0.00560794533067582
148.920430321682	0.00593407340983647
148.947278871606	0.00626020148899711
148.974106530853	0.00658632956815776
149.000913295660	0.00691324173835509
149.027699162268	0.00726237613591053
149.054464126920	0.00761151053346598
149.081208185862	0.00796064493102142
149.107931335342	0.00830977932857687
149.134633571613	0.00865891372613231
149.161314890929	0.00900804812368776
149.187975289549	0.00935718252124320
149.214614763732	0.00974279515753922
149.241233309744	0.0101584096301664
149.267830923849	0.0105740241027935
149.294407602319	0.0109896385754206
149.320963341425	0.0114052530480477
149.347498137442	0.0118208675206749
149.374011986650	0.0122364819933020
149.400504885329	0.0126543337555408
149.426976829764	0.0131873039693647
149.453427816242	0.0137202741831886
149.479857841052	0.0142532443970125
149.506266900488	0.0147862146108363
149.532654990847	0.0153191848246602
149.559022108426	0.0158521550384841
149.585368249527	0.0163851252523080
149.611693410456	0.0167837222662564
149.637997587521	0.0170142468797157
149.664280777031	0.0172447714931750
149.690542975301	0.0174752961066343
149.716784178647	0.0177058207200936
149.743004383389	0.0179363453335529
149.769203585849	0.0181668699470122
149.795381782353	0.0183973945604715
149.821538969228	0.0182336625831971
149.847675142807	0.0179854307056848
149.873790299423	0.0177371988281726
149.899884435414	0.0174889669506603
149.925957547120	0.0172407350731480
149.952009630884	0.0169925031956358
149.978040683052	0.0167442713181235
150.004050699973	0.0164270370320964
150.030039677999	0.0157358810742343
150.056007613485	0.0150447251163722
150.081954502788	0.0143535691585101
150.107880342270	0.0136624132006480
150.133785128294	0.0129712572427859
150.159668857228	0.0122801012849239
150.185531525440	0.0115889453270618
150.211373129303	0.0110119164110984
150.237193665193	0.0105800171064272
150.262993129489	0.0101481178017559
150.288771518571	0.00971621849708461
150.314528828825	0.00928431919241334
150.340265056637	0.00885241988774207
150.365980198399	0.00842052058307080
150.391674250503	0.00798862127839953
150.417347209345	0.00804701795739271
150.442999071326	0.00834063511982286
150.468629832846	0.00863425228225300
150.494239490312	0.00892786944468314
150.519828040130	0.00922148660711329
150.545395478714	0.00951510376954343
150.570941802475	0.00980872093197358
150.596467007832	0.0101023380944037
150.621971091205	0.0107380837886793
150.647454049015	0.0114288220619289
150.672915877690	0.0121195603351785
150.698356573658	0.0128102986084280
150.723776133350	0.0135010368816776
150.749174553202	0.0141917751549272
150.774551829651	0.0148825134281767
150.799907959138	0.0155732517014263
150.825242938107	NaN
150.850556763004	NaN
150.875849430279	NaN
150.901120936384	NaN
150.926371277775	NaN
150.951600450911	NaN
150.976808452252	NaN
