NaN	NaN
NaN	NaN
NaN	NaN
NaN	NaN
NaN	NaN
NaN	NaN
NaN	NaN
NaN	NaN
NaN	NaN
NaN	NaN
NaN	NaN
NaN	NaN
NaN	NaN
NaN	NaN
NaN	NaN
NaN	NaN
NaN	NaN
NaN	NaN
NaN	NaN
NaN	NaN
NaN	NaN
NaN	NaN
NaN	NaN
NaN	NaN
NaN	NaN
NaN	NaN
NaN	NaN
NaN	NaN
NaN	NaN
NaN	NaN
NaN	NaN
NaN	NaN
NaN	NaN
NaN	NaN
NaN	NaN
NaN	NaN
NaN	NaN
NaN	NaN
NaN	NaN
NaN	NaN
NaN	NaN
NaN	NaN
NaN	NaN
NaN	NaN
NaN	NaN
NaN	NaN
NaN	NaN
NaN	NaN
NaN	NaN
NaN	NaN
NaN	NaN
NaN	NaN
NaN	NaN
NaN	NaN
NaN	NaN
NaN	NaN
NaN	NaN
NaN	NaN
NaN	NaN
NaN	NaN
NaN	NaN
NaN	NaN
NaN	NaN
NaN	NaN
NaN	NaN
NaN	NaN
NaN	NaN
NaN	NaN
NaN	NaN
NaN	NaN
NaN	NaN
NaN	NaN
NaN	NaN
NaN	NaN
NaN	NaN
NaN	NaN
NaN	NaN
NaN	NaN
NaN	NaN
NaN	NaN
NaN	NaN
NaN	NaN
NaN	NaN
NaN	NaN
NaN	NaN
NaN	NaN
NaN	NaN
NaN	NaN
NaN	NaN
NaN	NaN
NaN	NaN
NaN	NaN
NaN	NaN
NaN	NaN
NaN	NaN
NaN	NaN
NaN	NaN
NaN	NaN
NaN	NaN
NaN	NaN
70.4049607864285	NaN
70.4609617999136	NaN
70.5169529308603	NaN
70.5729341714157	NaN
70.6289055137280	0.677370542290093
70.6848669499470	0.681515357851895
70.7408184722237	0.685660173413696
70.7967600727106	0.689804988975498
70.8526917435617	0.692574814762705
70.9086134769322	0.695260101896688
70.9645252649788	0.697945389030670
71.0204270998595	0.700204721187260
71.0763189737338	0.701724383618449
71.1322008787625	0.703244046049638
71.1880728071079	0.704763708480827
71.2439347509337	0.706568588063664
71.2997867024049	0.708450890140889
71.3556286536880	0.710333192218115
71.4114605969508	0.712306574793168
71.4672825243626	0.714632557068323
71.5230944280940	0.716958539343478
71.5788963003172	0.719284521618633
71.6346881332055	0.722827071491673
71.6904699189340	0.727109695302239
71.7462416496789	0.731392319112805
71.8020033176179	0.735646537370040
71.8577549149300	0.739138566455517
71.9134964337960	0.742630595540995
71.9692278663976	0.746122624626472
72.0249492049183	0.749584448165079
72.0806604415428	0.753009019784975
72.1363615684573	0.756433591404872
72.1920525778495	0.759858163024768
72.2477334619083	0.761374534671038
72.3034042128243	0.762573227302629
72.3590648227892	0.763771919934219
72.4147152839964	0.764950824553124
72.4703555886405	0.766074687571404
72.5259857289178	0.767198550589684
72.5816056970258	0.768322413607964
72.6372154851635	0.769624502763891
72.6928150855313	0.771014674831940
72.7484044903311	0.772404846899990
72.8039836917660	0.773829838225398
72.8595526820410	0.775705757354647
72.9151114533620	0.777581676483896
72.9706599979367	0.779457595613145
73.0261983079741	0.782193574768216
73.0817263756846	0.785892664060681
73.1372441932801	0.789591753353146
73.1927517529739	0.793290842645611
73.2482490469808	0.797042759018057
73.3037360675170	0.800802610655348
73.3592128068001	0.804562462292640
73.4146792570492	0.807893920547828
73.4701354104849	0.810035171333313
73.5255812593290	0.812176422118798
73.5810167958051	0.814317672904284
73.6364420121379	0.815388566576187
73.6918569005538	0.815901946137622
73.7472614532805	0.816415325699057
73.8026556625473	0.816886391432311
73.8580395205848	0.816517225125967
73.9134130196251	0.816148058819624
73.9687761519017	0.815778892513280
74.0241289096498	0.815890674497146
74.0794712851057	0.816624766480589
74.1348032705074	0.817358858464032
74.1901248580942	0.818092950447475
74.2454360401070	0.819047843122537
74.3007368087882	0.820050720511299
74.3560271563814	0.821053597900061
74.4113070751320	0.822500998164216
74.4665765572865	0.825676970582352
74.5218355950931	0.828852943000488
74.5770841808015	0.832028915418625
74.6323223066628	0.835439739671879
74.6875499649294	0.839017053130309
74.7427671478554	0.842594366588738
74.7979738476962	0.846171680047168
74.8531700567090	0.847738392510655
74.9083557671519	0.849228493770010
74.9635309712851	0.850718595029364
75.0186956613698	0.851478051387398
75.0738498296688	0.850812396534374
75.1289934684466	0.850146741681350
75.1841265699689	0.849481086828327
75.2392491265029	0.848254294654767
75.2943611303176	0.846800584661392
75.3494625736830	0.845346874668018
75.4045534488709	0.844049799837493
75.4596337481545	0.844491010200015
75.5147034638085	0.844932220562537
75.5697625881090	0.845373430925060
75.6248111133338	0.844632339234763
75.6798490317619	0.842450508241798
75.7348763356740	0.840268677248833
75.7898930173522	0.838086846255868
75.8448990690801	0.840123337167817
75.8998944831428	0.843109300399898
75.9548792518269	0.846095263631978
76.0098533674205	0.848890773912641
76.0648168222131	0.850814241608772
76.1197696084958	0.852737709304904
76.1747117185613	0.854661177001035
76.2296431447035	0.855772321043689
76.2845638792180	0.856190546358084
76.3394739144020	0.856608771672478
76.3943732425538	0.857026996986873
76.4492618559737	0.857245594960191
76.5041397469632	0.857441393442043
76.5590069078254	0.857637191923895
76.6138633308648	0.857283882070133
76.6687090083875	0.855307046528807
76.7235439327011	0.853330210987481
76.7783680961148	0.851353375446156
76.8331814909390	0.849148495693365
76.8879841094861	0.846794962379350
76.9427759440695	0.844441429065334
76.9975569870044	0.842087895751319
77.0523272306075	0.842144110329810
77.1070866671969	0.842312818891257
77.1618352890924	0.842481527452704
77.2165730886151	0.842599251689876
77.2713000580878	0.842599580198171
77.3260161898347	0.842599908706466
77.3807214761815	0.842600237214762
77.4354159094556	0.842045641316941
77.4900994819857	0.841189003950883
77.5447721861022	0.840332366584825
77.5994340141369	0.839475729218766
77.6540849584233	0.841431702500417
77.7087250112961	0.843417106398863
77.7633541650919	0.845402510297308
77.8179724121486	0.847312737384811
77.8725797448057	0.849069693760158
77.9271761554042	0.850826650135504
77.9817616362866	0.852583606510851
78.0363361797971	0.851626627910966
78.0908997782813	0.849307568255085
78.1454524240862	0.846988508599205
78.1999941095608	0.844669448943324
78.2545248270550	0.841695973074908
78.3090445689208	0.838722426514843
78.3635533275113	0.835748879954778
78.4180510951815	0.832613935103925
78.4725378642878	0.829153146144630
78.5270136271880	0.825692357185335
78.5814783762417	0.822231568226040
78.6359321038099	0.820162272489567
78.6903748022551	0.818810166404656
78.7448064639414	0.817458060319744
78.7992270812346	0.816105954234833
78.8536366465017	0.816706318972384
78.9080351521117	0.817334816739936
78.9624225904347	0.817963314507487
79.0167989538426	0.818651288082921
79.0711642347089	0.819472288988766
79.1255184254086	0.820293289894609
79.1798615183181	0.821114290800453
79.2341935058155	0.821875192048477
79.2885143802805	0.822600700808812
79.3428241340943	0.823326209569147
79.3971227596396	0.824051718329481
79.4514102493007	0.823339002577157
79.5056865954636	0.822545802597428
79.5599517905157	0.821752602617699
79.6142058268459	0.820674610734991
79.6684486968449	0.818793832298605
79.7226803929048	0.816913053862218
79.7769009074193	0.815032275425832
79.8311102327836	0.812875020889512
79.8853083613947	0.810512506141690
79.9394952856508	0.808149991393869
79.9936709979521	0.805787476646047
80.0478354907001	0.802074014516817
80.1019887562979	0.798181829958713
80.1561307871501	0.794289645400609
80.2102615756632	0.791670062150407
80.2643811142449	0.794490408891261
80.3184893953047	0.797310755632115
80.3725864112536	0.800131102372969
80.4266721545041	0.800902839397881
80.4807466174706	0.799569238251285
80.5348097925687	0.798235637104689
80.5888616722157	0.796902035958094
80.6429022488307	0.796346460957537
80.6969315148340	0.795992856883972
80.7509494626479	0.795639252810408
80.8049560846959	0.795388662535112
80.8589513734034	0.796157497315649
80.9129353211973	0.796926332096187
80.9669079205059	0.797695166876724
81.0208691637593	0.797998865517505
81.0748190433892	0.797565078460556
81.1287575518288	0.797131291403606
81.1826846815130	0.796697504346657
81.2366004248781	0.795841602391504
81.2905047743621	0.794786022758681
81.3443977224047	0.793730443125859
81.3982792614471	0.792674863493036
81.4521493839322	0.791308008526147
81.5060080823042	0.789930883625974
81.5598553490094	0.788553758725801
81.6136911764952	0.787155335704881
81.6675155572109	0.785694469843951
81.7213284836074	0.784233603983020
81.7751299481370	0.782772738122090
81.8289199432539	0.780591047081462
81.8826984614137	0.777789539267539
81.9364654950736	0.774988031453615
81.9902210366925	0.772186523639692
82.0439650787310	0.772232799182815
82.0976976136511	0.772912427821722
82.1514186339165	0.773592056460629
82.2051281319926	0.774171766642841
82.2588261003463	0.773805000244509
82.3125125314462	0.773438233846178
82.3661874177625	0.773071467447846
82.4198507517669	0.773147971938496
82.4735025259329	0.773979436963489
82.5271427327355	0.774810901988482
82.5807713646515	0.775642367013475
82.6343884141590	0.776010798064292
82.6879938737380	0.776120346583992
82.7415877358700	0.776229895103692
82.7951699930382	0.776339443623391
82.8487406377274	0.776878949754282
82.9022996624241	0.777461058437678
82.9558470596162	0.778043167121075
83.0093828217934	0.778311345788504
83.0629069414471	0.777102415947067
83.1164194110703	0.775893486105630
83.1699202231574	0.774684556264193
83.2234093702047	0.773132860906827
83.2768868447100	0.771140777948440
83.3303526391730	0.769148694990053
83.3838067460946	0.767156612031666
83.4372491579776	0.766014303898291
83.4906798673265	0.765241376345850
83.5440988666473	0.764468448793408
83.5975061484476	0.763695521240967
83.6509017052369	0.763037811707665
83.7042855295261	0.762385746520590
83.7576576138279	0.761733681333516
83.8110179506564	0.761108356694481
83.8643665325276	0.760585785682622
83.9177033519591	0.760063214670763
83.9710284014702	0.759540643658904
84.0243416735816	0.759664036648373
84.0776431608158	0.760556175567788
84.1309328556971	0.761448314487203
84.1842107507514	0.762340453406618
84.2374768385060	0.762919990587527
84.2907311114901	0.763367841086190
84.3439735622345	0.763815691584852
84.3972041832716	0.764263542083515
84.4504229671356	0.764950126032084
84.5036299063623	0.765649945704201
84.5568249934890	0.766349765376318
84.6100082210549	0.767069688742725
84.6631795816007	0.767876328916736
84.7163390676689	0.768682969090747
84.7694866718035	0.769489609264759
84.8226223865503	0.770123307608954
84.8757462044567	0.770523765977614
84.9288581180718	0.770924224346273
84.9819581199464	0.771324682714933
85.0350462026329	0.770314933070784
85.0881223586854	0.768579285164931
85.1411865806597	0.766843637259078
85.1942388611132	0.765107989353224
85.2472791926051	0.762887056183822
85.3003075676961	0.760606995875242
85.3533239789488	0.758326935566662
85.4063284189272	0.756111139023827
85.4593208801973	0.754369274927213
85.5123013553266	0.752627410830599
85.5652698368841	0.750885546733985
85.6182263174409	0.750033246071359
85.6711707895695	0.750875814368949
85.7241032458441	0.751718382666540
85.7770236788407	0.752560950964131
85.8299320811368	0.753541434356119
85.8828284453118	0.754627771545440
85.9357127639467	0.755714108734762
85.9885850296241	0.756800445924083
86.0414452349285	0.757865733374509
86.0942933724459	0.758925223899237
86.1471294347640	0.759984714423964
86.1999534144723	0.761044204948691
86.2527653041619	0.763109409235537
86.3055650964258	0.765175501357215
86.3583527838584	0.767241593478893
86.4111283590559	0.769003269926175
86.4638918146164	0.769625818989628
86.5166431431393	0.770248368053082
86.5693823372262	0.770870917116536
86.6221093894799	0.771639195646646
86.6748242925053	0.772609261073082
86.7275270389088	0.773579326499518
86.7802176212985	0.774549391925954
86.8328960322843	0.774465428886334
86.8855622644777	0.773747687287764
86.9382163104921	0.773029945689194
86.9908581629424	0.772312204090624
87.0434878144453	0.772429937435040
87.0961052576192	0.772723280945382
87.1487104850842	0.773016624455723
87.2013034894622	0.773305588486066
87.2538842633766	0.773422247857885
87.3064527994527	0.773538907229704
87.3590090903176	0.773655566601523
87.4115531285999	0.773747124525903
87.4640849069299	0.773749631916090
87.5166044179400	0.773752139306276
87.5691116542638	0.773754646696462
87.6216066085369	0.774228234861056
87.6740892733967	0.775375191562715
87.7265596414822	0.776522148264373
87.7790177054341	0.777669104966032
87.8314634578948	0.778559157617555
87.8838968915087	0.779277906667958
87.9363179989215	0.779996655718361
87.9887267727810	0.780715404768764
88.0411232057365	0.782301574068656
88.0935072904391	0.784125504078147
88.1458790195417	0.785949434087638
88.1982383856988	0.787773364097129
88.2505853815669	0.790752454007428
88.3029199998038	0.793771767440415
88.3552422330694	0.796791080873403
88.4075520740252	0.799630295115423
88.4598495153345	0.801402265905315
88.5121345496623	0.803174236695207
88.5644071696752	0.804946207485099
88.6166673680419	0.806290454677295
88.6689151374324	0.806721414516704
88.7211504705188	0.807152374356113
88.7733733599747	0.807583334195522
88.8255837984757	0.807635765899978
88.8777817786989	0.807294286800612
88.9299672933231	0.806952807701246
88.9821403350293	0.806611328601881
89.0343008964998	0.806552489461693
89.0864489704188	0.806640796840768
89.1385845494722	0.806729104219843
89.1907076263477	0.806817411598918
89.2428181937348	0.805966060389108
89.2949162443247	0.804910809343262
89.3470017708103	0.803855558297415
89.3990747658865	0.802800307251568
89.4511352222495	0.802213219387004
89.5031831325977	0.801634601471836
89.5552184896311	0.801055983556668
89.6072412860515	0.800937233292366
89.6592515145622	0.803662056717681
89.7112491678687	0.806386880142996
89.7632342386780	0.809111703568311
89.8152067196988	0.811379491793267
89.8671666036418	0.812542425168059
89.9191138832192	0.813705358542851
89.9710485511452	0.814868291917643
90.0229706001357	0.816095501919552
90.0748800229083	0.817403714486588
90.1267768121825	0.818711927053623
90.1786609606793	0.820020139620658
90.2305324611219	0.821788271535414
90.2823913062348	0.823877800576261
90.3342374887447	0.825967329617109
90.3860710013798	0.828056858657956
90.4378918368702	0.829683797637389
90.4896999879477	0.831140709581667
90.5414954473460	0.832597621525945
90.5932782078003	0.834054533470222
90.6450482620481	0.835552843181583
90.6968056028281	0.837057329239283
90.7485502228811	0.838561815296983
90.8002821149497	0.840052411029910
90.8520012717783	0.839010087016783
90.9037076861127	0.837967763003656
90.9554013507012	0.836925438990529
91.0070822582931	0.835997277696367
91.0587504016400	0.835787938936648
91.1104057734953	0.835578600176929
91.1620483666139	0.835369261417211
91.2136781737526	0.834915517607604
91.2652951876702	0.833783727475776
91.3168994011270	0.832651937343948
91.3684908068853	0.831520147212120
91.4200693977091	0.830829999982960
91.4716351663641	0.830833151555895
91.5231881056181	0.830836303128830
91.5747282082405	0.830839454701766
91.6262554670023	0.830905726916704
91.6777698746768	0.831032747377231
91.7292714240387	0.831159767837757
91.7807601078645	0.831286788298284
91.8322359189328	0.831420021963421
91.8836988500238	0.831556963497433
91.9351488939195	0.831693905031445
91.9865860434038	0.831830846565456
92.0380102912623	0.833211347358304
92.0894216302825	0.835030649918021
92.1408200532536	0.836849952477737
92.1922055529668	0.838669255037454
92.2435781222149	0.839590263476012
92.2949377537928	0.840350621537068
92.3462844404968	0.841110979598124
92.3976181751253	0.841871337659180
92.4489389504786	0.844247286292550
92.5002467593585	0.846701855231289
92.5515415945689	0.849156424170028
92.6028234489154	0.851478573976283
92.6540923152054	0.851528309293031
92.7053481862482	0.851578044609780
92.7565910548549	0.851627779926529
92.8078209138384	0.851775243349078
92.8590377560133	0.852465066095377
92.9102415741963	0.853154888841676
92.9614323612058	0.853844711587974
93.0126101098619	0.854563251390516
93.0637748129867	0.855369610397722
93.1149264634041	0.856175969404927
93.1660650539397	0.856982328412132
93.2171905774211	0.857382514723689
93.2683030266777	0.856980999933088
93.3194023945406	0.856579485142487
93.3704886738429	0.856177970351886
93.4215618574194	0.855506563916439
93.4726219381069	0.854465808678681
93.5236689087439	0.853425053440923
93.5747027621708	0.852384298203164
93.6257234912297	0.851372158364735
93.6767310887648	0.850388156137236
93.7277255476220	0.849404153909738
93.7787068606490	0.848420151682239
93.8296750206954	0.847670216343504
93.8806300206127	0.847088212800961
93.9315718532540	0.846506209258416
93.9825005114745	0.845924205715872
94.0334159881314	0.845695237322895
94.0843182760832	0.845651124856187
94.1352073681907	0.845607012389479
94.1860832573165	0.845562899922772
94.2369459363249	0.846185619988757
94.2877953980822	0.847059489279576
94.3386316354563	0.847933358570395
94.3894546413173	0.848807227861214
94.4402644085370	0.849996301659403
94.4910609299890	0.851267917669443
94.5418441985488	0.852539533679484
94.5926142070938	0.853811149689524
94.6433709485032	0.854377503897672
94.6941144156580	0.854823771952875
94.7448446014413	0.855270040008078
94.7955614987379	0.855716308063282
94.8462651004344	0.855983234484360
94.8969553994194	0.856232957762790
94.9476323885832	0.856482681041219
94.9982960608182	0.856732404319648
95.0489464090185	0.858565012983620
95.0995834260801	0.860452718846049
95.1502071049009	0.862340424708478
95.2008174383806	0.864180715975158
95.2514144194208	0.863133174704554
95.3019980409251	0.862085633433950
95.3525682957988	0.861038092163347
95.4031251769492	0.859986247216838
95.4536686772853	0.858869092440883
95.5041987897182	0.857751937664929
95.5547155071607	0.856634782888974
95.6052188225277	0.855569614328474
95.6557087287356	0.854955478164095
95.7061852187031	0.854341341999715
95.7566482853506	0.853727205835336
95.8070979216002	0.853041034484571
95.8575341203762	0.851914953886964
95.9079568746047	0.850788873289358
95.9583661772135	0.849662792691751
96.0087620211324	0.848520085813748
96.0591443992932	0.847298387526745
96.1095133046295	0.846076689239742
96.1598687300767	0.844854990952739
96.2102106685722	0.843933639899058
96.2605391130554	0.844192593888471
96.3108540564672	0.844451547877885
96.3611554917509	0.844710501867299
96.4114434118513	0.844783838983133
96.4617178097153	0.844227185837116
96.5119786782916	0.843670532691100
96.5622260105309	0.843113879545083
96.6124597993856	0.842943579525732
96.6626800378103	0.843944418539625
96.7128867187613	0.844945257553517
96.7630798351967	0.845946096567410
96.8132593800768	0.846811894972611
96.8634253463636	0.847301728961063
96.9135777270210	0.847791562949515
96.9637165150148	0.848281396937967
97.0138417033129	0.848912829497410
97.0639532848849	0.849915386816063
97.1140512527024	0.850917944134716
97.1641355997388	0.851920501453370
97.2142063189697	0.852671102654167
97.2642634033721	0.852785716918787
97.3143068459255	0.852900331183407
97.3643366396108	0.853014945448026
97.4143527774112	0.853180616531940
97.4643552523117	0.853473134875628
97.5143440572990	0.853765653219315
97.5643191853620	0.854058171563003
97.6142806294914	0.853942728369412
97.6642283826798	0.852808113161912
97.7141624379218	0.851673497954411
97.7640827882139	0.850538882746911
97.8139894265544	0.849555350274930
97.8638823459438	0.848959662920792
97.9137615393841	0.848363975566654
97.9636269998796	0.847768288212517
98.0134787204364	0.846922270555459
98.0633166940625	0.845400816210038
98.1131409137678	0.843879361864618
98.1629513725643	0.842357907519198
98.2127480634657	0.841117070278337
98.2625309794878	0.840691655677047
98.3123001136482	0.840266241075757
98.3620554589666	0.839840826474468
98.4117970084645	0.839330384932055
98.4615247551653	0.838546495547537
98.5112386920945	0.837762606163018
98.5609388122794	0.836978716778500
98.6106251087494	0.836217936311290
98.6602975745355	0.835542099637831
98.7099562026711	0.834866262964371
98.7596009861911	0.834190426290912
98.8092319181327	0.833557318463609
98.8588489915348	0.833111166822660
98.9084521994384	0.832665015181711
98.9580415348863	0.832218863540762
99.0076169909234	0.831844341773891
99.0571785605964	0.831864341520082
99.1067262369540	0.831884341266273
99.1562600130470	0.831904341012464
99.2057798819278	0.831819861891825
99.2552858366512	0.830944835298950
99.3047778702736	0.830069808706075
99.3542559758534	0.829194782113199
99.4037201464512	0.828469849974441
99.4531703751292	0.829590270679474
99.5026066549518	0.830710691384506
99.5520289789854	0.831831112089539
99.6014373402980	0.832952788341297
99.6508317319601	0.834116362790075
99.7002121470436	0.835279937238853
99.7495785786228	0.836443511687631
99.7989310197737	0.837607086136409
99.8482694635744	0.837166241943999
99.8975939031048	0.836689870777451
99.9469043314471	0.836213499610903
99.9962007416850	0.835737128444355
100.045483126904	0.834289891214150
100.094751480194	0.832761567669811
100.144005794642	0.831233244125472
100.193246063341	0.829704920581133
100.242472279386	0.829933049663980
100.291684435871	0.830440450544686
100.340882525894	0.830947851425392
100.390066542556	0.831455252306099
100.439236478957	0.830664399268877
100.488392328202	0.829544915681291
100.537534083395	0.828425432093704
100.586661737646	0.827305948506118
100.635775284062	0.825960872392883
100.684874715756	0.824531699546238
100.733960025842	0.823102526699594
100.783031207434	0.821673353852950
100.832088253651	0.818732699411138
100.881131157611	0.814992862723486
100.930159912437	0.811253026035833
100.979174511251	0.807513189348181
101.028174947180	0.805554349711307
101.077161213350	0.804911743745530
101.126133302891	0.804269137779754
101.175091208934	0.803626531813977
101.224034924613	0.803891097811515
101.272964443063	0.805095683034316
101.321879757422	0.806300268257116
101.370780860828	0.807504853479916
101.419667746424	0.808704688231407
101.468540407352	0.809897466530663
101.517398836758	0.811090244829918
101.566243027789	0.812283023129174
101.615072973594	0.813022801180275
101.663888667326	0.812748201150019
101.712690102137	0.812473601119764
101.761477271182	0.812199001089508
101.810250167619	0.812065686162528
101.859008784607	0.812463279192449
101.907753115308	0.812860872222370
101.956483152884	0.813258465252290
102.005198890502	0.813566756803839
102.053900321328	0.813127667349404
102.102587438532	0.812688577894969
102.151260235286	0.812249488440533
102.199918704762	0.811810398986098
102.248562840136	0.811870515822589
102.297192634585	0.811931468230139
102.345808081290	0.811992420637688
102.394409173430	0.812053373045237
102.442995904190	0.811890991469697
102.491568266756	0.811699573655386
102.540126254313	0.811508155841075
102.588669860053	0.811316738026763
102.637199077167	0.811793218142831
102.685713898847	0.812473097633792
102.734214318290	0.813152977124752
102.782700328693	0.813832856615712
102.831171923256	0.814339621338226
102.879629095180	0.814750325643427
102.928071837669	0.815161029948628
102.976500143928	0.815571734253829
103.024914007166	0.815277192818189
103.073313420591	0.814317535040943
103.121698377416	0.813357877263698
103.170068870855	0.812398219486452
103.218424894122	0.811632833977919
103.266766440437	0.811182995674366
103.315093503018	0.810733157370813
103.363406075088	0.810283319067260
103.411704149870	0.809747926814356
103.459987720591	0.808945083178547
103.508256780478	0.808142239542739
103.556511322761	0.807339395906931
103.604751340673	0.806440223676149
103.652976827447	0.804659495337827
103.701187776320	0.802878766999505
103.749384180530	0.801098038661183
103.797566033317	0.799317310322861
103.845733327923	0.798270896526804
103.893886057592	0.797263557978043
103.942024215571	0.796256219429282
103.990147795108	0.795248880880521
104.038256789454	0.795192358587378
104.086351191860	0.795380661345432
104.134430995583	0.795568964103486
104.182496193877	0.795757266861541
104.230546780001	0.795567656265385
104.278582747217	0.795161527720413
104.326604088787	0.794755399175441
104.374610797976	0.794349270630470
104.422602868050	0.794003277814988
104.470580292278	0.793724823650211
104.518543063931	0.793446369485434
104.566491176283	0.793167915320657
104.614424622608	0.793175466504171
104.662343396183	0.793847314928866
104.710247490287	0.794519163353561
104.758136898202	0.795191011778256
104.806011613211	0.795897928448815
104.853871628599	0.796849013209556
104.901716937654	0.797800097970296
104.949547533664	0.798751182731036
104.997363409922	0.799702267491776
105.045164559720	0.799739357549723
105.092950976356	0.799723098792065
105.140722653125	0.799706840034407
105.188479583329	0.799690581276749
105.236221760269	0.800022582106098
105.283949177248	0.800465330833334
105.331661827573	0.800908079560570
105.379359704552	0.801350828287805
105.427042801495	0.801207269327109
105.474711111713	0.800616282425639
105.522364628523	0.800025295524169
105.570003345238	0.799434308622699
105.617627255179	0.798690527944793
105.665236351666	0.797686775088535
105.712830628020	0.796683022232277
105.760410077567	0.795679269376019
105.807974693634	0.794653681994193
105.855524469549	0.793519714967577
105.903059398643	0.792385747940960
105.950579474249	0.791251780914344
105.998084689703	0.790117813887728
106.045575038341	0.789966408502361
106.093050513502	0.789856289624755
106.140511108528	0.789746170747148
106.187956816762	0.789636051869541
106.235387631550	0.789705714551513
106.282803546239	0.789836551340761
106.330204554180	0.789967388130009
106.377590648722	0.790098224919257
106.424961823222	0.789838987610927
106.472318071033	0.789229617962107
106.519659385515	0.788620248313287
106.566985760028	0.788010878664466
106.614297187934	0.787309258085392
106.661593662596	0.786394650611235
106.708875177382	0.785480043137079
106.756141725660	0.784565435662923
106.803393300801	0.783620379695442
106.850629896177	0.782281838671700
106.897851505163	0.780943297647958
106.945058121137	0.779604756624215
106.992249737476	0.778266215600473
107.039426347562	0.778486743973476
107.086587944779	0.779013699600925
107.133734522512	0.779540655228374
107.180866074148	0.780067610855823
107.227982593076	0.780004736443428
107.275084072689	0.779538612486466
107.322170506380	0.779072488529505
107.369241887544	0.778606364572544
107.416298209581	0.778446979802384
107.463339465890	0.778866384070041
107.510365649873	0.779285788337697
107.557376754934	0.779705192605353
107.604372774481	0.780121824654422
107.651353701921	0.780511439044947
107.698319530665	0.780901053435472
107.745270254127	0.781290667825996
107.792205865720	0.781680282216521
107.839126358862	0.781116612479586
107.886031726972	0.780363074658689
107.932921963471	0.779609536837791
107.979797061784	0.778855999016894
108.026657015334	0.778399989831142
108.073501817550	0.778169436855945
108.120331461862	0.777938883880747
108.167145941701	0.777708330905549
108.213945250502	0.777832381872430
108.260729381701	0.778791720210961
108.307498328735	0.779751058549492
108.354252085046	0.780710396888022
108.400990644075	0.781648219412685
108.447713999268	0.781592590842509
108.494422144071	0.781536962272333
108.541115071934	0.781481333702157
108.587792776307	0.781425705131981
108.634455250643	0.781308675354554
108.681102488398	0.781169895120262
108.727734483029	0.781031114885969
108.774351227996	0.780892334651677
108.820952716761	0.780638514527315
108.867538942787	0.780243893867600
108.914109899541	0.779849273207884
108.960665580490	0.779454652548169
109.007205979106	0.778645952798350
109.053731088859	0.775577333024499
109.100240903226	0.772508713250647
109.146735415683	0.769440093476795
109.193214619708	0.766371473702943
109.239678508784	0.765086104361705
109.286127076392	0.764105637554396
109.332560316018	0.763125170747087
109.378978221150	0.762144703939779
109.425380785277	0.761356042470775
109.471768001891	0.760726218857496
109.518139864487	0.760096395244218
109.564496366559	0.759466571630939
109.610837501607	0.758596432950108
109.657163263131	0.756939151519023
109.703473644633	0.755281870087938
109.749768639619	0.753624588656853
109.796048241594	0.751967307225768
109.842312444068	0.751245515551659
109.888561240552	0.750611079362328
109.934794624560	0.749976643172996
109.981012589607	0.749342206983665
110.027215129210	0.749363465307234
110.073402236890	0.749842111525386
110.119573906169	0.750320757743539
110.165730130570	0.750799403961691
110.211870903621	0.751069742397198
110.257996218849	0.750738820766270
110.304106069785	0.750407899135342
110.350200449962	0.750076977504415
110.396279352916	0.749746055873487
110.442342772182	0.749508604002765
110.488390701301	0.749279363941215
110.534423133815	0.749050123879665
110.580440063266	0.748820883818115
110.626441483200	0.748375121558809
110.672427387167	0.747769215031574
110.718397768716	0.747163308504339
110.764352621398	0.746557401977103
110.810291938770	0.746099168269813
110.856215714388	0.746152331697908
110.902123941810	0.746205495126003
110.948016614598	0.746258658554097
110.993893726315	0.746311821982192
111.039755270526	0.746768434885415
111.085601240800	0.747287005933475
111.131431630706	0.747805576981536
111.177246433816	0.748324148029596
111.223045643704	0.748384621956084
111.268829253947	0.747992881533458
111.314597258123	0.747601141110833
111.360349649813	0.747209400688208
111.406086422601	0.746853645711871
111.451807570070	0.746732280726431
111.497513085810	0.746610915740990
111.543202963408	0.746489550755550
111.588877196457	0.746368185770110
111.634535778551	0.745871781917075
111.680178703287	0.745254611184719
111.725805964261	0.744637440452363
111.771417555075	0.744020269720008
111.817013469332	0.743120469716951
111.862593700636	0.741745936540190
111.908158242595	0.740371403363428
111.953707088817	0.738996870186667
111.999240232915	0.737622337009906
112.044757668503	0.736648823907303
112.090259389195	0.735682117096073
112.135745388610	0.734715410284842
112.181215660369	0.733748703473611
112.226670198095	0.732617095401773
112.272108995411	0.731369364170563
112.317532045944	0.730121632939354
112.362939343325	0.728873901708145
112.408330881184	0.727663517460738
112.453706653155	0.726619245968022
112.499066652874	0.725574974475305
112.544410873979	0.724530702982589
112.589739310109	0.723486431489873
112.635051954908	0.722860760643788
112.680348802020	0.722357604827042
112.725629845092	0.721854449010296
112.770895077773	0.721351293193550
112.816144493714	0.720300089439347
112.861378086569	0.718261048317012
112.906595849993	0.716222007194678
112.951797777645	0.714182966072344
112.996983863185	0.712143924950010
113.042154100275	0.710931454040147
113.087308482580	0.709778114437962
113.132447003766	0.708624774835776
113.177569657503	0.707471435233591
113.222676437461	0.706246279891190
113.267767337316	0.704950100672800
113.312842350741	0.703653921454410
113.357901471416	0.702357742236019
113.402944693020	0.701115731585145
113.447972009236	0.700648005153847
113.492983413749	0.700180278722550
113.537978900245	0.699712552291252
113.582958462413	0.699244825859954
113.627922093946	0.698862675727314
113.672869788536	0.698532745717209
113.717801539879	0.698202815707105
113.762717341674	0.697872885697001
113.807617187620	0.697461289731813
113.852501071421	0.696650046146090
113.897368986781	0.695838802560368
113.942220927408	0.695027558974646
113.987056887009	0.694216315388924
114.031876859298	0.693707828871019
114.076680837987	0.693322250428330
114.121468816792	0.692936671985640
114.166240789433	0.692551093542950
114.210996749629	0.692324316662431
114.255736691103	0.692584962812447
114.300460607580	0.692845608962463
114.345168492788	0.693106255112478
114.389860340455	0.693366901262494
114.434536144314	0.692128391930826
114.479195898098	0.690449815313327
114.523839595544	0.688771238695829
114.568467230391	0.687092662078331
114.613078796378	0.685470694100923
114.657674287249	0.683985184143314
114.702253696749	0.682499674185705
114.746817018625	0.681014164228096
114.791364246628	0.679528654270487
114.835895374510	0.679147838901287
114.880410396024	0.679032744447213
114.924909304927	0.678917649993139
114.969392094978	0.678802555539064
115.013858759938	0.678373630258649
115.058309293570	0.677251715807120
115.102743689641	0.676129801355591
115.147161941917	0.675007886904061
115.191564044168	0.673885972452532
115.235949990168	0.672188278159514
115.280319773691	0.670355496918486
115.324673388513	0.668522715677459
115.369010828414	0.666689934436431
115.413332087175	0.664955365479496
115.457637158581	0.663449039995558
115.501926036416	0.661942714511620
115.546198714469	0.660436389027682
115.590455186531	0.658930063543743
115.634695446395	0.657594286412731
115.678919487855	0.656305419076728
115.723127304708	0.655016551740724
115.767318890756	0.653727684404720
115.811494239798	0.652252253659767
115.855653345640	0.650246470974416
115.899796202088	0.648240688289065
115.943922802951	0.646234905603714
115.988033142040	0.644229122918364
116.032127213167	0.642691689263540
116.076205010149	0.641328676062391
116.120266526803	0.639965662861242
116.164311756950	0.638602649660093
116.208340694412	0.637082292423629
116.252353333013	0.634888813848346
116.296349666581	0.632695335273063
116.340329688945	0.630501856697780
116.384293393936	0.628308378122498
116.428240775388	0.625958972052272
116.472171827138	0.623522860086520
116.516086543024	0.621086748120768
116.559984916886	0.618650636155016
116.603866942568	0.616307374531244
116.647732613915	0.614924750634315
116.691581924774	0.613542126737386
116.735414868995	0.612159502840457
116.779231440431	0.610776878943528
116.823031632936	0.609860614274304
116.866815440367	0.609364806645807
116.910582856583	0.608868999017311
116.954333875445	0.608373191388815
116.998068490817	0.607877383760318
117.041786696565	0.607231030701869
117.085488486557	0.606577720201908
117.129173854664	0.605924409701947
117.172842794759	0.605271099201987
117.216495300716	0.604675647307720
117.260131366414	0.604175433712430
117.303750985732	0.603675220117140
117.347354152553	0.603175006521851
117.390940860760	0.602674792926561
117.434511104240	0.601199942096353
117.478064876883	0.599469297842192
117.521602172580	0.597738653588031
117.565122985224	0.596008009333870
117.608627308711	0.594317229305216
117.652115136940	0.592787575064911
117.695586463812	0.591257920824605
117.739041283229	0.589728266584300
117.782479589096	0.588198612343995
117.825901375321	0.586993323397539
117.869306635814	0.586007402478945
117.912695364486	0.585021481560351
117.956067555254	0.584035560641758
117.999423202032	0.583049639723164
118.042762298741	0.581107354560510
118.086084839302	0.579152171754372
118.129390817639	0.577196988948234
118.172680227677	0.575241806142095
118.215953063345	0.573428146791182
118.259209318575	0.571856801708330
118.302448987298	0.570285456625478
118.345672063451	0.568714111542626
118.388878540970	0.567142766459775
118.432068413797	0.566085585220017
118.475241675874	0.565206684296141
118.518398321144	0.564327783372264
118.561538343556	0.563448882448388
118.604661737059	0.562547690752880
118.647768495604	0.561462624262640
118.690858613145	0.560377557772399
118.733932083640	0.559292491282159
118.776988901045	0.558207424791918
118.820029059324	0.556627211885179
118.863052552438	0.554478241465080
118.906059374354	0.552329271044982
118.949049519039	0.550180300624884
118.992022980465	0.548031330204786
119.034979752603	0.545942713230130
119.077919829429	0.543867857011770
119.120843204921	0.541793000793410
119.163749873058	0.539718144575050
119.206639827821	0.537555130149630
119.249513063197	0.534910908185246
119.292369573171	0.532266686220863
119.335209351732	0.529622464256479
119.378032392873	0.526978242292095
119.420838690586	0.524698416042875
119.463628238869	0.522802651515708
119.506401031719	0.520906886988541
119.549157063137	0.519011122461374
119.591896327127	0.517115357934207
119.634618817695	0.515178020103878
119.677324528847	0.513230952573439
119.720013454596	0.511283885043001
119.762685588952	0.509336817512562
119.805340925931	0.507307285987639
119.847979459551	0.504701730778147
119.890601183831	0.502096175568655
119.933206092794	0.499490620359163
119.975794180463	0.496885065149671
120.018365440866	0.494286200028668
120.060919868031	0.491696150778128
120.103457455990	0.489106101527588
120.145978198778	0.486516052277048
120.188482090429	0.483926003026507
120.230969124984	0.481484093584254
120.273439296482	0.479097268873995
120.315892598967	0.476710444163737
120.358329026486	0.474323619453478
120.400748573085	0.471951318699725
120.443151232815	0.470387378631991
120.485536999729	0.468823438564257
120.527905867883	0.467259498496524
120.570257831334	0.465695558428790
120.612592884141	0.464037428272134
120.654911020367	0.462156882142722
120.697212234077	0.460276336013309
120.739496519337	0.458395789883897
120.781763870217	0.456515243754484
120.824014280789	0.454562783579851
120.866247745128	0.452555723674968
120.908464257308	0.450548663770085
120.950663811410	0.448541603865202
120.992846401515	0.446534543960319
121.035012021706	0.444170469412335
121.077160666069	0.441733464679561
121.119292328693	0.439296459946788
121.161407003668	0.436859455214014
121.203504685089	0.434386131174131
121.245585367049	0.431512944364258
121.287649043648	0.428639757554384
121.329695708986	0.425766570744511
121.371725357165	0.422893383934638
121.413737982290	0.420018092437077
121.455733578469	0.417138470074790
121.497712139812	0.414258847712502
121.539673660432	0.411379225350214
121.581618134442	0.408499602987927
121.623545555959	0.406187646330879
121.665455919104	0.404318773412535
121.707349217999	0.402449900494192
121.749225446766	0.400581027575848
121.791084599534	0.398712154657505
121.832926670430	0.397467427743781
121.874751653587	0.396391663660708
121.916559543138	0.395315899577634
121.958350333220	0.394240135494561
122.000124017970	0.393160306280111
122.041880591531	0.390715513028568
122.083620048045	0.388270719777026
122.125342381659	0.385825926525484
122.167047586520	0.383381133273942
122.208735656779	0.380726920231096
122.250406586589	0.377282900912635
122.292060370106	0.373838881594174
122.333697001487	0.370394862275713
122.375316474893	0.366950842957252
122.416918784486	0.363711157229076
122.458503924431	0.360769521014131
122.500071888897	0.357827884799186
122.541622672051	0.354886248584241
122.583156268068	0.351944612369296
122.624672671121	0.349132084410814
122.666171875388	0.346407678874987
122.707653875048	0.343683273339159
122.749118664283	0.340958867803332
122.790566237278	0.338234462267504
122.831996588219	0.334929229927555
122.873409711295	0.331452783821149
122.914805600698	0.327976337714742
122.956184250622	0.324499891608336
122.997545655264	0.321023445501930
123.038889808821	0.318004672744382
123.080216705496	0.315014778091427
123.121526339492	0.312024883438472
123.162818705016	0.309034988785516
123.204093796275	0.306032097373382
123.245351607481	0.302911189515451
123.286592132847	0.299790281657520
123.327815366588	0.296669373799589
123.369021302924	0.293548465941658
123.410209936074	0.290516286162702
123.451381260262	0.287753266792999
123.492535269714	0.284990247423296
123.533671958656	0.282227228053594
123.574791321320	0.279464208683891
123.615893351938	0.276686592983744
123.656978044746	0.273885830687815
123.698045393981	0.271085068391886
123.739095393883	0.268284306095957
123.780128038695	0.265483543800029
123.821143322662	0.262676686151055
123.862141240031	0.259864100872604
123.903121785051	0.257051515594153
123.944084951976	0.254238930315702
123.985030735059	0.251426345037251
124.025959128559	0.248868348259904
124.066870126734	0.246457128403876
124.107763723847	0.244045908547848
124.148639914161	0.241634688691819
124.189498691945	0.239223468835791
124.230340051466	0.236458499158621
124.271163986998	0.233571115257374
124.311970492814	0.230683731356126
124.352759563190	0.227796347454878
124.393531192407	0.224908963553630
124.434285374745	0.222158640818558
124.475022104489	0.219434172722454
124.515741375925	0.216709704626350
124.556443183341	0.213985236530246
124.597127521030	0.211260768434143
124.637794383285	0.208872836117701
124.678443764402	0.206510476141440
124.719075658679	0.204148116165179
124.759690060420	0.201785756188918
124.800286963925	0.199425453087973
124.840866363503	0.197354023649595
124.881428253461	0.195282594211217
124.921972628110	0.193211164772839
124.962499481764	0.191139735334461
125.003008808738	0.189033704530149
125.043500603351	0.186496507669787
125.083974859924	0.183959310809425
125.124431572780	0.181422113949062
125.164870736245	0.178884917088700
125.205292344647	0.176404641861626
125.245696392316	0.174302117720004
125.286082873586	0.172199593578382
125.326451782792	0.170097069436760
125.366803114272	0.167994545295139
125.407136862367	0.165887725771488
125.447453021420	0.163760930719261
125.487751585776	0.161634135667033
125.528032549783	0.159507340614806
125.568295907792	0.157380545562578
125.608541654155	0.155104793154113
125.648769783227	0.152276275335660
125.688980289367	0.149447757517207
125.729173166934	0.146619239698754
125.769348410292	0.143790721880302
125.809506013805	0.141055334844678
125.849645971842	0.138620177497283
125.889768278772	0.136185020149889
125.929872928968	0.133749862802494
125.969959916805	0.131314705455099
126.010029236661	0.128988182827998
126.050080882916	0.126986977686536
126.090114849952	0.124985772545074
126.130131132154	0.122984567403612
126.170129723910	0.120983362262149
126.210110619610	0.119030412052821
126.250073813646	0.117219992507114
126.290019300413	0.115409572961407
126.329947074309	0.113599153415700
126.369857129733	0.111788733869994
126.409749461088	0.110011024405249
126.449624062779	0.108334424077163
126.489480929214	0.106657823749077
126.529320054801	0.104981223420991
126.569141433953	0.103304623092905
126.608945061086	0.101623884703313
126.648730930616	0.0999288740277669
126.688499036964	0.0982338633522207
126.728249374551	0.0965388526766745
126.767981937803	0.0948438420011282
126.807696721146	0.0930517564296042
126.847393719011	0.0908559331196780
126.887072925830	0.0886601098097517
126.926734336037	0.0864642864998255
126.966377944070	0.0842684631898992
127.006003744368	0.0821614438306860
127.045611731375	0.0805516330873710
127.085201899534	0.0789418223440560
127.124774243293	0.0773320116007409
127.164328757101	0.0757222008574259
127.203865435411	0.0741787027670598
127.243384272678	0.0732470173628329
127.282885263359	0.0723153319586059
127.322368401914	0.0713836465543789
127.361833682805	0.0704519611501520
127.401281100496	0.0695050967302324
127.440710649455	0.0681061170469481
127.480122324152	0.0667071373636637
127.519516119060	0.0653081576803794
127.558892028652	0.0639091779970951
127.598250047406	0.0625101983138108
127.637590169802	0.0612053230756163
127.676912390323	0.0599048277867905
127.716216703453	0.0586043324979646
127.755503103679	0.0573038372091388
127.794771585492	0.0560033419203129
127.834022143384	0.0547710511952546
127.873254771850	0.0535492395830114
127.912469465386	0.0523274279707681
127.951666218494	0.0511056163585249
127.990845025675	0.0498838047462817
128.030005881434	0.0490130052725459
128.069148780279	0.0482492774677826
128.108273716721	0.0474855496630193
128.147380685270	0.0467218218582560
128.186469680443	0.0459580940534928
128.225540696757	0.0454573946055572
128.264593728732	0.0450960041176222
128.303628770891	0.0447346136296871
128.342645817759	0.0443732231417520
128.381644863863	0.0440118326538169
128.420625903733	0.0434345584653462
128.459588931903	0.0426652118649758
128.498533942907	0.0418958652646054
128.537460931284	0.0411265186642350
128.576369891573	0.0403571720638646
128.615260818318	0.0394558975796044
128.654133706063	0.0383503909617364
128.692988549356	0.0372448843438684
128.731825342749	0.0361393777260004
128.770644080793	0.0350338711081324
128.809444758045	0.0339862353031165
128.848227369062	0.0331184305471484
128.886991908405	0.0322506257911804
128.925738370637	0.0313828210352123
128.964466750323	0.0305150162792443
129.003177042032	0.0296908738296403
129.041869240334	0.0293549553812392
129.080543339802	0.0290190369328382
129.119199335013	0.0286831184844371
129.157837220544	0.0283472000360360
129.196456990977	0.0280112815876349
129.235058640894	0.0279365456177912
129.273642164882	0.0278881984824913
129.312207557529	0.0278398513471913
129.350754813426	0.0277915042118913
129.389283927167	0.0277431570765914
129.427794893347	0.0275174869222066
129.466287706566	0.0272234674324529
129.504762361424	0.0269294479426993
129.543218852525	0.0266354284529457
129.581657174476	0.0263414089631920
129.620077321885	0.0258776345156221
129.658479289363	0.0252588068065168
129.696863071525	0.0246399790974115
129.735228662987	0.0240211513883062
129.773576058368	0.0234023236792008
129.811905252290	0.0228124355281209
129.850216239376	0.0222867641107410
129.888509014254	0.0217610926933611
129.926783571552	0.0212354212759811
129.965039905902	0.0207097498586012
130.003278011940	0.0202211084111163
130.041497884300	0.0201273000063317
130.079699517624	0.0200334916015471
130.117882906553	0.0199396831967625
130.156048045732	0.0198458747919779
130.194194929807	0.0197520663871933
130.232323553429	0.0199210075580504
130.270433911250	0.0201371255216416
130.308525997924	0.0203532434852328
130.346599808109	0.0205693614488241
130.384655336465	0.0207854794124153
130.422692577654	0.0209834359842547
130.460711526341	0.0211691148170868
130.498712177195	0.0213547936499190
130.536694524885	0.0215404724827512
130.574658564083	0.0217261513155833
130.612604289466	0.0218494605286587
130.650531695712	0.0218474030527543
130.688440777500	0.0218453455768500
130.726331529514	0.0218432881009457
130.764203946439	0.0218412306250414
130.802058022964	0.0218216354439737
130.839893753778	0.0214970699704821
130.877711133577	0.0211725044969906
130.915510157055	0.0208479390234990
130.953290818911	0.0205233735500075
130.991053113847	0.0201988080765159
131.028797036565	0.0196831204281200
131.066522581772	0.0191080677280373
131.104229744176	0.0185330150279545
131.141918518490	0.0179579623278717
131.179588899426	0.0173829096277889
131.217240881702	0.0176875621068009
131.254874460037	0.0190334262277469
131.292489629152	0.0203792903486929
131.330086383772	0.0217251544696389
131.367664718623	0.0230710185905848
131.405224628435	0.0243932886511552
131.442766107939	0.0255695699280035
131.480289151872	0.0267458512048517
131.517793754968	0.0279221324817000
131.555279911970	0.0290984137585482
131.592747617618	0.0302746950353965
131.630196866657	0.0297717375759660
131.667627653836	0.0288655762922401
131.705039973905	0.0279594150085143
131.742433821615	0.0270532537247884
131.779809191723	0.0261470924410625
131.817166078987	0.0253255118787090
131.854504478166	0.0246033911141215
131.891824384024	0.0238812703495340
131.929125791326	0.0231591495849465
131.966408694841	0.0224370288203590
132.003673089340	0.0218627252829888
132.040918969597	0.0226399113852300
132.078146330386	0.0234170974874711
132.115355166487	0.0241942835897123
132.152545472682	0.0249714696919535
132.189717243753	0.0257486557941947
132.226870474488	0.0269000633754208
132.264005159675	0.0281946421071562
132.301121294107	0.0294892208388916
132.338218872577	0.0307837995706270
132.375297889882	0.0320783783023624
132.412358340822	0.0332231215370007
132.449400220199	0.0340684447190631
132.486423522817	0.0349137679011254
132.523428243484	0.0357590910831878
132.560414377010	0.0366044142652501
132.597381918207	0.0374497374473125
132.634330861890	0.0377049341497306
132.671261202877	0.0379151385992946
132.708172935988	0.0381253430488586
132.745066056046	0.0383355474984227
132.781940557877	0.0385457519479867
132.818796436309	0.0384236928814093
132.855633686173	0.0379824784663899
132.892452302301	0.0375412640513705
132.929252279531	0.0371000496363511
132.966033612700	0.0366588352213317
133.002796296650	0.0362443172746811
133.039540326225	0.0361539990169913
133.076265696270	0.0360636807593016
133.112972401636	0.0359733625016118
133.149660437174	0.0358830442439221
133.186329797737	0.0357927259862323
133.222980478184	0.0365102671813437
133.259612473373	0.0377082514521191
133.296225778168	0.0389062357228944
133.332820387431	0.0401042199936698
133.369396296032	0.0413022042644451
133.405953498839	0.0421734305076231
133.442491990726	0.0413653936384070
133.479011766568	0.0405573567691909
133.515512821243	0.0397493198999748
133.551995149631	0.0389412830307587
133.588458746616	0.0381332461615426
133.624903607083	0.0370029821854694
133.661329725920	0.0357234243784002
133.697737098019	0.0344438665713310
133.734125718274	0.0331643087642618
133.770495581580	0.0318847509571926
133.806846682837	0.0308074613147324
133.843179016945	0.0306015826565038
133.879492578810	0.0303957039982753
133.915787363339	0.0301898253400467
133.952063365440	0.0299839466818181
133.988320580025	0.0297780680235895
134.024559002010	0.0301452353223028
134.060778626312	0.0307848535468839
134.096979447850	0.0314244717714649
134.133161461548	0.0320640899960459
134.169324662331	0.0327037082206270
134.205469045126	0.0333619248761455
134.241594604865	0.0341244316759285
134.277701336479	0.0348869384757115
134.313789234906	0.0356494452754945
134.349858295084	0.0364119520752775
134.385908511953	0.0371744588750605
134.421939880458	0.0377835148084243
134.457952395544	0.0382940384166123
134.493946052162	0.0388045620248002
134.529920845262	0.0393150856329882
134.565876769800	0.0398256092411761
134.601813820731	0.0403243802931330
134.637731993016	0.0406021067059640
134.673631281617	0.0408798331187951
134.709511681498	0.0411575595316261
134.745373187628	0.0414352859444572
134.781215794977	0.0417130123572883
134.817039498517	0.0419905525720721
134.852844293224	0.0422678875773971
134.888630174076	0.0425452225827221
134.924397136055	0.0428225575880471
134.960145174142	0.0430998925933721
134.995874283326	0.0433772275986971
135.031584458594	0.0437557904824604
135.067275694938	0.0441475727874503
135.102947987352	0.0445393550924401
135.138601330832	0.0449311373974300
135.174235720379	0.0453229197024198
135.209851150994	0.0457428228347031
135.245447617682	0.0462362525762238
135.281025115451	0.0467296823177445
135.316583639310	0.0472231120592651
135.352123184272	0.0477165418007858
135.387643745353	0.0482099715423065
135.423145317570	0.0484060277153127
135.458627895945	0.0484433713663188
135.494091475501	0.0484807150173249
135.529536051263	0.0485180586683310
135.564961618261	0.0485554023193371
135.600368171525	0.0485895319032769
135.635755706090	0.0483178578156953
135.671124216993	0.0480461837281137
135.706473699273	0.0477745096405321
135.741804147972	0.0475028355529505
135.777115558134	0.0472311614653689
135.812407924808	0.0469803828439846
135.847681243043	0.0467681322991620
135.882935507891	0.0465558817543395
135.918170714409	0.0463436312095170
135.953386857654	0.0461313806646945
135.988583932687	0.0459191301198720
136.023761934571	0.0458632486683438
136.058920858373	0.0458824722241435
136.094060699162	0.0459016957799431
136.129181452008	0.0459209193357428
136.164283111986	0.0459401428915424
136.199365674172	0.0459593664473421
136.234429133647	0.0465904177743377
136.269473485492	0.0472327386638060
136.304498724793	0.0478750595532743
136.339504846635	0.0485173804427427
136.374491846111	0.0491597013322110
136.409459718313	0.0497691934527239
136.444408458336	0.0502901866742030
136.479338061278	0.0508111798956820
136.514248522241	0.0513321731171611
136.549139836328	0.0518531663386401
136.584011998645	0.0523741595601192
136.618865004302	0.0527133693267070
136.653698848410	0.0528985604050682
136.688513526083	0.0530837514834294
136.723309032438	0.0532689425617905
136.758085362596	0.0534541336401517
136.792842511679	0.0536393247185129
136.827580474811	0.0534902361356504
136.862299247121	0.0532544215475872
136.896998823739	0.0530186069595240
136.931679199798	0.0527827923714608
136.966340370434	0.0525469777833977
137.000982330786	0.0523101664175688
137.035605075995	0.0520392091686313
137.070208601205	0.0517682519196938
137.104792901563	0.0514972946707563
137.139357972217	0.0512263374218188
137.173903808321	0.0509553801728813
137.208430405028	0.0508044842358017
137.242937757497	0.0510251341078457
137.277425860887	0.0512457839798897
137.311894710362	0.0514664338519337
137.346344301086	0.0516870837239777
137.380774628228	0.0519077335960217
137.415185686960	0.0523814142469705
137.449577472454	0.0531753479249877
137.483949979887	0.0539692816030050
137.518303204438	0.0547632152810222
137.552637141289	0.0555571489590394
137.586951785624	0.0563510826370567
137.621247132631	0.0567080849267910
137.655523177500	0.0567968354308777
137.689779915422	0.0568855859349645
137.724017341594	0.0569743364390512
137.758235451213	0.0570630869431380
137.792434239480	0.0571518374472248
137.826613701599	0.0568022430117349
137.860773832776	0.0563280704729873
137.894914628218	0.0558538979342397
137.929036083139	0.0553797253954921
137.963138192753	0.0549055528567446
137.997220952275	0.0544313803179970
138.031284356927	0.0542243041313081
138.065328401930	0.0540409480069511
138.099353082510	0.0538575918825942
138.133358393894	0.0536742357582373
138.167344331313	0.0534908796338804
138.201310890001	0.0533279259612716
138.235258065192	0.0536730833876610
138.269185852127	0.0540182408140504
138.303094246046	0.0543633982404399
138.336983242194	0.0547085556668293
138.370852835818	0.0550537130932188
138.404703022166	0.0554250327903255
138.438533796492	0.0559584486240319
138.472345154050	0.0564918644577383
138.506137090099	0.0570252802914447
138.539909599898	0.0575586961251511
138.573662678712	0.0580921119588574
138.607396321805	0.0584375986534257
138.641110524447	0.0581140856399754
138.674805281908	0.0577905726265251
138.708480589464	0.0574670596130748
138.742136442391	0.0571435465996245
138.775772835969	0.0568200335861742
138.809389765479	0.0566113457596078
138.842987226207	0.0566988410267554
138.876565213441	0.0567863362939031
138.910123722471	0.0568738315610508
138.943662748590	0.0569613268281985
138.977182287095	0.0570488220953462
139.010682333283	0.0573110387385361
139.044162882458	0.0579463564990062
139.077623929922	0.0585816742594764
139.111065470982	0.0592169920199465
139.144487500949	0.0598523097804167
139.177890015134	0.0604876275408868
139.211273008853	0.0611279140598073
139.244636477423	0.0617779430877806
139.277980416166	0.0624279721157540
139.311304820404	0.0630780011437273
139.344609685464	0.0637280301717007
139.377895006674	0.0643780591996740
139.411160779365	0.0649486625963096
139.444406998873	0.0653620016647616
139.477633660535	0.0657753407332136
139.510840759689	0.0661886798016656
139.544028291679	0.0666020188701176
139.577196251849	0.0670153579385696
139.610344635548	0.0674395856569999
139.643473438127	0.0678878092979249
139.676582654939	0.0683360329388500
139.709672281340	0.0687842565797750
139.742742312690	0.0692324802207001
139.775792744349	0.0696807038616251
139.808823571684	0.0701035563517088
139.841834790060	0.0704568241271649
139.874826394847	0.0708100919026210
139.907798381419	0.0711633596780771
139.940750745152	0.0715166274535332
139.973683481422	0.0718698952289893
140.006596585612	0.0721683452284253
140.039490053105	0.0722481695705014
140.072363879287	0.0723279939125775
140.105218059548	0.0724078182546536
140.138052589280	0.0724876425967297
140.170867463878	0.0725674669388058
140.203662678738	0.0727450369696930
140.236438229262	0.0736998346236222
140.269194110853	0.0746546322775513
140.301930318916	0.0756094299314804
140.334646848859	0.0765642275854096
140.367343696095	0.0775190252393387
140.400020856037	0.0784742346607906
140.432678324103	0.0800740131633863
140.465316095711	0.0816737916659819
140.497934166284	0.0832735701685775
140.530532531247	0.0848733486711731
140.563111186028	0.0864731271737687
140.595670126058	0.0880729056763643
140.628209346771	0.0888944900003704
140.660728843602	0.0895966642050066
140.693228611990	0.0902988384096428
140.725708647377	0.0910010126142789
140.758168945208	0.0917031868189151
140.790609500930	0.0924053610235513
140.823030309992	0.0927490689005418
140.855431367849	0.0929466581468335
140.887812669954	0.0931442473931253
140.920174211767	0.0933418366394170
140.952515988749	0.0935394258857087
140.984837996364	0.0937370151320005
141.017140230078	0.0942203518501725
141.049422685360	0.0949563800142516
141.081685357684	0.0956924081783307
141.113928242523	0.0964284363424099
141.146151335356	0.0971644645064890
141.178354631663	0.0979004926705681
141.210538126928	0.0981327617410853
141.242701816636	0.0973306224102472
141.274845696277	0.0965284830794091
141.306969761342	0.0957263437485710
141.339074007325	0.0949242044177329
141.371158429724	0.0941220650868947
141.403223024039	0.0931988737740791
141.435267785773	0.0911927708091089
141.467292710430	0.0891866678441388
141.499297793520	0.0871805648791686
141.531283030553	0.0851744619141985
141.563248417043	0.0831683589492283
141.595193948508	0.0811622559842581
141.627119620466	0.0813845859988940
141.659025428439	0.0820017112969399
141.690911367954	0.0826188365949859
141.722777434537	0.0832359618930318
141.754623623719	0.0838530871910778
141.786449931034	0.0844702124891238
141.818256352018	0.0840848635527907
141.850042882209	0.0829556977669466
141.881809517150	0.0818265319811026
141.913556252385	0.0806973661952585
141.945283083462	0.0795682004094145
141.976990005930	0.0784390346235704
142.008677015342	0.0758876170055678
142.040344107255	0.0695657989400768
142.071991277226	0.0632439808745859
142.103618520818	0.0569221628090950
142.135225833593	0.0506003447436041
142.166813211120	0.0442785266781132
142.198380648967	0.0379567086126223
142.229928142708	0.0319583460727047
142.261455687917	0.0259774798072897
142.292963280173	0.0199966135418747
142.324450915056	0.0140157472764596
142.355918588151	0.00803488101104461
142.387366295043	0.00205401474562959
142.418794031322	-0.000978237315309122
142.450201792580	-0.00202900409776498
142.481589574412	-0.00307977088022083
142.512957372416	-0.00413053766267668
142.544305182191	-0.00518130444513254
142.575632999342	-0.00623207122758839
142.606940819475	-0.00729901568813889
142.638228638198	-0.00842273684999488
142.669496451123	-0.00954645801185088
142.700744253865	-0.0106701791737069
142.731972042041	-0.0117939003355629
142.763179811271	-0.0129176214974189
142.794367557178	-0.0140413426592748
142.825535275388	-0.0146713336259566
142.856682961529	-0.0151924546805853
142.887810611233	-0.0157135757352140
142.918918220133	-0.0162346967898426
142.950005783868	-0.0167558178444713
142.981073298076	-0.0172769388991000
143.012120758400	-0.0170817271140485
143.043148160487	-0.0157683133965525
143.074155499983	-0.0144548996790564
143.105142772540	-0.0131414859615603
143.136109973812	-0.0118280722440642
143.167057099455	-0.0105146585265681
143.197984145129	-0.00920124480907204
143.228891106497	-0.00678545979132097
143.259777979223	-0.00429278171496433
143.290644758976	-0.00180010363860770
143.321491441426	0.000692574437748936
143.352318022246	0.00318525251410557
143.383124497114	0.00567793059046221
143.413910861708	0.00726530027738587
143.444677111711	0.00775478003303591
143.475423242807	0.00824425978868595
143.506149250683	0.00873373954433600
143.536855131032	0.00922321929998604
143.567540879545	0.00971269905563609
143.598206491919	0.0102021788112861
143.628851963853	0.0112678071641593
143.659477291048	0.0123692390640798
143.690082469210	0.0134706709640003
143.720667494046	0.0145721028639208
143.751232361266	0.0156735347638412
143.781777066583	0.0167749666637617
143.812301605714	0.0180903016008089
143.842805974376	0.0197223963920929
143.873290168292	0.0213544911833770
143.903754183185	0.0229865859746610
143.934198014784	0.0246186807659451
143.964621658819	0.0262507755572291
143.995025111021	0.0278828703485131
144.025408367127	0.0294566124205907
144.055771422876	0.0310189329218214
144.086114274009	0.0325812534230520
144.116436916270	0.0341435739242827
144.146739345406	0.0357058944255133
144.177021557168	0.0372682149267440
144.207283547307	0.0385694273563249
144.237525311580	0.0390471566081308
144.267746845745	0.0395248858599366
144.297948145563	0.0400026151117425
144.328129206798	0.0404803443635484
144.358290025218	0.0409580736153542
144.388430596591	0.0414358028671601
144.418550916692	0.0422719822707626
144.448650981294	0.0433316367948265
144.478730786177	0.0443912913188904
144.508790327121	0.0454509458429543
144.538829599911	0.0465106003670182
144.568848600334	0.0475702548910821
144.598847324178	0.0486299094151460
144.628825767237	0.0509390778018463
144.658783925306	0.0532981955452027
144.688721794183	0.0556573132885592
144.718639369669	0.0580164310319156
144.748536647568	0.0603755487752721
144.778413623687	0.0627346665186285
144.808270293835	0.0648124687230214
144.838106653825	0.0661562539322894
144.867922699472	0.0675000391415574
144.897718426595	0.0688438243508255
144.927493831013	0.0701876095600935
144.957248908552	0.0715313947693615
144.986983655037	0.0728751799786296
145.016698066299	0.0718305532972097
145.046392138170	0.0689247615252412
145.076065866484	0.0660189697532727
145.105719247080	0.0631131779813042
145.135352275800	0.0602073862093357
145.164964948486	0.0573015944373672
145.194557260985	0.0543958026653988
145.224129209148	0.0531217281054441
145.253680788826	0.0522155885636590
145.283211995874	0.0513094490218738
145.312722826151	0.0504033094800886
145.342213275518	0.0494971699383035
145.371683339838	0.0485910303965183
145.401133014978	0.0477160691360343
145.430562296807	0.0476200725953635
145.459971181198	0.0475240760546928
145.489359664027	0.0474280795140220
145.518727741171	0.0473320829733512
145.548075408511	0.0472360864326805
145.577402661931	0.0471400898920097
145.606709497318	0.0469256949384110
145.635995910562	0.0463126758160493
145.665261897554	0.0456996566936875
145.694507454190	0.0450866375713258
145.723732576368	0.0444736184489640
145.752937259990	0.0438605993266022
145.782121500958	0.0432475802042405
145.811285295181	0.0416545361791443
145.840428638566	0.0385094493189741
145.869551527028	0.0353643624588040
145.898653956481	0.0322192755986338
145.927735922844	0.0290741887384636
145.956797422037	0.0259291018782935
145.985838449984	0.0227840150181233
146.014859002613	0.0222821837686133
146.043859075853	0.0242986540234365
146.072838665637	0.0263151242782597
146.101797767900	0.0283315945330829
146.130736378581	0.0303480647879061
146.159654493620	0.0323645350427293
146.188552108962	0.0343810052975525
146.217429220553	0.0358786631735591
146.246285824344	0.0370356745838751
146.275121916287	0.0381926859941912
146.303937492338	0.0393496974045072
146.332732548456	0.0405067088148233
146.361507080601	0.0416637202251394
146.390261084737	0.0428207316354554
146.418994556833	0.0434115829043584
146.447707492857	0.0437122543666054
146.476399888783	0.0440129258288524
146.505071740587	0.0443135972910994
146.533723044247	0.0446142687533464
146.562353795744	0.0449149402155934
146.590963991063	0.0452156116778404
146.619553626191	0.0457845995974686
146.648122697119	0.0464775360699330
146.676671199839	0.0471704725423975
146.705199130348	0.0478634090148619
146.733706484643	0.0485563454873264
146.762193258727	0.0492492819597909
146.790659448605	0.0499422184322553
146.819105050283	0.0500940938851024
146.847530059773	0.0499815368249315
146.875934473087	0.0498689797647606
146.904318286241	0.0497564227045897
146.932681495255	0.0496438656444188
146.961024096151	0.0495313085842478
146.989346084953	0.0494187515240769
147.017647457688	0.0467576647847024
147.045928210388	0.0425585657582738
147.074188339087	0.0383594667318453
147.102427839819	0.0341603677054167
147.130646708625	0.0299612686789882
147.158844941547	0.0257621696525596
147.187022534629	0.0215630706261311
147.215179483920	0.0155888332790960
147.243315785471	0.00809751978268243
147.271431435335	0.000606206286268894
147.299526429569	-0.00688510721014464
147.327600764232	-0.0143764207065582
147.355654435387	-0.0218677342029717
147.383687439100	-0.0293590476993852
147.411699771437	-0.0331661615683080
147.439691428472	-0.0318384152545127
147.467662406276	-0.0305106689407173
147.495612700928	-0.0291829226269219
147.523542308508	-0.0278551763131266
147.551451225097	-0.0265274299993312
147.579339446782	-0.0251996836855358
147.607206969651	-0.0232313152982251
147.635053789795	-0.0194271194082026
147.662879903309	-0.0156229235181802
147.690685306291	-0.0118187276281577
147.718469994839	-0.00801453173813527
147.746233965058	-0.00421033584811282
147.773977213053	-0.000406139958090372
147.801699734934	0.00335046825303054
147.829401526811	0.00637877458971837
147.857082584799	0.00940708092640619
147.884742905017	0.0124353872630940
147.912382483584	0.0154636935997818
147.940001316624	0.0184919999364697
147.967599400264	0.0215203062731575
147.995176730632	0.0245486126098453
148.022733303860	0.0247883300330898
148.050269116084	0.0244366192643377
148.077784163442	0.0240849084955856
148.105278442075	0.0237331977268335
148.132751948125	0.0233814869580814
148.160204677741	0.0230297761893293
148.187636627071	0.0226780654205772
148.215047792268	0.0219954972113828
148.242438169488	0.0210411961862237
148.269807754888	0.0200868951610646
148.297156544631	0.0191325941359055
148.324484534880	0.0181782931107465
148.351791721802	0.0172239920855874
148.379078101567	0.0162696910604283
148.406343670350	0.0154840400643681
148.433588424324	0.0152543997957434
148.460812359669	0.0150247595271186
148.488015472567	0.0147951192584939
148.515197759202	0.0145654789898692
148.542359215762	0.0143358387212444
148.569499838437	0.0141061984526197
148.596619623421	0.0138765581839950
148.623718566910	0.0141208957570282
148.650796665103	0.0144327592532053
148.677853914202	0.0147446227493823
148.704890310413	0.0150564862455593
148.731905849943	0.0153683497417364
148.758900529003	0.0156802132379134
148.785874343807	0.0159920767340904
148.812827290573	0.0160963485380541
148.839759365519	0.0159721042669055
148.866670564868	0.0158478599957568
148.893560884846	0.0157236157246082
148.920430321682	0.0155993714534595
148.947278871606	0.0154751271823109
148.974106530853	0.0153508829111622
149.000913295660	0.0152521527288786
149.027699162268	0.0158765272080027
149.054464126920	0.0165009016871268
149.081208185862	0.0171252761662509
149.107931335342	0.0177496506453750
149.134633571613	0.0183740251244991
149.161314890929	0.0189983996036232
149.187975289549	0.0196227740827473
149.214614763732	0.0202488967325132
149.241233309744	0.0208764571800260
149.267830923849	0.0215040176275388
149.294407602319	0.0221315780750516
149.320963341425	0.0227591385225644
149.347498137442	0.0233866989700772
149.374011986650	0.0240142594175900
149.400504885329	0.0246320930661179
149.426976829764	0.0247494398611881
149.453427816242	0.0248667866562584
149.479857841052	0.0249841334513287
149.506266900488	0.0251014802463989
149.532654990847	0.0252188270414692
149.559022108426	0.0253361738365395
149.585368249527	0.0254535206316097
149.611693410456	0.0254594961097138
149.637997587521	0.0253261696689419
149.664280777031	0.0251928432281701
149.690542975301	0.0250595167873982
149.716784178647	0.0249261903466264
149.743004383389	0.0247928639058545
149.769203585849	0.0246595374650827
149.795381782353	0.0245262110243108
149.821538969228	0.0246805816496019
149.847675142807	0.0248966135735305
149.873790299423	0.0251126454974591
149.899884435414	0.0253286774213877
149.925957547120	0.0255447093453163
149.952009630884	0.0257607412692449
149.978040683052	0.0259767731931735
150.004050699973	0.0262483314149534
150.030039677999	0.0268207847296768
150.056007613485	0.0273932380444001
150.081954502788	0.0279656913591235
150.107880342270	0.0285381446738468
150.133785128294	0.0291105979885702
150.159668857228	0.0296830513032935
150.185531525440	0.0302555046180169
150.211373129303	0.0306659543291976
150.237193665193	0.0308703922168972
150.262993129489	0.0310748301045969
150.288771518571	0.0312792679922966
150.314528828825	0.0314837058799963
150.340265056637	0.0316881437676959
150.365980198399	0.0318925816553956
150.391674250503	0.0320970195430953
150.417347209345	0.0322081114312029
150.442999071326	0.0322744203884228
150.468629832846	0.0323407293456427
150.494239490312	0.0324070383028626
150.519828040130	0.0324733472600825
150.545395478714	0.0325396562173025
150.570941802475	0.0326059651745224
150.596467007832	0.0326722741317423
150.621971091205	0.0327328768718743
150.647454049015	0.0327925624140394
150.672915877690	0.0328522479562044
150.698356573658	0.0329119334983695
150.723776133350	0.0329716190405345
150.749174553202	0.0330313045826996
150.774551829651	0.0330909901248647
150.799907959138	0.0331506756670297
150.825242938107	NaN
150.850556763004	NaN
150.875849430279	NaN
150.901120936384	NaN
150.926371277775	NaN
150.951600450911	NaN
150.976808452252	NaN
