NaN	NaN
NaN	NaN
NaN	NaN
NaN	NaN
NaN	NaN
NaN	NaN
NaN	NaN
NaN	NaN
NaN	NaN
NaN	NaN
NaN	NaN
NaN	NaN
NaN	NaN
NaN	NaN
NaN	NaN
NaN	NaN
NaN	NaN
NaN	NaN
NaN	NaN
NaN	NaN
NaN	NaN
NaN	NaN
NaN	NaN
NaN	NaN
NaN	NaN
NaN	NaN
NaN	NaN
NaN	NaN
NaN	NaN
NaN	NaN
NaN	NaN
NaN	NaN
NaN	NaN
NaN	NaN
NaN	NaN
NaN	NaN
NaN	NaN
NaN	NaN
NaN	NaN
NaN	NaN
NaN	NaN
NaN	NaN
NaN	NaN
NaN	NaN
NaN	NaN
NaN	NaN
NaN	NaN
NaN	NaN
NaN	NaN
NaN	NaN
NaN	NaN
NaN	NaN
NaN	NaN
NaN	NaN
NaN	NaN
NaN	NaN
NaN	NaN
NaN	NaN
NaN	NaN
NaN	NaN
NaN	NaN
NaN	NaN
NaN	NaN
NaN	NaN
NaN	NaN
NaN	NaN
NaN	NaN
NaN	NaN
NaN	NaN
NaN	NaN
NaN	NaN
NaN	NaN
NaN	NaN
NaN	NaN
NaN	NaN
NaN	NaN
NaN	NaN
NaN	NaN
NaN	NaN
NaN	NaN
NaN	NaN
NaN	NaN
NaN	NaN
NaN	NaN
NaN	NaN
NaN	NaN
NaN	NaN
NaN	NaN
NaN	NaN
NaN	NaN
NaN	NaN
NaN	NaN
NaN	NaN
NaN	NaN
NaN	NaN
NaN	NaN
NaN	NaN
NaN	NaN
NaN	NaN
NaN	NaN
90.0206636803600	NaN
90.1016645898056	NaN
90.1826528619960	NaN
90.2636284855723	4.11901601553097e-07
90.3445914491770	4.36941262151628e-07
90.4255417414548	4.28176398458636e-07
90.5064793510518	3.46083961163611e-07
90.5874042666162	2.63991523868586e-07
90.6683164767978	2.08027705763920e-07
90.7492159702482	1.56880935829598e-07
90.8301027356208	1.19663597364407e-07
90.9109767615707	1.05943706701094e-07
90.9918380367550	9.22238160377802e-08
91.0726865498324	1.66738337886177e-07
91.1535222894635	2.51159909084003e-07
91.2343452443106	3.99543779471981e-07
91.3151554030378	6.34477851028166e-07
91.3959527543111	8.69411922584351e-07
91.4767372867982	1.07906597565217e-06
91.5575089891687	1.28738682087449e-06
91.6382678500937	1.42104149186332e-06
91.7190138582466	1.47179652726464e-06
91.7997470023021	1.52255156266596e-06
91.8804672709370	1.54378145476244e-06
91.9611746528299	1.56491852333932e-06
92.0418691366612	1.64410297543619e-06
92.1225507111129	1.77711062326837e-06
92.2032193648690	1.91905943081109e-06
92.2838750866153	2.27609241615035e-06
92.3645178650395	2.63312540148961e-06
92.4451476888308	2.93875094514373e-06
92.5257645466805	3.20397795076519e-06
92.6063684272817	3.43216050357042e-06
92.6869593193293	3.22855744024060e-06
92.7675372115198	3.02495437691079e-06
92.8481020925519	2.79060785893710e-06
92.9286539511258	2.53551509711160e-06
93.0091927759437	2.31300027857645e-06
93.0897185557096	2.34330589589336e-06
93.1702312791293	2.37361151321028e-06
93.2507309349105	2.50685336670304e-06
93.3312175117626	2.70049295460500e-06
93.4116909983969	2.89465799369917e-06
93.4921513835266	3.09191421088420e-06
93.5725986558667	3.28917042806922e-06
93.6530328041341	3.50206817007790e-06
93.7334538170473	3.72304702733797e-06
93.8138616833269	3.95861995761832e-06
93.8942563916952	4.26424942496664e-06
93.9746379308765	4.56987889231495e-06
94.0550062895967	4.91945536900018e-06
94.1353614565839	5.28929309630000e-06
94.2157034205676	5.64034816108163e-06
94.2960321702796	5.91409622080423e-06
94.3763476944533	6.18784428052683e-06
94.4566499818239	6.53759428641834e-06
94.5369390211287	6.91907375383843e-06
94.6172148011066	7.37676305509796e-06
94.6974773104986	8.11360008023934e-06
94.7777265380473	8.85043710538072e-06
94.8579624724975	9.74729027187317e-06
94.9381851025954	1.07056284046247e-05
95.0183944170896	1.16350149317608e-05
95.0985904047302	1.24671168510308e-05
95.1787730542691	1.32992187703009e-05
95.2589423544605	1.38300563707748e-05
95.3390982940602	1.42524083997643e-05
95.4192408618256	1.46362608086954e-05
95.4993700465166	1.48982631966496e-05
95.5794858368945	1.51602655846038e-05
95.6595882217226	1.59278913670144e-05
95.7396771897661	1.68695714090588e-05
95.8197527297921	1.78996669847422e-05
95.8998148305695	1.91997521824816e-05
95.9798634808693	2.04998373802211e-05
96.0598986694642	2.19085886417334e-05
96.1399203851287	2.33538678371589e-05
96.2199286166393	2.49097063495512e-05
96.2999233527746	2.67988248277927e-05
96.3799045823148	2.86879433060341e-05
96.4598722940420	3.04220054963459e-05
96.5398264767404	3.21040292440927e-05
96.6197671191960	3.39825472875754e-05
96.6996942101966	3.64591679460803e-05
96.7796077385320	3.89357886045852e-05
96.8595076929939	4.10699459307237e-05
96.9393940623759	4.30867568129191e-05
97.0192668354735	4.52552040356061e-05
97.0991260010841	4.79005998687331e-05
97.1789715480071	5.05459957018601e-05
97.2588034650435	5.34167152095554e-05
97.3386217409966	5.63680049406446e-05
97.4184263646715	5.93261562005019e-05
97.4982173248749	6.23071612945742e-05
97.5779946104160	6.52881663886465e-05
97.6577582101054	6.91535704992677e-05
97.7375081127559	7.33558945056328e-05
97.8172443071820	7.76384231892338e-05
97.8969667822004	8.22115819350371e-05
97.9766755266296	8.67847406808404e-05
98.0563705292899	9.13607392519836e-05
98.1360517790037	9.59379127586442e-05
98.2157192645953	0.000101240201429153
98.2953729748908	0.000109492107972644
98.3750128987184	0.000117744014516135
98.4546390249081	0.000125863172224246
98.5342513422919	0.000133921627481755
98.6138498397039	0.000142288157020703
98.6934345059797	0.000152117067008443
98.7730053299573	0.000161945976996184
98.8525623004765	0.000171505799837670
98.9321054063788	0.000180927438224568
99.0116346365080	0.000190946351389183
99.0911499797095	0.000204450397882503
99.1706514248311	0.000217954444375822
99.2501389607221	0.000232911186772267
99.3296125762340	0.000248718183283450
99.4090722602202	0.000264931146304072
99.4885180015360	0.000284293540665357
99.5679497890387	0.000303655935026641
99.6473676115875	0.000345507060172413
99.7267714580438	0.000402573334254078
99.8061613172706	0.000457194004266758
99.8855371781330	0.000482750659021269
99.9648990294983	0.000508307313775779
100.044246860235	0.000503106787420459
100.123580659215	0.000473508768648274
100.202900415311	0.000446104157673044
100.282206117398	0.000476486067655048
100.361497754352	0.000506867977637051
100.440775315053	0.000532854301896843
100.520038788382	0.000554690444484687
100.599288163221	0.000576526587072532
100.678523428456	0.000606989682572587
100.757744572972	0.000637530977481853
100.836951585660	0.000674787682673768
100.916144455409	0.000719723014575787
100.995323171112	0.000764658346477805
101.074487721665	0.000814390724282001
101.153638095963	0.000864424266386587
101.232774282907	0.000913102488028959
101.311896271395	0.000959863669074758
101.391004050332	0.00100662485012056
101.470097608621	0.00106122227816734
101.549176935170	0.00111682527859871
101.628242018887	0.00117488911628424
101.707292848683	0.00123738097105527
101.786329413470	0.00129987282582630
101.865351702164	0.00137182760857003
101.944359703680	0.00144576171617296
102.023353406938	0.00151988335952891
102.102332800858	0.00159445177290172
102.181297874363	0.00166902018627453
102.260248616378	0.00175510978701121
102.339185015829	0.00184477542645005
102.418107061646	0.00193484766789572
102.497014742758	0.00202628541369242
102.575908048099	0.00211772315948913
102.654786966603	0.00219700486432831
102.733651487208	0.00227094157342161
102.812501598852	0.00234452666429049
102.891337290475	0.00241624581362880
102.970158551022	0.00248796496296710
103.048965369436	0.00258299117774297
103.127757734664	0.00269222035510583
103.206535635656	0.00280022765074634
103.285299061363	0.00289472997896234
103.364048000736	0.00298923230717834
103.442782442733	0.00305709758418366
103.521502376308	0.00310258059728158
103.600207790423	0.00314812767406817
103.678898674037	0.00321787427110458
103.757575016114	0.00328762086814099
103.836236805620	0.00337095668732945
103.914884031520	0.00347020090920117
103.993516682785	0.00356944513107289
104.072134748387	0.00365956515323621
104.150738217298	0.00374886518643677
104.229327078493	0.00383293924940767
104.307901320951	0.00390823586542514
104.386460933651	0.00398353248144260
104.465005905574	0.00405869023272961
104.543536225704	0.00413381906470573
104.622051883027	0.00421187549933269
104.700552866530	0.00429742735609147
104.779039165204	0.00438297921285025
104.857510768039	0.00444976197150272
104.935967664031	0.00450970462793080
105.014409842175	0.00456982794383624
105.092837291469	0.00463075397307965
105.171250000914	0.00469168000232306
105.249647959510	0.00475516761068037
105.328031156264	0.00482013843272720
105.406399580180	0.00488362206178362
105.484753220268	0.00493038245810655
105.563092065537	0.00497714285442948
105.641416105001	0.00501726689283640
105.719725327675	0.00505147749983694
105.798019722573	0.00508568810683747
105.876299278717	0.00513451598995215
105.954563985125	0.00518372321778246
106.032813830822	0.00522916862544197
106.111048804833	0.00526940568097676
106.189268896184	0.00530964273651155
106.267474093904	0.00533209374149382
106.345664387026	0.00535171631078095
106.423839764581	0.00536709512468882
106.502000215607	0.00537280248852612
106.580145729140	0.00537850985236341
106.658276294220	0.00541173009869030
106.736391899888	0.00545432288053781
106.814492535190	0.00549926464940909
106.892578189170	0.00555451520075441
106.970648850876	0.00560976575209974
107.048704509360	0.00564144051151616
107.126745153672	0.00565890897690824
107.204770772868	0.00567786499284325
107.282781356004	0.00571966012248524
107.360776892139	0.00576145525212723
107.438757370332	0.00579786972768510
107.516722779648	0.00582883941650100
107.594673109150	0.00585980910531689
107.672608347907	0.00589555203708273
107.750528484986	0.00593164512370612
107.828433509460	0.00596895526816809
107.906323410402	0.00600838277033799
107.984198176887	0.00604781027250789
108.062057797993	0.00609402869098214
108.139902262800	0.00614197611758952
108.217731560389	0.00617956767577191
108.295545679845	0.00618206337824278
108.373344610254	0.00618455908071366
108.451128340703	0.00620872120607832
108.528896860284	0.00624417787198391
108.606650158089	0.00628363980540878
108.684388223213	0.00636592172062424
108.762111044752	0.00644820363583970
108.839818611805	0.00649055717270173
108.917510913474	0.00649492102122655
108.995187938862	0.00649928486975136
109.072849677073	0.00652676675038658
109.150496117216	0.00655577554070319
109.228127248400	0.00660057379408799
109.305743059738	0.00667315874753950
109.383343540342	0.00674574370099100
109.460928679329	0.00681716105053008
109.538498465818	0.00688825923611020
109.616052888929	0.00696639692645087
109.693591937783	0.00707150157677330
109.771115601507	0.00717660622709574
109.848623869227	0.00727123183839162
109.926116730072	0.00735963312139247
110.003594173172	0.00744557314242164
110.081056187663	0.00748092322521610
110.158502762678	0.00751627330801055
110.235933887356	0.00758601608007821
110.313349550837	0.00769547235317980
110.390749742262	0.00780492862628139
110.468134450776	0.00783529635957786
110.545503665526	0.00785492771411467
110.622857375659	0.00787563678200176
110.700195570326	0.00789891506658447
110.777518238681	0.00792219335116719
110.854825369878	0.00800581232890938
110.932116953075	0.00811417221154688
111.009392977431	0.00821757906521326
111.086653432107	0.00828519392699293
111.163898306268	0.00835280878877260
111.241127589080	0.00839592202994504
111.318341269710	0.00841752996295460
111.395539337329	0.00843913789596417
111.472721781109	0.00853159740922805
111.549888590226	0.00862840244916135
111.627039753856	0.00871077298919760
111.704175261179	0.00876639548333615
111.781295101375	0.00882201797747470
111.858399263628	0.00887351310567885
111.935487737124	0.00892368639846098
112.012560511051	0.00898539730200956
112.089617574599	0.00910636079753479
112.166658916960	0.00922732429306002
112.243684527329	0.00935338499259333
112.320694394902	0.00948333560712673
112.397688508879	0.00961328622166013
112.474666858460	0.00969718383481565
112.551629432849	0.00977965590268011
112.628576221252	0.00985605619512675
112.705507212876	0.00992217992423434
112.782422396931	0.00998830365334193
112.859321762630	0.0100967232669163
112.936205299187	0.0102176742794171
113.013072995818	0.0103425616390502
113.089924841743	0.0104866559648354
113.166760826183	0.0106307502906206
113.243580938361	0.0107854432942885
113.320385167502	0.0109482190798242
113.397173502834	0.0111109948653600
113.473945933588	0.0112655943046520
113.550702448995	0.0114198812428879
113.627443038290	0.0115440977036162
113.704167690710	0.0116143023364748
113.780876395494	0.0116845069693335
113.857569141882	0.0117622031542186
113.934245919119	0.0118423876646884
114.010906716450	0.0119337198184107
114.087551523122	0.0120922516779497
114.164180328387	0.0122507835374886
114.240793121496	0.0124280239046457
114.317389891704	0.0126216901579190
114.393970628268	0.0128153564111923
114.470535320446	0.0129341977014005
114.547083957502	0.0130466435952540
114.623616528697	0.0131561333517786
114.700133023298	0.0132590001737188
114.776633430573	0.0133618669956590
114.853117739793	0.0134715365480152
114.929585940229	0.0135841983169498
115.006038021158	0.0136998861349465
115.082473971856	0.0138508594271761
115.158893781603	0.0140018327194057
115.235297439680	0.0141361274362737
115.311684935371	0.0142510008759451
115.388056257962	0.0143658743156165
115.464411396743	0.0145713582023628
115.540750341003	0.0147936421475958
115.617073080037	0.0150142731617471
115.693379603138	0.0152291685201079
115.769669899605	0.0154440638784686
115.845943958738	0.0156696622244862
115.922201769839	0.0159023254419494
115.998443322212	0.0161349886594127
116.074668605163	0.0164120379532609
116.150877608003	0.0166900125093848
116.227070320041	0.0169314703073980
116.303246730592	0.0171066710110592
116.379406828972	0.0172818717147203
116.455550604499	0.0175351777108990
116.531678046492	0.0178174350577929
116.607789144275	0.0180969493579160
116.683883887173	0.0183524057863248
116.759962264513	0.0186078622147337
116.836024265625	0.0188708460691428
116.912069879840	0.0191421950875766
116.988099096493	0.0194135441060104
117.064111904920	0.0196960659187650
117.140108294460	0.0199806614846063
117.216088254454	0.0202928073211624
117.292051774246	0.0207075034594344
117.367998843181	0.0211221995977064
117.443929450606	0.0215420718383060
117.519843585874	0.0219657142928369
117.595741238335	0.0223893567473678
117.671622397346	0.0227647883961203
117.747487052263	0.0231373536642485
117.823335192445	0.0235337261123271
117.899166807256	0.0239836678422393
117.974981886058	0.0244336095721515
118.050780418219	0.0248680011387256
118.126562393107	0.0252947323963918
118.202327800093	0.0257239884474279
118.278076628551	0.0262328887738234
118.353808867858	0.0267417891002190
118.429524507390	0.0272999358588379
118.505223536528	0.0279351203117324
118.580905944655	0.0285703047646269
118.656571721157	0.0291647321009708
118.732220855420	0.0297454046105101
118.807853336835	0.0303213744429748
118.883469154794	0.0308567617216595
118.959068298690	0.0313921490003441
119.034650757922	0.0319945862174901
119.110216521888	0.0326762184704878
119.185765579989	0.0333578507234856
119.261297921629	0.0339934830878332
119.336813536215	0.0346184346699574
119.412312413155	0.0352569602266864
119.487794541860	0.0359651389016984
119.563259911743	0.0366733175767104
119.638708512220	0.0374342313967111
119.714140332708	0.0382451931100110
119.789555362628	0.0390561548233108
119.864953591403	0.0399041119618305
119.940335008457	0.0407580173718626
120.015699603218	0.0416169644252609
120.091047365116	0.0424950696813343
120.166378283582	0.0433731749374077
120.241692348051	0.0443006002766155
120.316989547960	0.0452677941155125
120.392269872748	0.0462349879544096
120.467533311857	0.0473192417875326
120.542779854730	0.0484168932668644
120.618009490813	0.0495084945552207
120.693222209556	0.0505808751778561
120.768418000409	0.0516532558004915
120.843596852825	0.0526986714764421
120.918758756261	0.0537245556598064
120.993903700175	0.0547504398431708
121.069031674026	0.0560010500464184
121.144142667278	0.0572715039756576
121.219236669397	0.0585468457961553
121.294313669849	0.0598363789542343
121.369373658105	0.0611259121123132
121.444416623638	0.0623930953462001
121.519442555922	0.0636448695068666
121.594451444433	0.0648966436675331
121.669443278653	0.0663539360372255
121.744418048063	0.0678276476081467
121.819375742147	0.0693302369942290
121.894316350392	0.0709156570022115
121.969239862287	0.0725010770101940
122.044146267323	0.0741087109965950
122.119035554996	0.0757318214284610
122.193907714801	0.0773549318603270
122.268762736236	0.0790508090330606
122.343600608803	0.0807531325172096
122.418421322006	0.0824841862676608
122.493224865351	0.0843031916943589
122.568011228346	0.0861221971210568
122.642780400501	0.0880187790644399
122.717532371330	0.0899733617381578
122.792267130349	0.0919279444118758
122.866984667075	0.0939752274142499
122.941684971030	0.0960332107345262
123.016368031735	0.0981104342676424
123.091033838717	0.100256197817767
123.165682381503	0.102401961367891
123.240313649623	0.104602358593278
123.314927632609	0.106849258249082
123.389524319997	0.109096157904886
123.464103701324	0.111463420644564
123.538665766130	0.113850350606741
123.613210503957	0.116276563724346
123.687737904350	0.118885141232717
123.762247956856	0.121493718741089
123.836740651024	0.124125011738834
123.911215976407	0.126779642821896
123.985673922558	0.129434273904958
124.060114479035	0.132127748523112
124.134537635398	0.134830478994204
124.208943381207	0.137559670054210
124.283331706027	0.140482520876402
124.357702599425	0.143405371698594
124.432056050969	0.146393210853912
124.506392050232	0.149466791009766
124.580710586787	0.152540371165621
124.655011650210	0.155609590324613
124.729295230081	0.158677280511084
124.803561315980	0.161754523551939
124.877809897492	0.165021403553933
124.952040964203	0.168288283555927
125.026254505701	0.171590934510055
125.100450511578	0.174958920533900
125.174628971427	0.178326906557746
125.248789874844	0.181690628665084
125.322933211429	0.185052133769832
125.397058970780	0.188413638874581
125.471167142503	0.192066185023718
125.545257716204	0.195730757298746
125.619330681489	0.199407862759089
125.693386027971	0.203120456602005
125.767423745263	0.206833050444921
125.841443822980	0.210578933725486
125.915446250742	0.214350980548371
125.989431018167	0.218123027371257
126.063398114881	0.222096012712862
126.137347530508	0.226102492219437
126.211279254676	0.230085928774173
126.285193277017	0.233941384498843
126.359089587163	0.237796840223514
126.432968174751	0.241591780370557
126.506829029418	0.245311635280102
126.580672140804	0.249031490189648
126.654497498554	0.252977327313646
126.728305092312	0.257003300841882
126.802094911726	0.261029327544566
126.875866946448	0.265057173852159
126.949621186130	0.269085020159752
127.023357620428	0.273066880278958
127.097076239000	0.276949567126447
127.170777031506	0.280832253973936
127.244459987610	0.284773367845574
127.318125096976	0.288752880393564
127.391772349274	0.292732392941553
127.465401734174	0.296771522501753
127.539013241348	0.300818151084105
127.612606860472	0.304860262374488
127.686182581225	0.308880523499588
127.759740393287	0.312900784624687
127.833280286341	0.316835797880664
127.906802250073	0.320667698091757
127.980306274171	0.324499598302849
128.053792348325	0.328382265799314
128.127260462229	0.332283517281420
128.200710605578	0.336185263677773
128.274142768071	0.340137665220966
128.347556939409	0.344090066764158
128.420953109294	0.347958771030639
128.494331267432	0.351618016828073
128.567691403532	0.355277262625507
128.641033507304	0.358876232952944
128.714357568463	0.362427749897644
128.787663576723	0.365979266842345
128.860951521804	0.369685831395583
128.934221393425	0.373423773357829
129.007473181312	0.377123924314945
129.080706875189	0.380491481524563
129.153922464785	0.383859038734182
129.227119939832	0.387171194608660
129.300299290063	0.390389233613868
129.373460505214	0.393607272619077
129.446603575024	0.396853593191464
129.519728489234	0.400116017385229
129.592835237589	0.403378441578995
129.665923809834	0.406379995677281
129.738994195718	0.409353201287491
129.812046384993	0.412271175539369
129.885080367413	0.414909479118398
129.958096132735	0.417547782697427
130.031093670717	0.420089343688138
130.104072971121	0.422500544183549
130.177034023712	0.424911744678960
130.249976818256	0.427193035428268
130.322901344523	0.429414635845469
130.395807592285	0.431636236262671
130.468695551316	0.433750518530593
130.541565211393	0.435858252084342
130.614416562296	0.437947519216703
130.687249593807	0.439961945624753
130.760064295711	0.441976372032804
130.832860657795	0.443898799474958
130.905638669849	0.445709434107743
130.978398321666	0.447520068740528
131.051139603040	0.449171157254876
131.123862503769	0.450754861020728
131.196567013654	0.452338564786580
131.269253122497	0.453818134090741
131.341920820104	0.455292541902916
131.414570096282	0.456673082251462
131.487200940843	0.457679496441538
131.559813343599	0.458685910631615
131.632407294365	0.459633272277538
131.704982782961	0.460507415047470
131.777539799207	0.461381557817402
131.850078332927	0.462301930593905
131.922598373946	0.463243034960396
131.995099912093	0.464184139326887
132.067582937201	0.464910813133727
132.140047439101	0.465621941610586
132.212493407632	0.466351111931417
132.284920832631	0.467166849369628
132.357329703942	0.467982586807840
132.429720011407	0.468907636905471
132.502091744873	0.469989611830675
132.574444894191	0.471071586755879
132.646779449213	0.472275158394650
132.719095399792	0.473545148553187
132.791392735786	0.474815138711723
132.863671447056	0.476128940919134
132.935931523463	0.477448664996121
133.008172954873	0.478760771310534
133.080395731154	0.480013168968228
133.152599842175	0.481265566625922
133.224785277810	0.482447890115363
133.296952027935	0.483496218675653
133.369100082427	0.484544547235943
133.441229431168	0.485444101354428
133.513340064041	0.486232168930500
133.585431970932	0.487020236506572
133.657505141730	0.487762224743604
133.729559566326	0.488492541015683
133.801595234613	0.489218637373367
133.873612136490	0.489758418208604
133.945610261854	0.490298199043841
134.017589600609	0.490858380826758
134.089550142657	0.491481637338841
134.161491877907	0.492104893850925
134.233414796268	0.492732892510347
134.305318887653	0.493366355441159
134.377204141976	0.493999818371971
134.449070549156	0.494449978950200
134.520918099112	0.494814997012606
134.592746781768	0.495180015075013
134.664556587049	0.495341829637913
134.736347504884	0.495480816386288
134.808119525204	0.495631139244831
134.879872637941	0.495870319239128
134.951606833033	0.496109499233424
135.023322100418	0.496385448964957
135.095018430038	0.496737685615049
135.166695811837	0.497089922265142
135.238354235761	0.497397901725987
135.309993691761	0.497667456316446
135.381614169789	0.497937010906904
135.453215659798	0.498189700959823
135.524798151748	0.498436565134888
135.596361635597	0.498683429309953
135.667906101309	0.498953936669924
135.739431538850	0.499225710656583
135.810937938187	0.499504614108154
135.882425289291	0.499822991573410
135.953893582136	0.500141369038665
136.025342806698	0.500454987519989
136.096772952956	0.500759949078064
136.168184010891	0.501064910636139
136.239575970487	0.501345654464693
136.310948821733	0.501606931708736
136.382302554616	0.501868208952779
136.453637159129	0.502154497433825
136.524952625268	0.502449037217680
136.596248943029	0.502743577001536
136.667526102413	0.503066682915480
136.738784093424	0.503391375467718
136.810022906066	0.503671934316218
136.881242530348	0.503682977701260
136.952442956282	0.503694021086302
137.023624173880	0.503713350153372
137.094786173160	0.503749356624114
137.165928944140	0.503785363094856
137.237052476843	0.503882779904562
137.308156761292	0.504036658093363
137.379241787516	0.504190536282163
137.450307545543	0.504442948893827
137.521354025408	0.504736013899125
137.592381217144	0.505029078904422
137.663389110790	0.505373273888482
137.734377696387	0.505723613392251
137.805346963978	0.506074858103568
137.876296903610	0.506437210788158
137.947227505331	0.506799563472749
138.018138759193	0.507137093668676
138.089030655250	0.507402415606110
138.159903183559	0.507667737543544
138.230756334181	0.507944839143590
138.301590097176	0.508237295725662
138.372404462612	0.508529752307734
138.443199420554	0.508870626678331
138.513974961075	0.509242425825621
138.584731074248	0.509614224972911
138.655467750148	0.509976705980036
138.726184978854	0.510336622278946
138.796882750448	0.510696538577855
138.867561055014	0.510939997632253
138.938219882639	0.511178084076356
139.008859223412	0.511400852329152
139.079479067427	0.511516813100342
139.150079404779	0.511632773871531
139.220660225564	0.511782037357870
139.291221519885	0.512011757962008
139.361763277844	0.512241478566147
139.432285489547	0.512514100175631
139.502788145104	0.512837523823556
139.573271234625	0.513160947471481
139.643734748226	0.513605484556384
139.714178676024	0.514124030665390
139.784603008137	0.514642576774396
139.855007734690	0.515218666059598
139.925392845806	0.515810859798914
139.995758331615	0.516403053538230
140.066104182247	0.516810863747395
140.136430387836	0.517206844307967
140.206736938518	0.517592731078469
140.277023824432	0.517883386311197
140.347291035720	0.518174041543924
140.417538562527	0.518495531538631
140.487766395001	0.518909676996579
140.557974523290	0.519323822454527
140.628162937549	0.519686570042908
140.698331627933	0.519972631145119
140.768480584600	0.520258692247329
140.838609797711	0.520490993735210
140.908719257432	0.520679414250805
140.978808953927	0.520867834766399
141.048878877368	0.521095535593831
141.118929017925	0.521340263685654
141.188959365775	0.521584991777477
141.258969911095	0.521876592991679
141.328960644066	0.522176968801947
141.398931554871	0.522477344612214
141.468882633696	0.522599502738486
141.538813870731	0.522718896871359
141.608725256167	0.522860510285151
141.678616780199	0.523157915344660
141.748488433023	0.523455320404169
141.818340204841	0.523798310540347
141.888172085854	0.524269316069298
141.957984066269	0.524740321598248
142.027776136295	0.525215410093798
142.097548286142	0.525696673861424
142.167300506024	0.526177937629050
142.237032786159	0.526601458247167
142.306745116766	0.526973999603781
142.376437488067	0.527346540960395
142.446109890288	0.527760909697612
142.515762313657	0.528196649519921
142.585394748405	0.528632389342230
142.655007184765	0.529056739894139
142.724599612974	0.529478066852095
142.794172023271	0.529899393810051
142.863724405898	0.530312846468727
142.933256751101	0.530725579077656
143.002769049126	0.531137871473927
143.072261290224	0.531539554722751
143.141733464649	0.531941237971575
143.211185562657	0.532343524022362
143.280617574507	0.532748949673218
143.350029490460	0.533154375324074
143.419421300781	0.533561994871075
143.488792995738	0.533975258445225
143.558144565601	0.534388522019375
143.627476000643	0.534822409996884
143.696787291139	0.535287711504478
143.766078427368	0.535753013012071
143.835349399613	0.536300194625494
143.904600198157	0.536925937662062
143.973830813288	0.537551680698630
144.043041235295	0.538196682589013
144.112231454471	0.538853392218279
144.181401461113	0.539510101847546
144.250551245518	0.540114026982873
144.319680797988	0.540698534743693
144.388790108828	0.541283042504513
144.457879168344	0.541854124636109
144.526947966845	0.542422606900264
144.595996494646	0.542991089164420
144.665024742061	0.543587254901468
144.734032699409	0.544185124841760
144.803020357011	0.544775237678391
144.871987705191	0.545195951895749
144.940934734276	0.545616666113107
145.009861434596	0.546044593896306
145.078767796483	0.546515721235088
145.147653810274	0.546986848573869
145.216519466306	0.547463340189003
145.285364754921	0.547956827417314
145.354189666462	0.548450314645626
145.422994191277	0.548943794626748
145.491778319715	0.549437260171722
145.560542042130	0.549930725716696
145.629285348876	0.550448790309997
145.698008230311	0.550999993835500
145.766710676799	0.551551197361002
145.835392678701	0.552054794426560
145.904054226386	0.552513620872655
145.972695310222	0.552972447318749
146.041315920584	0.553326097828911
146.109916047846	0.553610250475582
146.178495682386	0.553894403122253
146.247054814587	0.554036968619925
146.315593434832	0.554114837609210
146.384111533509	0.554192706598494
146.452609101007	0.554246286357214
146.521086127719	0.554292531615196
146.589542604041	0.554338776873177
146.657978520372	0.554689195738815
146.726393867113	0.555094469319601
146.794788634668	0.555499742900387
146.863162813445	0.556054715188816
146.931516393854	0.556622036835623
146.999849366308	0.557189358482431
147.068161721222	0.557808150550133
147.136453449016	0.558427056349180
147.204724540111	0.559031889057645
147.272974984932	0.559447461940037
147.341204773907	0.559863034822428
147.409413897465	0.560279237544097
147.477602346041	0.560699373391525
147.545770110070	0.561119509238953
147.613917179991	0.561530177799017
147.682043546246	0.561903961575322
147.750149199281	0.562277745351627
147.818234129543	0.562606611677576
147.886298327483	0.562812695404445
147.954341783554	0.563018779131313
148.022364488213	0.563250925007426
148.090366431919	0.563536270017052
148.158347605135	0.563821615026678
148.226307998327	0.564165913427967
148.294247601961	0.564603536156238
148.362166406510	0.565041158884508
148.430064402447	0.565517480674862
148.497941580249	0.566042494682543
148.565797930396	0.566567508690224
148.633633443371	0.567024928672698
148.701448109660	0.567413622388525
148.769241919751	0.567802316104352
148.837014864135	0.568239369078202
148.904766933308	0.568716600809019
148.972498117766	0.569193832539837
149.040208408011	0.569746735953384
149.107897794544	0.570351389571416
149.175566267873	0.570956043189449
149.243213818506	0.571685101686073
149.310840436956	0.572484489774089
149.378446113737	0.573283877862104
149.446030839368	0.573910282485326
149.513594604369	0.574455700272571
149.581137399265	0.575001118059816
149.648659214581	0.575548117778115
149.716160040848	0.576095730632811
149.783639868598	0.576643343487507
149.851098688367	0.577203583110838
149.918536490693	0.577767864792007
149.985953266118	0.578332146473177
150.053349005186	0.578964386054397
150.120723698445	0.579614516095643
150.188077336445	0.580264646136888
150.255409909739	0.580797721429901
150.322721408883	0.581305613705621
150.390011824438	0.581813505981342
150.457281146963	0.582272121454706
150.524529367026	0.582722145799305
150.591756475194	0.583172170143904
150.658962462038	0.583685862376554
150.726147318132	0.584208454622235
150.793311034053	0.584731046867915
150.860453600380	0.585207713402152
150.927575007698	0.585679299227292
150.994675246591	0.586150885052433
151.061754307648	0.586500391228411
151.128812181462	0.586839372734352
151.195848858626	0.587178354240293
151.262864329740	0.587358119257265
151.329858585402	0.587527372274378
151.396831616218	0.587696625291492
151.463783412794	0.588098689641731
151.530713965739	0.588512316953453
151.597623265666	0.588925944265175
151.664511303191	0.589386785516482
151.731378068932	0.589849365972272
151.798223553510	0.590311946428062
151.865047747552	0.590801219530456
151.931850641682	0.591291221498582
151.998632226534	0.591781223466708
152.065392492739	0.591965754453805
152.132131430935	0.592143897034700
152.198849031761	0.592322039615595
152.265545285859	0.592647473244532
152.332220183875	0.592975492909528
152.398873716457	0.593303512574524
152.465505874257	0.593733371403829
152.532116647930	0.594164980960588
152.598706028132	0.594596590517347
152.665274005524	0.595118117741770
152.731820570771	0.595641427203448
152.798345714537	0.596164736665126
152.864849427493	0.596520399022573
152.931331700312	0.596871785398958
152.997792523668	0.597223171775343
153.064231888240	0.597509362135834
153.130649784710	0.597793312222382
153.197046203762	0.598077262308929
153.263421136084	0.598480931675717
153.329774572366	0.598890176036395
153.396106503303	0.599299420397073
153.462416919589	0.599890501074642
153.528705811926	0.600492922736160
153.594973171015	0.601095344397677
153.661218987562	0.601733863558252
153.727443252277	0.602375346296435
153.793645955870	0.603016829034617
153.859827089057	0.603562824617615
153.925986642554	0.604098680460094
153.992124607084	0.604634536302573
154.058240973369	0.605075660660548
154.124335732136	0.605503977409802
154.190408874116	0.605932294159057
154.256460390041	0.606356132181225
154.322490270647	0.606779209508272
154.388498506673	0.607202286835318
154.454485088861	0.607799722338685
154.520450007956	0.608433957905387
154.586393254707	0.609068193472089
154.652314819863	0.609700410665188
154.718214694180	0.610332102978424
154.784092868414	0.610963795291661
154.849949333326	0.611578617565494
154.915784079679	0.612188068190261
154.981597098239	0.612797518815029
155.047388379775	0.613414169483947
155.113157915061	0.614033615774733
155.178905694872	0.614653062065519
155.244631709985	0.615379737980812
155.310335951183	0.616157085553567
155.376018409250	0.616934433126323
155.441679074974	0.617736133245659
155.507317939146	0.618551843196816
155.572934992559	0.619367553147974
155.638530226011	0.620076239288510
155.704103630300	0.620709760528772
155.769655196231	0.621343281769033
155.835184914609	0.621895020785865
155.900692776243	0.622376239362725
155.966178771946	0.622857457939585
156.031642892532	0.623342607526663
156.097085128820	0.623831958041325
156.162505471631	0.624321308555988
156.227903911791	0.624914342305587
156.293280440125	0.625646672227883
156.358635047465	0.626379002150178
156.423967724645	0.627120865596471
156.489278462501	0.627879179840971
156.554567251873	0.628637494085470
156.619834083604	0.629396373837471
156.685078948540	0.630156548746104
156.750301837530	0.630916723654738
156.815502741426	0.631651660435385
156.880681651083	0.632305703148047
156.945838557359	0.632959745860709
157.010973451117	0.633618381179962
157.076086323220	0.634299680363332
157.141177164536	0.634980979546701
157.206245965936	0.635664127787036
157.271292718293	0.636364687014086
157.336317412485	0.637065246241137
157.401320039390	0.637760883376495
157.466300589893	0.638219101350812
157.531259054879	0.638677319325128
157.596195425237	0.639135537299445
157.661109691860	0.639612596601920
157.726001845644	0.640090828739208
157.790871877486	0.640569060876497
157.855719778289	0.641111526480487
157.920545538957	0.641664513176218
157.985349150397	0.642217499871949
158.050130603522	0.642727013104464
158.114889889245	0.643223823209645
158.179626998482	0.643720633314827
158.244341922155	0.644158577138425
158.309034651187	0.644569479318270
158.373705176504	0.644980381498114
158.438353489035	0.645327073645121
158.502979579714	0.645629751487645
158.567583439477	0.645932429330169
158.632165059262	0.646309399753102
158.696724430011	0.646761230772300
158.761261542669	0.647213061791498
158.825776388186	0.647697659038599
158.890268957512	0.648231491037586
158.954739241602	0.648765323036573
159.019187231413	0.649267646104832
159.083612917907	0.649695655603850
159.148016292047	0.650123665102868
159.212397344801	0.650547204127208
159.276756067138	0.650952001095307
159.341092450032	0.651356798063407
159.405406484459	0.651763289457736
159.469698161399	0.652188239696014
159.533967471836	0.652613189934291
159.598214406753	0.653038140172569
159.662438957142	0.653523080835174
159.726641113993	0.654009736792536
159.790820868302	0.654496392749898
159.854978211068	0.655001457659404
159.919113133292	0.655509595591278
159.983225625978	0.656017733523153
160.047315680136	0.656592494654893
160.111383286775	0.657190870986077
160.175428436910	0.657789247317262
160.239451121558	0.658348684788396
160.303451331739	0.658883873982077
160.367429058478	0.659419063175758
160.431384292801	0.659955024914505
160.495317025739	0.660491788267930
160.559227248323	0.661028551621355
160.623114951590	0.661654567802736
160.686980126580	0.662437990694478
160.750822764335	0.663221413586220
160.814642855901	0.664021366703168
160.878440392327	0.664876825990163
160.942215364665	0.665732285277159
161.005967763970	0.666592184195676
161.069697581300	0.667495063597553
161.133404807718	0.668397942999430
161.197089434287	0.669300822401307
161.260751452076	0.669999620155128
161.324390852155	0.670688642116693
161.388007625599	0.671377664078258
161.451601763486	0.672037688192208
161.515173256895	0.672690974327801
161.578722096911	0.673344260463395
161.642248274620	0.673997779399314
161.705751781113	0.674651415561989
161.769232607483	0.675305051724663
161.832690744827	0.675959224673987
161.896126184243	0.676613902738383
161.959538916835	0.677268580802779
162.022928933709	0.677925452428366
162.086296225974	0.678586194191169
162.149640784742	0.679246935953972
162.212962601130	0.679923918271630
162.276261666255	0.680663983229749
162.339537971240	0.681404048187868
162.402791507210	0.682145188983739
162.466022265293	0.682909627698051
162.529230236621	0.683674066412363
162.592415412328	0.684438505126676
162.655577783553	0.685186268891848
162.718717341436	0.685931757465008
162.781834077123	0.686677246038166
162.844927981759	0.687370152118084
162.907999046497	0.688041801120665
162.971047262490	0.688713450123246
163.034072620895	0.689362698871201
163.097075112873	0.689992916731549
163.160054729587	0.690623134591896
163.223011462203	0.691223186784267
163.285945301893	0.691770884247637
163.348856239829	0.692318581711006
163.411744267187	0.692863711802531
163.474609375147	0.693397663562864
163.537451554892	0.693931615323197
163.600270797608	0.694465941685900
163.663067094484	0.695086778888001
163.725840436712	0.695707616090101
163.788590815489	0.696328453292202
163.851318222013	0.696927388098148
163.914022647487	0.697521454396024
163.976704083115	0.698115520693900
164.039362520107	0.698672167807815
164.101997949674	0.699206673158563
164.164610363031	0.699741178509311
164.227199751396	0.700213775185376
164.289766105991	0.700605837074092
164.352309418041	0.700997898962808
164.414829678774	0.701388931101508
164.477326879420	0.701776652282486
164.539801011214	0.702164373463464
164.602252065395	0.702555748215234
164.664680033202	0.703044768140389
164.727084905880	0.703533788065545
164.789466674676	0.704022807990700
164.851825330841	0.704520847548594
164.914160865629	0.705020719982162
164.976473270297	0.705520592415730
165.038762536105	0.706045757997563
165.101028654316	0.706586272300253
165.163271616199	0.707126786602943
165.225491413022	0.707627598658031
165.287688036058	0.708071217771757
165.349861476586	0.708514836885482
165.412011725884	0.708962575940814
165.474138775235	0.709427508977901
165.536242615927	0.709892442014988
165.598323239247	0.710357375052076
165.660380636490	0.710965441850080
165.722414798952	0.711577482762047
165.784425717931	0.712189523674014
165.846413384730	0.712807559984025
165.908377790656	0.713427607712516
165.970318927018	0.714047655441007
166.032236785127	0.714693699544170
166.094131356299	0.715363674575582
166.156002631854	0.716033649606994
166.217850603114	0.716685256135538
166.279675261404	0.717291597288949
166.341476598053	0.717897938442360
166.403254604393	0.718500769424517
166.465009271759	0.719040492797338
166.526740591490	0.719580216170159
166.588448554927	0.720119939542981
166.650133153416	0.720757222263894
166.711794378305	0.721416979924102
166.773432220947	0.722076737584310
166.835046672695	0.722761632729744
166.896637724908	0.723465580225469
166.958205368947	0.724169527721194
167.019749596178	0.724902201270101
167.081270397968	0.725695654192932
167.142767765689	0.726489107115763
167.204241690715	0.727279788922731
167.265692164425	0.728033087543823
167.327119178200	0.728786386164916
167.388522723423	0.729539684786009
167.449902791483	0.730244289896764
167.511259373772	0.730937697982525
167.572592461683	0.731631106068286
167.633902046614	0.732284101814813
167.695188119966	0.732904433086135
167.756450673144	0.733524764357457
167.817689697555	0.734124919333102
167.878905184609	0.734675412855758
167.940097125722	0.735225906378414
168.001265512310	0.735776385143794
168.062410335795	0.736326165498935
168.123531587600	0.736875945854077
168.184629259153	0.737425726209218
168.245703341885	0.737972446143451
168.306753827229	0.738518137006927
168.367780706623	0.739063827870403
168.428783971508	0.739628551506082
168.489763613328	0.740214575355062
168.550719623529	0.740800599204042
168.611651993563	0.741390063066948
168.672560714883	0.741994073149645
168.733445778946	0.742598083232343
168.794307177214	0.743202093315040
168.855144901149	0.743922098366492
168.915958942220	0.744654075716820
168.976749291896	0.745386053067147
169.037515941652	0.746134278449713
169.098258882964	0.746892571686472
169.158978107313	0.747650864923232
169.219673606183	0.748413403445154
169.280345371061	0.749184792193818
169.340993393438	0.749956180942483
169.401617664806	0.750723190440628
169.462218176664	0.751330489536745
169.522794920512	0.751937788632862
169.583347887853	0.752545087728979
169.643877070194	0.753020762821932
169.704382459047	0.753446494036436
169.764864045925	0.753872225250940
169.825321822344	0.754319258877924
169.885755779826	0.754795845437514
169.946165909894	0.755272431997104
170.006552204076	0.755750138675201
170.066914653901	0.756237046646862
170.127253250904	0.756723954618522
170.187567986623	0.757210862590182
170.247858852596	0.757717585396927
170.308125840369	0.758229454371845
170.368368941488	0.758741323346764
170.428588147504	0.759226368311602
170.488783449972	0.759681739973783
170.548954840447	0.760137111635963
170.609102310492	0.760575537480517
170.669225851669	0.760918950825217
170.729325455547	0.761262364169916
170.789401113696	0.761605777514616
170.849452817689	0.762017714313036
170.909480559105	0.762444334384802
170.969484329525	0.762870954456569
171.029464120531	0.763393522184604
171.089419923713	0.764015442058569
171.149351730660	0.764637361932535
171.209259532967	0.765263456297481
171.269143322232	0.765912380019022
171.329003090055	0.766561303740563
171.388838828041	0.767210227462103
171.448650527797	0.767876326976154
171.508438180935	0.768546366092836
171.568201779070	0.769216405209518
171.627941313818	0.769811338651920
171.687656776801	0.770320816198286
171.747348159644	0.770830293744652
171.807015453975	0.771321347124457
171.866658651424	0.771674152407388
171.926277743628	0.772026957690318
171.985872722223	0.772379762973249
172.045443578851	0.772795629934370
172.104990305158	0.773231097283988
172.164512892790	0.773666564633607
172.224011333401	0.774108205505691
172.283485618645	0.774558968572432
172.342935740180	0.775009731639173
172.402361689669	0.775462245845992
172.461763458776	0.775957063858287
172.521141039169	0.776451881870583
172.580494422522	0.776946699882878
172.639823600509	0.777398690561324
172.699128564809	0.777829708674837
172.758409307104	0.778260726788350
172.817665819080	0.778643359671605
172.876898092426	0.778912102329547
172.936106118834	0.779180844987489
172.995289889999	0.779449587645432
173.054449397622	0.779694514602864
173.113584633404	0.779937381811582
173.172695589051	0.780180249020300
173.231782256274	0.780477607686615
173.290844626783	0.780821770903739
173.349882692297	0.781165934120863
173.408896444534	0.781514310067645
173.467885875217	0.781886413248030
173.526850976073	0.782258516428414
173.585791738832	0.782630619608799
173.644708155226	0.783026761024664
173.703600216993	0.783430540239319
173.762467915872	0.783834319453973
173.821311243607	0.784209828735417
173.880130191946	0.784535560912362
173.938924752637	0.784861293089306
173.997694917435	0.785187025266251
174.056440678098	0.785431242624669
174.115162026385	0.785672131500230
174.173858954061	0.785913020375792
174.232531452893	0.786172106698035
174.291179514652	0.786445812786861
174.349803131112	0.786719518875688
174.408402294051	0.786994995140556
174.466976995251	0.787281044603826
174.525527226495	0.787567094067096
174.584052979571	0.787853143530366
174.642554246272	0.788218309195534
174.701031018392	0.788613117173979
174.759483287730	0.789007925152424
174.817911046086	0.789431789903539
174.876314285267	0.789921370450149
174.934692997080	0.790410950996760
174.993047173339	0.790900531543371
175.051376805858	0.791381622518135
175.109681886456	0.791861564836691
175.167962406957	0.792341507155247
175.226218359185	0.792812591434832
175.284449734969	0.793272853869916
175.342656526144	0.793733116305000
175.400838724544	0.794191818315964
175.458996322010	0.794543854952802
175.517129310384	0.794895891589641
175.575237681513	0.795247928226479
175.633321427248	0.795578963344802
175.691380539441	0.795894394782197
175.749415009949	0.796209826219592
175.807424830633	0.796518754021843
175.865409993356	0.796783382137188
175.923370489986	0.797048010252534
175.981306312394	0.797312638367880
176.039217452453	0.797556169064069
176.097103902042	0.797789645430675
176.154965653041	0.798023121797282
176.212802697335	0.798275122857300
176.270615026812	0.798592271985332
176.328402633364	0.798909421113365
176.386165508885	0.799226570241397
176.443903645274	0.799592611169433
176.501617034433	0.799974055150373
176.559305668267	0.800355499131313
176.616969538686	0.800741945070506
176.674608637600	0.801140383542467
176.732222956927	0.801538822014428
176.789812488586	0.801937260486389
176.847377224498	0.802349169601087
176.904917156591	0.802763974688131
176.962432276794	0.803178779775175
177.019922577041	0.803560930881808
177.077388049268	0.803881519984113
177.134828685414	0.804202109086418
177.192244477425	0.804522698188723
177.249635417246	0.804808565496538
177.307001496829	0.805089008683608
177.364342708128	0.805369451870679
177.421659043100	0.805694884651782
177.478950493706	0.806094367863684
177.536217051911	0.806493851075587
177.593458709682	0.806893334287490
177.650675458992	0.807311869972379
177.707867291816	0.807732864460059
177.765034200132	0.808153858947738
177.822176175921	0.808580099970355
177.879293211170	0.809014611555132
177.936385297868	0.809449123139909
177.993452428007	0.809883634724686
178.050494593583	0.810232972772089
178.107511786595	0.810571268858089
178.164503999047	0.810909564944088
178.221471222945	0.811203845680094
178.278413450300	0.811425376540561
178.335330673124	0.811646907401029
178.392222883435	0.811868438261496
178.449090073253	0.812052630149198
178.505932234603	0.812230907869266
178.562749359512	0.812409185589334
178.619541440010	0.812576387375388
178.676308468134	0.812722480397262
178.733050435920	0.812868573419135
178.789767335410	0.813014666441009
178.846459158651	0.813101609675696
178.903125897689	0.813175527975811
178.959767544577	0.813249446275927
179.016384091372	0.813308027939816
179.072975530132	0.813328957569400
179.129541852920	0.813349887198984
179.186083051802	0.813370816828568
179.242599118849	0.813383019382963
179.299090046133	0.813392371464983
179.355555825731	0.813401723547003
179.411996449723	0.813406988039760
179.468411910194	0.813397112277768
179.524802199231	0.813387236515776
179.581167308925	0.813377360753784
179.637507231370	0.813359131096291
179.693821958664	0.813336707806893
179.750111482910	0.813314284517494
179.806375796211	0.813294572564841
179.862614890677	0.813296071234978
179.918828758419	0.813297569905115
179.975017391554	0.813299068575251
180.031180782201	0.813318558843536
180.087318922482	0.813352461099612
180.143431804524	0.813386363355687
180.199519420457	0.813420265611763
180.255581762414	0.813596590211377
180.311618822531	0.813774145992905
180.367630592950	0.813951701774433
180.423617065815	0.814159064430762
180.479578233273	0.814407271043074
180.535514087475	0.814655477655387
180.591424620576	0.814903684267699
180.647309824734	0.815235040829168
180.703169692111	0.815581465801628
180.759004214872	0.815927890774088
180.814813385187	0.816283526822427
180.870597195227	0.816664648639032
180.926355637169	0.817045770455637
180.982088703192	0.817426892272242
181.037796385479	0.817714865704871
181.093478676218	0.817958707108379
181.149135567598	0.818202548511887
181.204767051813	0.818442555856230
181.260373121060	0.818641662995006
181.315953767541	0.818840770133782
181.371508983460	0.819039877272558
181.427038761025	0.819218024885696
181.482543092448	0.819374092270188
181.538021969943	0.819530159654680
181.593475385731	0.819686227039172
181.648903332032	0.819800798593996
181.704305801073	0.819909835087215
181.759682785084	0.820018871580434
181.815034276297	0.820116953057308
181.870360266949	0.820185663311871
181.925660749281	0.820254373566433
181.980935715536	0.820323083820995
182.036185157961	0.820375502958147
182.091409068808	0.820419341020597
182.146607440331	0.820463179083047
182.201780264789	0.820505653568599
182.256927534442	0.820507241337511
182.312049241556	0.820508829106423
182.367145378401	0.820510416875334
182.422215937248	0.820496277898884
182.477260910374	0.820458886406515
182.532280290058	0.820421494914147
182.587274068583	0.820384103421778
182.642242238237	0.820352592403761
182.697184791309	0.820322852534634
182.752101720094	0.820293112665507
182.806993016889	0.820271141990782
182.861858673996	0.820302373776577
182.916698683719	0.820333605562373
182.971513038367	0.820364837348169
183.026301730251	0.820408155735689
183.081064751688	0.820464561871851
183.135802094996	0.820520968008012
183.190513752498	0.820577374144174
183.245199716521	0.820642961299209
183.299859979394	0.820710474865385
183.354494533452	0.820777988431561
183.409103371031	0.820850436799634
183.463686484472	0.820947547287291
183.518243866120	0.821044657774948
183.572775508322	0.821141768262605
183.627281403431	0.821279200743535
183.681761543801	0.821456861600275
183.736215921792	0.821634522457015
183.790644529765	0.821812183313754
183.845047360088	0.822036296194192
183.899424405129	0.822270054013501
183.953775657262	0.822503811832811
184.008101108863	0.822726633405068
184.062400752315	0.822887068068924
184.116674580000	0.823047502732780
184.170922584306	0.823207937396635
184.225144757625	0.823371751869138
184.279341092352	0.823539473832415
184.333511580886	0.823707195795693
184.387656215629	0.823874917758971
184.441774988986	0.824074297876316
184.495867893368	0.824283030219545
184.549934921187	0.824491762562775
184.603976064860	0.824698897871804
184.657991316808	0.824885928620059
184.711980669455	0.825072959368314
184.765944115228	0.825259990116569
184.819881646559	0.825491221082906
184.873793255883	0.825798145943094
184.927678935638	0.826105070803281
184.981538678267	0.826411995663469
185.035372476215	0.826739447649576
185.089180321933	0.827077610436674
185.142962207872	0.827415773223772
185.196718126490	0.827753936010870
185.250448070248	0.827971078322139
185.304152031609	0.828180349531912
185.357830003041	0.828389620741686
185.411481977016	0.828565236796953
185.465107946009	0.828617276891642
185.518707902497	0.828669316986332
185.572281838964	0.828721357081022
185.625829747896	0.828768336149220
185.679351621782	0.828809885491514
185.732847453115	0.828851434833809
185.786317234392	0.828892984176104
185.839760958114	0.828941211439924
185.893178616786	0.828991736194892
185.946570202914	0.829042260949859
185.999935709011	0.829092785704826
186.053275127591	0.829166223003074
186.106588451174	0.829239687945470
186.159875672282	0.829313152887866
186.213136783441	0.829412186239440
186.266371777181	0.829589295560706
186.319580646036	0.829766404881973
186.372763382542	0.829943514203239
186.425919979241	0.830129096573995
186.479050428677	0.830323580213807
186.532154723398	0.830518063853619
186.585232855957	0.830712547493431
186.638284818907	0.830810605347205
186.691310604810	0.830871479134249
186.744310206227	0.830932352921294
186.797283615725	0.830993226708339
186.850230825874	0.831076442076904
186.903151829248	0.831160865350720
186.956046618425	0.831245288624537
187.008915185986	0.831326448299379
187.061757524516	0.831391521806241
187.114573626603	0.831456595313104
187.167363484839	0.831521668819967
187.220127091821	0.831567485618785
187.272864440148	0.831582084967088
187.325575522424	0.831596684315391
187.378260331254	0.831611283663693
187.430918859251	0.831696361130139
187.483551099029	0.831830980863175
187.536157043204	0.831965600596211
187.588736684400	0.832100220329247
187.641290015241	0.832285392771980
187.693817028358	0.832484351832080
187.746317716381	0.832683310892180
187.798792071949	0.832882269952281
187.851240087701	0.833107780846109
187.903661756280	0.833333917525100
187.956057070336	0.833560054204092
188.008426022518	0.833780678891905
188.060768605482	0.833972564854704
188.113084811886	0.834164450817504
188.165374634394	0.834356336780303
188.217638065670	0.834520815019933
188.269875098385	0.834631502478746
188.322085725213	0.834742189937560
188.374269938829	0.834852877396373
188.426427731916	0.834883305155266
188.478559097157	0.834835611746880
188.530664027242	0.834787918338493
188.582742514862	0.834740224930107
188.634794552712	0.834675028002177
188.686820133493	0.834601151821055
188.738819249907	0.834527275639933
188.790791894661	0.834453399458811
188.842738060466	0.834289871886706
188.894657740036	0.834107033386549
188.946550926088	0.833924194886392
188.998417611346	0.833741356386235
189.050257788533	0.833538059910504
189.102071450380	0.833334119459245
189.153858589619	0.833130179007987
189.205619198986	0.832934569591063
189.257353271222	0.832807352118677
189.309060799071	0.832680134646292
189.360741775281	0.832552917173906
189.412396192603	0.832433381527764
189.464024043792	0.832338167732185
189.515625321607	0.832242953936606
189.567200018811	0.832147740141027
189.618748128171	0.832060349207109
189.670269642455	0.831986640929785
189.721764554439	0.831912932652460
189.773232856899	0.831839224375136
189.824674542618	0.831794452089364
189.876089604379	0.831781061732552
189.927478034972	0.831767671375740
189.978839827189	0.831754281018928
190.030174973827	0.831756216153185
190.081483467685	0.831768895497268
190.132765301567	0.831781574841350
190.184020468281	0.831794254185432
190.235248960637	0.831814495371372
190.286450771451	0.831838163704834
190.337625893542	0.831861832038296
190.388774319731	0.831885500371758
190.439896042845	0.831924562006677
190.490991055713	0.831967953784535
190.542059351170	0.832011345562393
190.593100922053	0.832054737340251
190.644115761203	0.832127668932875
190.695103861465	0.832205218946041
190.746065215687	0.832282768959206
190.796999816722	0.832360318972371
190.847907657426	0.832484143405997
190.898788730659	0.832610865014277
190.949643029284	0.832737586622557
191.000470546169	0.832863334431460
191.051271274186	0.832884892998344
191.102045206208	0.832906451565229
191.152792335115	0.832928010132113
191.203512653789	0.832944635828129
191.254206155117	0.832894984058238
191.304872831988	0.832845332288347
191.355512677295	0.832795680518456
191.406125683938	0.832746187063177
191.456711844816	0.832697843055838
191.507271152835	0.832649499048499
191.557803600903	0.832601155041160
191.608309181933	0.832555623507275
191.658787888842	0.832524370780784
191.709239714549	0.832493118054293
191.759664651979	0.832461865327802
191.810062694058	0.832428321125676
191.860433833719	0.832385594213010
191.910778063896	0.832342867300345
191.961095377529	0.832300140387679
192.011385767560	0.832292883436393
192.061649226935	0.832406793558926
192.111885748606	0.832520703681460
192.162095325525	0.832634613803993
192.212277950651	0.832743753029016
192.262433616946	0.832838167369936
192.312562317375	0.832932581710856
192.362664044906	0.833026996051777
192.412738792514	0.833089662419325
192.462786553174	0.833059303821680
192.512807319867	0.833028945224035
192.562801085578	0.832998586626390
192.612767843295	0.832955125961936
192.662707586009	0.832873502811501
192.712620306716	0.832791879661066
192.762505998416	0.832710256510631
192.812364654112	0.832621414945138
192.862196266810	0.832510690449524
192.912000829523	0.832399965953910
192.961778335264	0.832289241458296
193.011528777052	0.832167357358996
193.061252147909	0.832008485466989
193.110948440861	0.831849613574982
193.160617648938	0.831690741682975
193.210259765174	0.831534161711383
193.259874782605	0.831386376938796
193.309462694274	0.831238592166209
193.359023493225	0.831090807393622
193.408557172507	0.830991961226447
193.458063725173	0.831127397082049
193.507543144278	0.831262832937651
193.556995422884	0.831398268793253
193.606420554055	0.831537002591560
193.655818530858	0.831697819904462
193.705189346364	0.831858637217364
193.754532993650	0.832019454530266
193.803849465795	0.832181469038078
193.853138755882	0.832357620111554
193.902400856997	0.832533771185029
193.951635762231	0.832709922258505
194.000843464680	0.832886363179766
194.050023957440	0.833079419756587
194.099177233615	0.833272476333407
194.148303286311	0.833465532910227
194.197402108636	0.833658589487048
194.246473693706	0.833810940087453
194.295518034637	0.833961015813386
194.344535124550	0.834111091539320
194.393524956571	0.834261167265254
194.442487523828	0.834268238911470
194.491422819455	0.834253522873295
194.540330836587	0.834238806835121
194.589211568366	0.834224090796946
194.638065007935	0.834205185725276
194.686891148442	0.834185093720974
194.735689983040	0.834165001716672
194.784461504884	0.834144909712371
194.833205707133	0.834178127390241
194.881922582951	0.834236284207181
194.930612125505	0.834294441024121
194.979274327966	0.834352597841060
195.027909183509	0.834411719818989
195.076516685313	0.834471558336360
195.125096826560	0.834531396853731
195.173649600436	0.834591235371102
195.222175000132	0.834702543677712
195.270673018842	0.834874996098728
195.319143649764	0.835047448519743
195.367586886099	0.835219900940759
195.416002721052	0.835419730251562
195.464391147835	0.835674995230737
195.512752159659	0.835930260209911
195.561085749741	0.836185525189086
195.609391911304	0.836431740967331
195.657670637570	0.836640473084580
195.705921921770	0.836849205201829
195.754145757136	0.837057937319078
195.802342136903	0.837261588648286
195.850511054313	0.837365795361144
195.898652502608	0.837470002074003
195.946766475038	0.837574208786861
195.994852964854	0.837678415499719
196.042911965311	0.837762962757931
196.090943469669	0.837845152651069
196.138947471191	0.837927342544207
196.186923963145	0.838009532437345
196.234872938801	0.838027263191327
196.282794391434	0.838020831064045
196.330688314323	0.838014398936762
196.378554700751	0.838007966809480
196.426393544004	0.837944407911449
196.474204837373	0.837834445559888
196.521988574151	0.837724483208327
196.569744747637	0.837614520856766
196.617473351133	0.837497681762087
196.665174377944	0.837368938935626
196.712847821381	0.837240196109166
196.760493674756	0.837111453282705
196.808111931387	0.836982445405314
196.855702584595	0.836852147058615
196.903265627707	0.836721848711916
196.950801054049	0.836591550365217
196.998308856956	0.836461252018518
197.045789029765	0.836337915431909
197.093241565815	0.836214835896736
197.140666458451	0.836091756361562
197.188063701023	0.835968676826388
197.235433286881	0.835786828796372
197.282775209382	0.835585189311955
197.330089461887	0.835383549827537
197.377376037759	0.835181910343119
197.424634930366	0.834970619323002
197.471866133079	0.834750467207917
197.519069639275	0.834530315092832
197.566245442332	0.834310162977746
197.613393535635	0.834094606848613
197.660513912569	0.833890630199756
197.707606566527	0.833686653550899
197.754671490903	0.833482676902042
197.801708679096	0.833279243397693
197.848718124510	0.833090214675774
197.895699820550	0.832901185953855
197.942653760627	0.832712157231935
197.989579938155	0.832523128510016
198.036478346554	0.832348492563836
198.083348979245	0.832177966717907
198.130191829654	0.832007440871978
198.177006891212	0.831836915026049
198.223794157351	0.831766512338701
198.270553621511	0.831792833439267
198.317285277133	0.831819154539833
198.363989117663	0.831845475640399
198.410665136549	0.831885409470885
198.457313327246	0.831971293205262
198.503933683211	0.832057176939639
198.550526197905	0.832143060674016
198.597090864792	0.832228944408393
198.643627677343	0.832344514364039
198.690136629031	0.832462063256674
198.736617713331	0.832579612149309
198.783070923725	0.832697161041944
198.829496253698	0.832839974145187
198.875893696737	0.832997283075772
198.922263246337	0.833154592006356
198.968604895992	0.833311900936940
199.014918639204	0.833467489337718
199.061204469476	0.833619458100955
199.107462380317	0.833771426864191
199.153692365238	0.833923395627428
199.199894417757	0.834075364390665
199.246068531392	0.834123058137900
199.292214699668	0.834170512967469
199.338332916112	0.834217967797038
199.384423174256	0.834265422626606
199.430485467635	0.834266297640195
199.476519789790	0.834243379422885
199.522526134263	0.834220461205576
199.568504494601	0.834197542988267
199.614454864357	0.834155152801206
199.660377237085	0.834070348254494
199.706271606345	0.833985543707782
199.752137965699	0.833900739161070
199.797976308715	0.833815934614358
199.843786628963	0.833651158441424
199.889568920018	0.833482687275562
199.935323175460	0.833314216109700
199.981049388870	0.833145744943838
200.026747553835	0.832972120480487
200.072417663947	0.832794846026432
200.118059712799	0.832617571572377
200.163673693990	0.832440297118322
200.209259601122	0.832266387181600
200.254817427802	0.832105672513069
200.300347167640	0.831944957844539
200.345848814250	0.831784243176009
200.391322361250	0.831623528507479
200.436767802263	0.831505205009173
200.482185130914	0.831396883254645
200.527574340834	0.831288561500117
200.572935425655	0.831180239745589
200.618268379017	0.831087703948589
200.663573194561	0.831018547775046
200.708849865932	0.830949391601502
200.754098386781	0.830880235427958
200.799318750761	0.830811079254414
200.844510951529	0.830809562644571
200.889674982748	0.830809080977418
200.934810838082	0.830808599310265
200.979918511202	0.830808117643112
201.024997995780	0.830813177543112
201.070049285493	0.830822687738967
201.115072374024	0.830832197934823
201.160067255058	0.830841708130679
201.205033922283	0.830848735141096
201.249972369392	0.830836069827459
201.294882590084	0.830823404513822
201.339764578059	0.830810739200185
201.384618327022	0.830798073886548
201.429443830682	0.830799196238847
201.474241082752	0.830807519124526
201.519010076950	0.830815842010205
201.563750806995	0.830824164895884
201.608463266613	0.830829044312135
201.653147449533	0.830819179566974
201.697803349487	0.830809314821813
201.742430960212	0.830799450076652
201.787030275449	0.830789585331491
201.831601288943	0.830723741709483
201.876143994442	0.830634930636415
201.920658385699	0.830546119563348
201.965144456471	0.830457308490280
202.009602200518	0.830370531059897
202.054031611604	0.830291133325137
202.098432683499	0.830211735590377
202.142805409974	0.830132337855618
202.187149784807	0.830052940120858
202.231465801777	0.829685686942693
202.275753454669	0.829200914869106
202.320012737272	0.828716142795520
202.364243643378	0.828231370721933
202.408446166783	0.827709524367780
202.452620301288	0.827030776329550
202.496766040697	0.826352028291320
202.540883378818	0.825673280253090
202.584972309463	0.824994532214860
202.629032826450	0.824359318742050
202.673064923597	0.823746632022701
202.717068594730	0.823133945303352
202.761043833677	0.822521258584002
202.804990634269	0.821968645309167
202.848908990343	0.821884806650210
202.892798895740	0.821800967991254
202.936660344303	0.821717129332297
202.980493329881	0.821633290673340
203.024297846326	0.821543808787526
203.068073887494	0.821449797893122
203.111821447245	0.821355786998719
203.155540519444	0.821261776104315
203.199231097957	0.821167765209912
203.242893176659	0.821362739732404
203.286526749425	0.821562893051893
203.330131810134	0.821763046371382
203.373708352672	0.821963199690871
203.417256370925	0.822282703754910
203.460775858788	0.822783990045638
203.504266810155	0.823285276336365
203.547729218926	0.823786562627093
203.591163079007	0.824287848917820
203.634568384304	0.824802906578357
203.677945128731	0.825321483540441
203.721293306203	0.825840060502525
203.764612910641	0.826358637464610
203.807903935969	0.826786665650970
203.851166376114	0.826809426124498
203.894400225010	0.826832186598027
203.937605476592	0.826854947071556
203.980782124801	0.826877707545085
204.023930163580	0.826871976389909
204.067049586879	0.826843371639595
204.110140388649	0.826814766889281
204.153202562846	0.826786162138966
204.196236103432	0.826757557388652
204.239241004370	0.826721009328464
204.282217259628	0.826683699616517
204.325164863179	0.826646389904570
204.368083809000	0.826609080192624
204.410974091070	0.826564721129530
204.453835703374	0.826499867045371
204.496668639901	0.826435012961212
204.539472894642	0.826370158877053
204.582248461595	0.826305304792893
204.624995334760	0.826214728037891
204.667713508141	0.826105889292813
204.710402975747	0.825997050547734
204.753063731591	0.825888211802655
204.795695769689	0.825779373057576
204.838299084061	0.825721559863449
204.880873668733	0.825669479228954
204.923419517733	0.825617398594459
204.965936625093	0.825565317959963
205.008424984851	0.825520178863915
205.050884591048	0.825503095879110
205.093315437727	0.825486012894305
205.135717518939	0.825468929909500
205.178090828735	0.825451846924695
205.220435361173	0.825442512763765
205.262751110313	0.825441483469785
205.305038070221	0.825440454175804
205.347296234966	0.825439424881824
205.389525598620	0.825438395587843
205.431726155261	0.825538383871887
205.473897898971	0.825671711916188
205.516040823833	0.825805039960488
205.558154923938	0.825938368004789
205.600240193378	0.826071708306782
205.642296626251	0.826207183409761
205.684324216658	0.826342658512740
205.726322958706	0.826478133615718
205.768292846502	0.826613608718697
205.810233874161	0.826740854543171
205.852146035800	0.826842612618311
205.894029325541	0.826944370693451
205.935883737509	0.827046128768590
205.977709265834	0.827147886843730
206.019505904650	0.827215863478417
206.061273648094	0.827245248967585
206.103012490309	0.827274634456752
206.144722425441	0.827304019945919
206.186403447638	0.827333405435086
206.228055551056	0.827371352392996
206.269678729853	0.827413447065208
206.311272978189	0.827455541737420
206.352838290233	0.827497636409632
206.394374660153	0.827539731081844
206.435882082125	0.827486540704721
206.477360550326	0.827418417315490
206.518810058939	0.827350293926258
206.560230602150	0.827282170537027
206.601622174150	0.827212038112254
206.642984769134	0.827092668101918
206.684318381301	0.826973298091583
206.725623004852	0.826853928081247
206.766898633995	0.826734558070911
206.808145262940	0.826615426441058
206.849362885904	0.826497263220668
206.890551497103	0.826379100000277
206.931711090763	0.826260936779887
206.972841661109	0.826142773559497
207.013943202373	0.826077525793512
207.055015708791	0.826115309864570
207.096059174601	0.826153093935629
207.137073594047	0.826190878006687
207.178058961377	0.826228662077746
207.219015270842	0.826264110126082
207.259942516697	0.826296863668946
207.300840693203	0.826329617211810
207.341709794624	0.826362370754675
207.382549815227	0.826395124297539
207.423360749284	0.826447292977380
207.464142591071	0.826513959393873
207.504895334868	0.826580625810367
207.545618974960	0.826647292226860
207.586313505635	0.826713958643354
207.626978921185	0.826827407701148
207.667615215907	0.826964581338257
207.708222384100	0.827101754975366
207.748800420071	0.827238928612475
207.789349318127	0.827376102249584
207.829869072582	0.827467476156085
207.870359677751	0.827542524644947
207.910821127957	0.827617573133809
207.951253417524	0.827692621622671
207.991656540781	0.827767670111533
208.032030492062	0.827795183981683
208.072375265704	0.827810320257437
208.112690856048	0.827825456533190
208.152977257440	0.827840592808944
208.193234464230	0.827855729084697
208.233462470770	0.827834438220668
208.273661271420	0.827805785046720
208.313830860541	0.827777131872772
208.353971232498	0.827748478698825
208.394082381663	0.827719825524877
208.434164302408	0.827687422672882
208.474216989113	0.827654370569071
208.514240436160	0.827621318465259
208.554234637935	0.827588266361447
208.594199588829	0.827555214257635
208.634135283237	0.827517664164821
208.674041715557	0.827479350029077
208.713918880192	0.827441035893332
208.753766771550	0.827402721757587
208.793585384041	0.827364407621842
208.833374712081	0.827335809792082
208.873134750089	0.827309078760266
208.912865492488	0.827282347728448
208.952566933706	0.827255616696631
208.992239068175	0.827228885664814
209.031881890330	0.827200985447749
209.071495394611	0.827172800723658
209.111079575463	0.827144615999567
209.150634427333	0.827116431275476
209.190159944674	0.827088246551386
209.229656121941	0.827007502777568
209.269122953596	0.826909326027688
209.308560434102	0.826811149277807
209.347968557930	0.826712972527927
209.387347319550	0.826614795778047
209.426696713441	NaN
