NaN	NaN
NaN	NaN
NaN	NaN
NaN	NaN
NaN	NaN
NaN	NaN
NaN	NaN
NaN	NaN
NaN	NaN
NaN	NaN
NaN	NaN
NaN	NaN
NaN	NaN
NaN	NaN
NaN	NaN
NaN	NaN
NaN	NaN
NaN	NaN
NaN	NaN
NaN	NaN
NaN	NaN
NaN	NaN
NaN	NaN
NaN	NaN
NaN	NaN
NaN	NaN
NaN	NaN
NaN	NaN
NaN	NaN
NaN	NaN
NaN	NaN
NaN	NaN
NaN	NaN
NaN	NaN
NaN	NaN
NaN	NaN
NaN	NaN
NaN	NaN
NaN	NaN
NaN	NaN
NaN	NaN
NaN	NaN
NaN	NaN
NaN	NaN
NaN	NaN
NaN	NaN
NaN	NaN
NaN	NaN
NaN	NaN
NaN	NaN
NaN	NaN
NaN	NaN
NaN	NaN
NaN	NaN
NaN	NaN
NaN	NaN
NaN	NaN
NaN	NaN
NaN	NaN
NaN	NaN
NaN	NaN
NaN	NaN
NaN	NaN
NaN	NaN
NaN	NaN
NaN	NaN
NaN	NaN
NaN	NaN
NaN	NaN
NaN	NaN
NaN	NaN
NaN	NaN
NaN	NaN
NaN	NaN
NaN	NaN
NaN	NaN
NaN	NaN
NaN	NaN
NaN	NaN
NaN	NaN
NaN	NaN
NaN	NaN
NaN	NaN
NaN	NaN
NaN	NaN
NaN	NaN
NaN	NaN
NaN	NaN
NaN	NaN
NaN	NaN
NaN	NaN
NaN	NaN
NaN	NaN
NaN	NaN
NaN	NaN
NaN	NaN
NaN	NaN
NaN	NaN
NaN	NaN
NaN	NaN
90.0206636803600	NaN
90.1016645898056	NaN
90.1826528619960	NaN
90.2636284855723	4.02069576659944e-07
90.3445914491770	4.26428753994015e-07
90.4255417414548	4.17801282176246e-07
90.5064793510518	3.37620342464457e-07
90.5874042666162	2.57439402752667e-07
90.6683164767978	2.02861248584986e-07
90.7492159702482	1.53003200380902e-07
90.8301027356208	1.16746374248556e-07
90.9109767615707	1.03433342080858e-07
90.9918380367550	9.01203099131607e-08
91.0726865498324	1.63260689358639e-07
91.1535222894635	2.46108145565858e-07
91.2343452443106	3.91996792569039e-07
91.3151554030378	6.23189248446461e-07
91.3959527543111	8.54381704323883e-07
91.4767372867982	1.06126008782404e-06
91.5575089891687	1.26685620517143e-06
91.6382678500937	1.39890772319638e-06
91.7190138582466	1.44930485694563e-06
91.7997470023021	1.49970199069488e-06
91.8804672709370	1.52047220934313e-06
91.9611746528299	1.54114928451344e-06
92.0418691366612	1.61847111104126e-06
92.1225507111129	1.74831557260989e-06
92.2032193648690	1.88690425230973e-06
92.2838750866153	2.23583957921322e-06
92.3645178650395	2.58477490611671e-06
92.4451476888308	2.88305143216618e-06
92.5257645466805	3.14151773957989e-06
92.6063684272817	3.36375512605282e-06
92.6869593193293	3.16371263629363e-06
92.7675372115198	2.96367014653445e-06
92.8481020925519	2.73408347355512e-06
92.9286539511258	2.48455984695141e-06
93.0091927759437	2.26704612639612e-06
93.0897185557096	2.29794460076111e-06
93.1702312791293	2.32884307512610e-06
93.2507309349105	2.46148001770644e-06
93.3312175117626	2.65381190553396e-06
93.4116909983969	2.84681320264776e-06
93.4921513835266	3.04375256927252e-06
93.5725986558667	3.24069193589727e-06
93.6530328041341	3.45294972711993e-06
93.7334538170473	3.67312170548489e-06
93.8138616833269	3.90741180318724e-06
93.8942563916952	4.20947369765364e-06
93.9746379308765	4.51153559212004e-06
94.0550062895967	4.85458880745702e-06
94.1353614565839	5.21654058808236e-06
94.2157034205676	5.55948550703354e-06
94.2960321702796	5.82420064625152e-06
94.3763476944533	6.08891578546949e-06
94.4566499818239	6.42733751828708e-06
94.5369390211287	6.79653044373734e-06
94.6172148011066	7.24013756260862e-06
94.6974773104986	7.95631518414944e-06
94.7777265380473	8.67249280569026e-06
94.8579624724975	9.54487854116089e-06
94.9381851025954	1.04772860377693e-05
95.0183944170896	1.13821948465479e-05
95.0985904047302	1.21947012131997e-05
95.1787730542691	1.30072075798516e-05
95.2589423544605	1.35280083934839e-05
95.3390982940602	1.39437657563984e-05
95.4192408618256	1.43215002640449e-05
95.4993700465166	1.45788936954679e-05
95.5794858368945	1.48362871268909e-05
95.6595882217226	1.55951851931605e-05
95.7396771897661	1.65267196897817e-05
95.8197527297921	1.75468641066899e-05
95.8998148305695	1.88375917334044e-05
95.9798634808693	2.01283193601189e-05
96.0598986694642	2.15239915267791e-05
96.1399203851287	2.29549406427148e-05
96.2199286166393	2.44917226372459e-05
96.2999233527746	2.63475367959733e-05
96.3799045823148	2.82033509547007e-05
96.4598722940420	2.98940810979024e-05
96.5398264767404	3.15294073927659e-05
96.6197671191960	3.33524734471871e-05
96.6996942101966	3.57469944678434e-05
96.7796077385320	3.81415154884997e-05
96.8595076929939	4.01886185615932e-05
96.9393940623759	4.21166774718364e-05
97.0192668354735	4.41908458094477e-05
97.0991260010841	4.67245787087565e-05
97.1789715480071	4.92583116080653e-05
97.2588034650435	5.20124383219816e-05
97.3386217409966	5.48453724621995e-05
97.4184263646715	5.76858611324174e-05
97.4982173248749	6.05515118302282e-05
97.5779946104160	6.34171625280391e-05
97.6577582101054	6.71467887617117e-05
97.7375081127559	7.12055543793287e-05
97.8172443071820	7.53461232279489e-05
97.8969667822004	7.97831146660503e-05
97.9766755266296	8.42201061041517e-05
98.0563705292899	8.86746756859294e-05
98.1360517790037	9.31365179633356e-05
98.2157192645953	9.82991954442847e-05
98.2953729748908	0.000106312724962882
98.3750128987184	0.000114326254481479
98.4546390249081	0.000122209007209730
98.5342513422919	0.000130031959250215
98.6138498397039	0.000138151682942192
98.6934345059797	0.000147680135265681
98.7730053299573	0.000157208587589170
98.8525623004765	0.000166439377923340
98.9321054063788	0.000175517309749706
99.0116346365080	0.000185156270670867
99.0911499797095	0.000198068869236863
99.1706514248311	0.000210981467802858
99.2501389607221	0.000225197689175349
99.3296125762340	0.000240176913081891
99.4090722602202	0.000255539550898375
99.4885180015360	0.000273876660146221
99.5679497890387	0.000292213769394068
99.6473676115875	0.000332116486304786
99.7267714580438	0.000386609796861189
99.8061613172706	0.000438748375674351
99.8855371781330	0.000462902882910950
99.9648990294983	0.000487057390147550
100.044246860235	0.000481794371020712
100.123580659215	0.000453196512663582
100.202900415311	0.000426700024982982
100.282206117398	0.000455565290281789
100.361497754352	0.000484430555580597
100.440775315053	0.000509123012639894
100.520038788382	0.000529875627919138
100.599288163221	0.000550628243198383
100.678523428456	0.000579651335436165
100.757744572972	0.000608749395790576
100.836951585660	0.000644316573659367
100.916144455409	0.000687280758776557
100.995323171112	0.000730244943893748
101.074487721665	0.000777977268343672
101.153638095963	0.000826008942304857
101.232774282907	0.000872556505221366
101.311896271395	0.000917004858982710
101.391004050332	0.000961453212744053
101.470097608621	0.00101297179375508
101.549176935170	0.00106539764903582
101.628242018887	0.00111997601013595
101.707292848683	0.00117842757842552
101.786329413470	0.00123687914671509
101.865351702164	0.00130390832449234
101.944359703680	0.00137273164840920
102.023353406938	0.00144180975990301
102.102332800858	0.00151149485672211
102.181297874363	0.00158117995354122
102.260248616378	0.00166259664583994
102.339185015829	0.00174765468500231
102.418107061646	0.00183299470303197
102.497014742758	0.00191928169959027
102.575908048099	0.00200556869614858
102.654786966603	0.00207844587263619
102.733651487208	0.00214542676829674
102.812501598852	0.00221208231062094
102.891337290475	0.00227701129197579
102.970158551022	0.00234194027333064
103.048965369436	0.00243013132827750
103.127757734664	0.00253249792848159
103.206535635656	0.00263379489708384
103.285299061363	0.00272326965763225
103.364048000736	0.00281274441818065
103.442782442733	0.00287675938414837
103.521502376308	0.00291938129737814
103.600207790423	0.00296206196332228
103.678898674037	0.00302693597358222
103.757575016114	0.00309180998384216
103.836236805620	0.00316935902924843
103.914884031520	0.00326174627222598
103.993516682785	0.00335413351520353
104.072134748387	0.00343787213764721
104.150738217298	0.00352083351127920
104.229327078493	0.00359883721150134
104.307901320951	0.00366851409135233
104.386460933651	0.00373819097120331
104.465005905574	0.00380638834209873
104.543536225704	0.00387427759746832
104.622051883027	0.00394459023098160
104.700552866530	0.00402110734110544
104.779039165204	0.00409762445122928
104.857510768039	0.00415596974183444
104.935967664031	0.00420769259899037
105.014409842175	0.00425954672154362
105.092837291469	0.00431198408770398
105.171250000914	0.00436442145386434
105.249647959510	0.00442016266926164
105.328031156264	0.00447781688995703
105.406399580180	0.00453421004301514
105.484753220268	0.00457642270455212
105.563092065537	0.00461863536608910
105.641416105001	0.00465567162670895
105.719725327675	0.00468809537363641
105.798019722573	0.00472051912056387
105.876299278717	0.00476699772583166
105.954563985125	0.00481384108005807
106.032813830822	0.00485751058046930
106.111048804833	0.00489678578569596
106.189268896184	0.00493606099092263
106.267474093904	0.00495924130418340
106.345664387026	0.00497986211909960
106.423839764581	0.00499633633013673
106.502000215607	0.00500336049780550
106.580145729140	0.00501038466547427
106.658276294220	0.00504180452766614
106.736391899888	0.00508153502446907
106.814492535190	0.00512333114937004
106.892578189170	0.00517419250558964
106.970648850876	0.00522505386180925
107.048704509360	0.00525421128634662
107.126745153672	0.00527029036187701
107.204770772868	0.00528763103115515
107.282781356004	0.00532434158550629
107.360776892139	0.00536105213985744
107.438757370332	0.00539191284162990
107.516722779648	0.00541685396573300
107.594673109150	0.00544179508983611
107.672608347907	0.00546943351482962
107.750528484986	0.00549726980802697
107.828433509460	0.00552665673370559
107.906323410402	0.00555874134846053
107.984198176887	0.00559082596321546
108.062057797993	0.00563041255160890
108.139902262800	0.00567190918760920
108.217731560389	0.00570427476892913
108.295545679845	0.00570569536674743
108.373344610254	0.00570711596456572
108.451128340703	0.00573007257753928
108.528896860284	0.00576425575049707
108.606650158089	0.00580219052257659
108.684388223213	0.00588023332871506
108.762111044752	0.00595827613485354
108.839818611805	0.00599975133333711
108.917510913474	0.00600643443468739
108.995187938862	0.00601311753603768
109.072849677073	0.00604213498396310
109.150496117216	0.00607262758037218
109.228127248400	0.00611805035835921
109.305743059738	0.00618974765091689
109.383343540342	0.00626144494347458
109.460928679329	0.00633278780730261
109.538498465818	0.00640403378821057
109.616052888929	0.00648184458080249
109.693591937783	0.00658480387744275
109.771115601507	0.00668776317408302
109.848623869227	0.00678070946474751
109.926116730072	0.00686770824092567
110.003594173172	0.00695236346024951
110.081056187663	0.00698884810777978
110.158502762678	0.00702533275531005
110.235933887356	0.00709232755249316
110.313349550837	0.00719455265255136
110.390749742262	0.00729677775260956
110.468134450776	0.00732394709509130
110.545503665526	0.00734092751458344
110.622857375659	0.00735852189982121
110.700195570326	0.00737757994981154
110.777518238681	0.00739663799980187
110.854825369878	0.00747281284859789
110.932116953075	0.00757240674038438
111.009392977431	0.00766745994178500
111.086653432107	0.00772970082684371
111.163898306268	0.00779194171190241
111.241127589080	0.00783197389112359
111.318341269710	0.00785251327553782
111.395539337329	0.00787305265995205
111.472721781109	0.00796045635684052
111.549888590226	0.00805196103005227
111.627039753856	0.00813024362607490
111.704175261179	0.00818402487255029
111.781295101375	0.00823780611902569
111.858399263628	0.00828974681022886
111.935487737124	0.00834109804287816
112.012560511051	0.00840354145790676
112.089617574599	0.00852294992141513
112.166658916960	0.00864235838492350
112.243684527329	0.00876775538230485
112.320694394902	0.00889772251023308
112.397688508879	0.00902768963816132
112.474666858460	0.00911666204963436
112.551629432849	0.00920436549223997
112.628576221252	0.00928649901972910
112.705507212876	0.00935920538933631
112.782422396931	0.00943191175894352
112.859321762630	0.00954411830918364
112.936205299187	0.00966802794891863
113.013072995818	0.00979497788560696
113.089924841743	0.00993676261168567
113.166760826183	0.0100785473377644
113.243580938361	0.0102296761911540
113.320385167502	0.0103879310789073
113.397173502834	0.0105461859666606
113.473945933588	0.0106963506116328
113.550702448995	0.0108462060464349
113.627443038290	0.0109682462421814
113.704167690710	0.0110403254120795
113.780876395494	0.0111124045819777
113.857569141882	0.0111928031238356
113.934245919119	0.0112759649523961
114.010906716450	0.0113694202082367
114.087551523122	0.0115249258248048
114.164180328387	0.0116804314413729
114.240793121496	0.0118533161090562
114.317389891704	0.0120414594130912
114.393970628268	0.0122296027171262
114.470535320446	0.0123457871829277
114.547083957502	0.0124558212241534
114.623616528697	0.0125643042310791
114.700133023298	0.0126693122983911
114.776633430573	0.0127743203657031
114.853117739793	0.0128881530068879
114.929585940229	0.0130058671830776
115.006038021158	0.0131267602908375
115.082473971856	0.0132847215708918
115.158893781603	0.0134426828509461
115.235297439680	0.0135849669062758
115.311684935371	0.0137089957017618
115.388056257962	0.0138330244972479
115.464411396743	0.0140445951158718
115.540750341003	0.0142723968402481
115.617073080037	0.0144993685958134
115.693379603138	0.0147234603671682
115.769669899605	0.0149475521385230
115.845943958738	0.0151840591911585
115.922201769839	0.0154287613729508
115.998443322212	0.0156734635547431
116.074668605163	0.0159630832239908
116.150877608003	0.0162536392331911
116.227070320041	0.0165089300524310
116.303246730592	0.0167002346598751
116.379406828972	0.0168915392673192
116.455550604499	0.0171575493500505
116.531678046492	0.0174512505705481
116.607789144275	0.0177422157727573
116.683883887173	0.0180091847465069
116.759962264513	0.0182761537202565
116.836024265625	0.0185502000139727
116.912069879840	0.0188321112727345
116.988099096493	0.0191140225314964
117.064111904920	0.0194029202834841
117.140108294460	0.0196931147801783
117.216088254454	0.0200104557722676
117.292051774246	0.0204288440942403
117.367998843181	0.0208472324162129
117.443929450606	0.0212697070675110
117.519843585874	0.0216951581545084
117.595741238335	0.0221206092415057
117.671622397346	0.0225023780002180
117.747487052263	0.0228815496196087
117.823335192445	0.0232863786077260
117.899166807256	0.0237489400454364
117.974981886058	0.0242115014831468
118.050780418219	0.0246624472723761
118.126562393107	0.0251076709702296
118.202327800093	0.0255555703238095
118.278076628551	0.0260878728859760
118.353808867858	0.0266201754481426
118.429524507390	0.0272055348558189
118.505223536528	0.0278738927033632
118.580905944655	0.0285422505509074
118.656571721157	0.0291749360966216
118.732220855420	0.0297955828531641
118.807853336835	0.0304127652246056
118.883469154794	0.0310000510940226
118.959068298690	0.0315873369634396
119.034650757922	0.0322446335142735
119.110216521888	0.0329846221383899
119.185765579989	0.0337246107625063
119.261297921629	0.0344218207695264
119.336813536215	0.0351090979461326
119.412312413155	0.0358097675027159
119.487794541860	0.0365791583479269
119.563259911743	0.0373485491931379
119.638708512220	0.0381687338984687
119.714140332708	0.0390371241352733
119.789555362628	0.0399055143720779
119.864953591403	0.0408132543394897
119.940335008457	0.0417273211129918
120.015699603218	0.0426472553953928
120.091047365116	0.0435894861625938
120.166378283582	0.0445317169297948
120.241692348051	0.0455312290293975
120.316989547960	0.0465769290610765
120.392269872748	0.0476226290927555
120.467533311857	0.0487965697973614
120.542779854730	0.0499851877892574
120.618009490813	0.0511632442289793
120.693222209556	0.0523077479982715
120.768418000409	0.0534522517675637
120.843596852825	0.0545687070973281
120.918758756261	0.0556648461292301
120.993903700175	0.0567609851611322
121.069031674026	0.0580775796727819
121.144142667278	0.0594136408137777
121.219236669397	0.0607563829930568
121.294313669849	0.0621185226721284
121.369373658105	0.0634806623511999
121.444416623638	0.0648293421091990
121.519442555922	0.0661687419740062
121.594451444433	0.0675081418388135
121.669443278653	0.0690757698727982
121.744418048063	0.0706616314455701
121.819375742147	0.0722831341357469
121.894316350392	0.0740068667177415
121.969239862287	0.0757305992997362
122.044146267323	0.0774895020206008
122.119035554996	0.0792729077244956
122.193907714801	0.0810563134283905
122.268762736236	0.0829328557880288
122.343600608803	0.0848176490034835
122.418421322006	0.0867389543887818
122.493224865351	0.0887720341136353
122.568011228346	0.0908051138384887
122.642780400501	0.0929319165328073
122.717532371330	0.0951287919876777
122.792267130349	0.0973256674425482
122.866984667075	0.0996431523883637
122.941684971030	0.101974559182287
123.016368031735	0.104331487068895
123.091033838717	0.106779329548868
123.165682381503	0.109227172028841
123.240313649623	0.111749500215411
123.314927632609	0.114335228244138
123.389524319997	0.116920956272865
123.464103701324	0.119660018006497
123.538665766130	0.122424134333231
123.613210503957	0.125229106321920
123.687737904350	0.128223742756371
123.762247956856	0.131218379190822
123.836740651024	0.134246534541738
123.911215976407	0.137309127510059
123.985673922558	0.140371720478380
124.060114479035	0.143451771509434
124.134537635398	0.146535982544485
124.208943381207	0.149649971936207
124.283331706027	0.152981903169282
124.357702599425	0.156313834402356
124.432056050969	0.159704019625998
124.506392050232	0.163171061035914
124.580710586787	0.166638102445831
124.655011650210	0.170103687036692
124.729295230081	0.173568760864446
124.803561315980	0.177043221909262
124.877809897492	0.180704031792414
124.952040964203	0.184364841675566
125.026254505701	0.188070226988150
125.100450511578	0.191857028606870
125.174628971427	0.195643830225590
125.248789874844	0.199441985466038
125.322933211429	0.203246043966724
125.397058970780	0.207050102467410
125.471167142503	0.211200338609839
125.545257716204	0.215364879181079
125.619330681489	0.219557858309782
125.693386027971	0.223831362730473
125.767423745263	0.228104867151165
125.841443822980	0.232428852791373
125.915446250742	0.236792513704476
125.989431018167	0.241156174617579
126.063398114881	0.245817455415632
126.137347530508	0.250528346062452
126.211279254676	0.255217053454818
126.285193277017	0.259782554786686
126.359089587163	0.264348056118554
126.432968174751	0.268865862179551
126.506829029418	0.273324489911907
126.580672140804	0.277783117644263
126.654497498554	0.282522998213064
126.728305092312	0.287362614909548
126.802094911726	0.292203355892534
126.875866946448	0.297082569437470
126.949621186130	0.301961782982406
127.023357620428	0.306801488050277
127.097076239000	0.311555989602298
127.170777031506	0.316310491154319
127.244459987610	0.321144850839442
127.318125096976	0.326031693885673
127.391772349274	0.330918536931905
127.465401734174	0.335893793635892
127.539013241348	0.340880171594593
127.612606860472	0.345865708140857
127.686182581225	0.350847174770684
127.759740393287	0.355828641400511
127.833280286341	0.360726657686333
127.906802250073	0.365523735155088
127.980306274171	0.370320812623843
128.053792348325	0.375142389684664
128.127260462229	0.379972935120766
128.200710605578	0.384804523798683
128.274142768071	0.389742889696270
128.347556939409	0.394681255593856
128.420953109294	0.399505543846137
128.494331267432	0.404044344566723
128.567691403532	0.408583145287309
128.641033507304	0.413063434234534
128.714357568463	0.417497658313645
128.787663576723	0.421931882392757
128.860951521804	0.426492760320744
128.934221393425	0.431079269534864
129.007473181312	0.435619858825759
129.080706875189	0.439756312812552
129.153922464785	0.443892766799346
129.227119939832	0.447958669475666
129.300299290063	0.451904718208974
129.373460505214	0.455850766942283
129.446603575024	0.459823228266803
129.519728489234	0.463810729011373
129.592835237589	0.467798229755943
129.665923809834	0.471537863682370
129.738994195718	0.475250562173650
129.812046384993	0.478904684360365
129.885080367413	0.482262198333826
129.958096132735	0.485619712307287
130.031093670717	0.488876846202752
130.104072971121	0.491998718090928
130.177034023712	0.495120589979105
130.249976818256	0.498107256985464
130.322901344523	0.501031800675133
130.395807592285	0.503956344364803
130.468695551316	0.506763448756945
130.541565211393	0.509563386827293
130.614416562296	0.512349053162818
130.687249593807	0.515076879002410
130.760064295711	0.517804704842001
130.832860657795	0.520433693296280
130.905638669849	0.522942579216064
130.978398321666	0.525451465135847
131.051139603040	0.527796943473143
131.123862503769	0.530073406161821
131.196567013654	0.532349868850499
131.269253122497	0.534528456607210
131.341920820104	0.536702193129575
131.414570096282	0.538772811098464
131.487200940843	0.540432430977201
131.559813343599	0.542092050855937
131.632407294365	0.543681132817737
131.704982782961	0.545182755262478
131.777539799207	0.546684377707218
131.850078332927	0.548204481639822
131.922598373946	0.549732873493135
131.995099912093	0.551261265346448
132.067582937201	0.552526312898507
132.140047439101	0.553772269076329
132.212493407632	0.555028987152934
132.284920832631	0.556337342221667
132.357329703942	0.557645697290400
132.429720011407	0.559075853387705
132.502091744873	0.560680862109658
132.574444894191	0.562285870831611
132.646779449213	0.564025054353687
132.719095399792	0.565837526794128
132.791392735786	0.567649999234569
132.863671447056	0.569490852151813
132.935931523463	0.571335541125266
133.008172954873	0.573169701289645
133.080395731154	0.574921335772673
133.152599842175	0.576672970255701
133.224785277810	0.578315639392800
133.296952027935	0.579749946387733
133.369100082427	0.581184253382667
133.441229431168	0.582442047800327
133.513340064041	0.583567569653601
133.585431970932	0.584693091506875
133.657505141730	0.585686247485816
133.729559566326	0.586645874992377
133.801595234613	0.587600110317100
133.873612136490	0.588316272761146
133.945610261854	0.589032435205191
134.017589600609	0.589783034308277
134.089550142657	0.590640103119365
134.161491877907	0.591497171930453
134.233414796268	0.592363449038900
134.305318887653	0.593240336664531
134.377204141976	0.594117224290161
134.449070549156	0.594819996314917
134.520918099112	0.595441892998504
134.592746781768	0.596063789682092
134.664556587049	0.596526232335835
134.736347504884	0.596970761976134
134.808119525204	0.597431616027939
134.879872637941	0.598020427591420
134.951606833033	0.598609239154901
135.023322100418	0.599257893194771
135.095018430038	0.600030703632421
135.166695811837	0.600803514070071
135.238354235761	0.601524216838952
135.309993691761	0.602199678813001
135.381614169789	0.602875140787050
135.453215659798	0.603564289979302
135.524798151748	0.604258167440044
135.596361635597	0.604952044900785
135.667906101309	0.605658952944728
135.739431538850	0.606366559070782
135.810937938187	0.607067701949444
135.882425289291	0.607733059489490
135.953893582136	0.608398417029536
136.025342806698	0.609027410046354
136.096772952956	0.609590253462527
136.168184010891	0.610153096878700
136.239575970487	0.610675873626720
136.310948821733	0.611166444168908
136.382302554616	0.611657014711096
136.453637159129	0.612182333013240
136.524952625268	0.612719114734379
136.596248943029	0.613255896455518
136.667526102413	0.613810146073048
136.738784093424	0.614365365903668
136.810022906066	0.614869830116621
136.881242530348	0.615064340197930
136.952442956282	0.615258850279240
137.023624173880	0.615462098160448
137.094786173160	0.615682933467243
137.165928944140	0.615903768774037
137.237052476843	0.616136878648930
137.308156761292	0.616381273904335
137.379241787516	0.616625669159740
137.450307545543	0.616907646399140
137.521354025408	0.617205128855525
137.592381217144	0.617502611311910
137.663389110790	0.617862829363387
137.734377696387	0.618230586633730
137.805346963978	0.618596953395806
137.876296903610	0.618946256967575
137.947227505331	0.619295560539345
138.018138759193	0.619618263115473
138.089030655250	0.619863583782181
138.159903183559	0.620108904448889
138.230756334181	0.620398730162122
138.301590097176	0.620746568928191
138.372404462612	0.621094407694260
138.443199420554	0.621526349115378
138.513974961075	0.622012007484460
138.584731074248	0.622497665853543
138.655467750148	0.622978599801240
138.726184978854	0.623458233407654
138.796882750448	0.623937867014067
138.867561055014	0.624263817269370
138.938219882639	0.624582677534200
139.008859223412	0.624883500271510
139.079479067427	0.625058554708237
139.150079404779	0.625233609144965
139.220660225564	0.625447785380758
139.291221519885	0.625756477249339
139.361763277844	0.626065169117921
139.432285489547	0.626421444213109
139.502788145104	0.626834065887770
139.573271234625	0.627246687562431
139.643734748226	0.627809492028550
139.714178676024	0.628464068985899
139.784603008137	0.629118645943248
139.855007734690	0.629852401251176
139.925392845806	0.630608315991343
139.995758331615	0.631364230731510
140.066104182247	0.631882663526244
140.136430387836	0.632385859992877
140.206736938518	0.632881830142085
140.277023824432	0.633309622400118
140.347291035720	0.633737414658152
140.417538562527	0.634202428351567
140.487766395001	0.634779288841144
140.557974523290	0.635356149330721
140.628162937549	0.635869647721143
140.698331627933	0.636288608793549
140.768480584600	0.636707569865955
140.838609797711	0.637060017987174
140.908719257432	0.637358175299127
140.978808953927	0.637656332611079
141.048878877368	0.637996755725953
141.118929017925	0.638355500258538
141.188959365775	0.638714244791123
141.258969911095	0.639129869506877
141.328960644066	0.639556142129280
141.398931554871	0.639982414751684
141.468882633696	0.640176356818127
141.538813870731	0.640366695649981
141.608725256167	0.640584860926349
141.678616780199	0.640998132768086
141.748488433023	0.641411404609823
141.818340204841	0.641883036675507
141.888172085854	0.642518560249927
141.957984066269	0.643154083824347
142.027776136295	0.643785801181289
142.097548286142	0.644411761834633
142.167300506024	0.645037722487978
142.237032786159	0.645524766371632
142.306745116766	0.645889165848298
142.376437488067	0.646253565324963
142.446109890288	0.646645427387555
142.515762313657	0.647051321054618
142.585394748405	0.647457214721681
142.655007184765	0.647802739391225
142.724599612974	0.648132237455955
142.794172023271	0.648461735520684
142.863724405898	0.648696485990157
142.933256751101	0.648922572452886
143.002769049126	0.649148105988732
143.072261290224	0.649360313958542
143.141733464649	0.649572521928352
143.211185562657	0.649777570668133
143.280617574507	0.649945331674129
143.350029490460	0.650113092680124
143.419421300781	0.650279261717313
143.488792995738	0.650441335248345
143.558144565601	0.650603408779377
143.627476000643	0.650783762633601
143.696787291139	0.650991959692429
143.766078427368	0.651200156751257
143.835349399613	0.651464575422579
143.904600198157	0.651782936988141
143.973830813288	0.652101298553703
144.043041235295	0.652438897852467
144.112231454471	0.652788192050587
144.181401461113	0.653137486248706
144.250551245518	0.653426947075402
144.319680797988	0.653694397518095
144.388790108828	0.653961847960788
144.457879168344	0.654218380268246
144.526947966845	0.654472798283418
144.595996494646	0.654727216298589
144.665024742061	0.655013297426373
144.734032699409	0.655301327745266
144.803020357011	0.655586623838930
144.871987705191	0.655812210278214
144.940934734276	0.656037796717497
145.009861434596	0.656273737761023
145.078767796483	0.656571688954766
145.147653810274	0.656869640148509
145.216519466306	0.657175380565180
145.285364754921	0.657505799542604
145.354189666462	0.657836218520029
145.422994191277	0.658173091985338
145.491778319715	0.658522822561730
145.560542042130	0.658872553138122
145.629285348876	0.659255199435652
145.698008230311	0.659682188580783
145.766710676799	0.660109177725915
145.835392678701	0.660478268287117
145.904054226386	0.660792909190193
145.972695310222	0.661107550093269
146.041315920584	0.661295668398700
146.109916047846	0.661400183452668
146.178495682386	0.661504698506636
146.247054814587	0.661440752254864
146.315593434832	0.661299829678920
146.384111533509	0.661158907102975
146.452609101007	0.661066786330424
146.521086127719	0.660989402000927
146.589542604041	0.660912017671431
146.657978520372	0.661205230652597
146.726393867113	0.661565277209721
146.794788634668	0.661925323766844
146.863162813445	0.662453361946358
146.931516393854	0.662995258553791
146.999849366308	0.663537155161225
147.068161721222	0.664093121423245
147.136453449016	0.664649118774203
147.204724540111	0.665188285222139
147.272974984932	0.665501103821295
147.341204773907	0.665813922420451
147.409413897465	0.666123577198968
147.477602346041	0.666413475025345
147.545770110070	0.666703372851721
147.613917179991	0.666974006538410
147.682043546246	0.667169586664413
147.750149199281	0.667365166790417
147.818234129543	0.667503701848437
147.886298327483	0.667486303262485
147.954341783554	0.667468904676533
148.022364488213	0.667458942418983
148.090366431919	0.667464159501544
148.158347605135	0.667469376584105
148.226307998327	0.667531860958957
148.294247601961	0.667685000533795
148.362166406510	0.667838140108633
148.430064402447	0.668036061734889
148.497941580249	0.668290329361866
148.565797930396	0.668544596988843
148.633633443371	0.668646409545452
148.701448109660	0.668593213315619
148.769241919751	0.668540017085786
148.837014864135	0.668536414194357
148.904766933308	0.668574015381989
148.972498117766	0.668611616569621
149.040208408011	0.668733297295046
149.107897794544	0.668912478172665
149.175566267873	0.669091659050285
149.243213818506	0.669409871897215
149.310840436956	0.669806683443027
149.378446113737	0.670203494988839
149.446030839368	0.670382175504596
149.513594604369	0.670458732144099
149.581137399265	0.670535288783601
149.648659214581	0.670605481093913
149.716160040848	0.670673206671008
149.783639868598	0.670740932248102
149.851098688367	0.670826934877671
149.918536490693	0.670918788323499
149.985953266118	0.671010641769327
150.053349005186	0.671170871904154
150.120723698445	0.671349102748541
150.188077336445	0.671527333592929
150.255409909739	0.671593991847370
150.322721408883	0.671636646509438
150.390011824438	0.671679301171506
150.457281146963	0.671696864551847
150.524529367026	0.671710053410671
150.591756475194	0.671723242269495
150.658962462038	0.671811479993175
150.726147318132	0.671910208654997
150.793311034053	0.672008937316819
150.860453600380	0.672058356131539
150.927575007698	0.672102319854094
150.994675246591	0.672146283576648
151.061754307648	0.672050271533345
151.128812181462	0.671942191968886
151.195848858626	0.671834112404428
151.262864329740	0.671539496773722
151.329858585402	0.671232565414196
151.396831616218	0.670925634054669
151.463783412794	0.670901105683259
151.530713965739	0.670890603325231
151.597623265666	0.670880100967204
151.664511303191	0.670924732607536
151.731378068932	0.670971395200972
151.798223553510	0.671018057794407
151.865047747552	0.671091823188986
151.931850641682	0.671166328648921
151.998632226534	0.671240834108855
152.065392492739	0.671088215882645
152.132131430935	0.670930847750698
152.198849031761	0.670773479618752
152.265545285859	0.670811805392714
152.332220183875	0.670853567027199
152.398873716457	0.670895328661683
152.465505874257	0.671064129018373
152.532116647930	0.671235113310685
152.598706028132	0.671406097602998
152.665274005524	0.671605614915306
152.731820570771	0.671805697773992
152.798345714537	0.672005780632678
152.864849427493	0.672017840547218
152.931331700312	0.672025104777679
152.997792523668	0.672032369008141
153.064231888240	0.671970981529145
153.130649784710	0.671907235031218
153.197046203762	0.671843488533290
153.263421136084	0.671827659392002
153.329774572366	0.671814061628735
153.396106503303	0.671800463865468
153.462416919589	0.671986856007355
153.528705811926	0.672185721357801
153.594973171015	0.672384586708247
153.661218987562	0.672621696870729
153.727443252277	0.672861946903604
153.793645955870	0.673102196936479
153.859827089057	0.673253752656441
153.925986642554	0.673395889964923
153.992124607084	0.673538027273406
154.058240973369	0.673576584230228
154.124335732136	0.673601137219708
154.190408874116	0.673625690209189
154.256460390041	0.673646979405480
154.322490270647	0.673667714258648
154.388498506673	0.673688449111816
154.454485088861	0.673773079749093
154.520450007956	0.673871196240327
154.586393254707	0.673969312731561
154.652314819863	0.674066992844069
154.718214694180	0.674164559475899
154.784092868414	0.674262126107728
154.849949333326	0.674342523017031
154.915784079679	0.674417452854103
154.981597098239	0.674492382691174
155.047388379775	0.674523532720724
155.113157915061	0.674537683995161
155.178905694872	0.674551835269597
155.244631709985	0.674684865699596
155.310335951183	0.674874072805377
155.376018409250	0.675063279911158
155.441679074974	0.675281263027510
155.507317939146	0.675515800760328
155.572934992559	0.675750338493147
155.638530226011	0.675946251088628
155.704103630300	0.676115036500174
155.769655196231	0.676283821911720
155.835184914609	0.676368325452217
155.900692776243	0.676380153117947
155.966178771946	0.676391980783678
156.031642892532	0.676411221901757
156.097085128820	0.676438385506612
156.162505471631	0.676465549111468
156.227903911791	0.676599378636701
156.293280440125	0.676876511507693
156.358635047465	0.677153644378685
156.423967724645	0.677422482866559
156.489278462501	0.677677008785133
156.554567251873	0.677931534703706
156.619834083604	0.678183553745707
156.685078948540	0.678429831399994
156.750301837530	0.678676109054281
156.815502741426	0.678891028076878
156.880681651083	0.679005435394118
156.945838557359	0.679119842711357
157.010973451117	0.679237458771928
157.076086323220	0.679370909527114
157.141177164536	0.679504360282300
157.206245965936	0.679639212841563
157.271292718293	0.679787264989925
157.336317412485	0.679935317138287
157.401320039390	0.680079497952544
157.466300589893	0.680036943339593
157.531259054879	0.679994388726641
157.596195425237	0.679951834113689
157.661109691860	0.679957447071849
157.726001845644	0.679966058364510
157.790871877486	0.679974669657171
157.855719778289	0.680051952274920
157.920545538957	0.680140482881426
157.985349150397	0.680229013487931
158.050130603522	0.680321931316707
158.114889889245	0.680416131110134
158.179626998482	0.680510330903562
158.244341922155	0.680578194348717
158.309034651187	0.680633959558199
158.373705176504	0.680689724767682
158.438353489035	0.680681063432721
158.502979579714	0.680628239380212
158.567583439477	0.680575415327704
158.632165059262	0.680585134184503
158.696724430011	0.680657874132467
158.761261542669	0.680730614080431
158.825776388186	0.680817813528764
158.890268957512	0.680926739918483
158.954739241602	0.681035666308202
159.019187231413	0.681112337202031
159.083612917907	0.681112933758466
159.148016292047	0.681113530314901
159.212397344801	0.681106891581788
159.276756067138	0.681069919558950
159.341092450032	0.681032947536112
159.405406484459	0.680993072365949
159.469698161399	0.680921570712151
159.533967471836	0.680850069058352
159.598214406753	0.680778567404553
159.662438957142	0.680769043374111
159.726641113993	0.680761291458028
159.790820868302	0.680753539541945
159.854978211068	0.680762973164689
159.919113133292	0.680775275584352
159.983225625978	0.680787578004015
160.047315680136	0.680825563486661
160.111383286775	0.680872652564690
160.175428436910	0.680919741642718
160.239451121558	0.680924141613566
160.303451331739	0.680901957927011
160.367429058478	0.680879774240456
160.431384292801	0.680857018101453
160.495317025739	0.680833667969546
160.559227248323	0.680810317837639
160.623114951590	0.680851308946922
160.686980126580	0.681005772574086
160.750822764335	0.681160236201251
160.814642855901	0.681325970248113
160.878440392327	0.681529548778302
160.942215364665	0.681733127308492
161.005967763970	0.681941180039451
161.069697581300	0.682192547921860
161.133404807718	0.682443915804270
161.197089434287	0.682695283686679
161.260751452076	0.682721145656174
161.324390852155	0.682736205581596
161.388007625599	0.682751265507018
161.451601763486	0.682722795799023
161.515173256895	0.682684211487638
161.578722096911	0.682645627176253
161.642248274620	0.682607862361166
161.705751781113	0.682570510203976
161.769232607483	0.682533158046785
161.832690744827	0.682495795238828
161.896126184243	0.682458422408521
161.959538916835	0.682421049578214
162.022928933709	0.682383774351557
162.086296225974	0.682346671328677
162.149640784742	0.682309568305796
162.212962601130	0.682288471880186
162.276261666255	0.682329549341465
162.339537971240	0.682370626802744
162.402791507210	0.682412692964670
162.466022265293	0.682476170038214
162.529230236621	0.682539647111759
162.592415412328	0.682603124185304
162.655577783553	0.682713293599674
162.718717341436	0.682829833890506
162.781834077123	0.682946374181338
162.844927981759	0.683016244328369
162.907999046497	0.683067247533288
162.971047262490	0.683118250738207
163.034072620895	0.683146574790770
163.097075112873	0.683155631008803
163.160054729587	0.683164687226836
163.223011462203	0.683161667270695
163.285945301893	0.683137688228655
163.348856239829	0.683113709186616
163.411744267187	0.683095106252170
163.474609375147	0.683099910877993
163.537451554892	0.683104715503816
163.600270797608	0.683109891971407
163.663067094484	0.683200941743744
163.725840436712	0.683291991516080
163.788590815489	0.683383041288416
163.851318222013	0.683459668871322
163.914022647487	0.683533090661349
163.976704083115	0.683606512451376
164.039362520107	0.683668089791585
164.101997949674	0.683722658507475
164.164610363031	0.683777227223364
164.227199751396	0.683771810740760
164.289766105991	0.683688361652394
164.352309418041	0.683604912564028
164.414829678774	0.683520824701265
164.477326879420	0.683434682985630
164.539801011214	0.683348541269994
164.602252065395	0.683267934922771
164.664680033202	0.683335266589920
164.727084905880	0.683402598257068
164.789466674676	0.683469929924216
164.851825330841	0.683562765536564
164.914160865629	0.683660783794600
164.976473270297	0.683758802052636
165.038762536105	0.683885197674041
165.101028654316	0.684028813620272
165.163271616199	0.684172429566502
165.225491413022	0.684269370136677
165.287688036058	0.684299072648378
165.349861476586	0.684328775160079
165.412011725884	0.684353128291264
165.474138775235	0.684355156554811
165.536242615927	0.684357184818358
165.598323239247	0.684359213081905
165.660380636490	0.684506258044070
165.722414798952	0.684657329400031
165.784425717931	0.684808400755992
165.846413384730	0.684967745245014
165.908377790656	0.685129865318345
165.970318927018	0.685291985391676
166.032236785127	0.685450065293757
166.094131356299	0.685604426021548
166.156002631854	0.685758786749339
166.217850603114	0.685892238111128
166.279675261404	0.685974162666256
166.341476598053	0.686056087221385
166.403254604393	0.686134344237858
166.465009271759	0.686146664415376
166.526740591490	0.686158984592894
166.588448554927	0.686171304770412
166.650133153416	0.686262978054741
166.711794378305	0.686372932070679
166.773432220947	0.686482886086617
166.835046672695	0.686604419159110
166.896637724908	0.686734728298085
166.958205368947	0.686865037437060
167.019749596178	0.687021094841113
167.081270397968	0.687231631133064
167.142767765689	0.687442167425016
167.204241690715	0.687649985285205
167.265692164425	0.687821130683864
167.327119178200	0.687992276082523
167.388522723423	0.688163421481183
167.449902791483	0.688268186856014
167.511259373772	0.688357688209401
167.572592461683	0.688447189562788
167.633902046614	0.688498830738078
167.695188119966	0.688519870298313
167.756450673144	0.688540909858547
167.817689697555	0.688544775994265
167.878905184609	0.688506371872449
167.940097125722	0.688467967750634
168.001265512310	0.688429760734983
168.062410335795	0.688400882064862
168.123531587600	0.688372003394741
168.184629259153	0.688343124724620
168.245703341885	0.688320421059398
168.306753827229	0.688299793748102
168.367780706623	0.688279166436805
168.428783971508	0.688279363912412
168.489763613328	0.688302867105035
168.550719623529	0.688326370297657
168.611651993563	0.688354082689193
168.672560714883	0.688399593826271
168.733445778946	0.688445104963349
168.794307177214	0.688490616100428
168.855144901149	0.688600964820327
168.915958942220	0.688718005683241
168.976749291896	0.688835046546155
169.037515941652	0.688958296168918
169.098258882964	0.689085392958400
169.158978107313	0.689212489747883
169.219673606183	0.689343844410767
169.280345371061	0.689484075543335
169.340993393438	0.689624306675902
169.401617664806	0.689760766152500
169.462218176664	0.689759674080337
169.522794920512	0.689758582008174
169.583347887853	0.689757489936012
169.643877070194	0.689678426759697
169.704382459047	0.689569777951167
169.764864045925	0.689461129142638
169.825321822344	0.689371040018347
169.885755779826	0.689306698827443
169.946165909894	0.689242357636539
170.006552204076	0.689178619730301
170.066914653901	0.689119837549084
170.127253250904	0.689061055367868
170.187567986623	0.689002273186651
170.247858852596	0.688990916934671
170.308125840369	0.688991877808050
170.368368941488	0.688992838681428
170.428588147504	0.688987342493144
170.488783449972	0.688974703362981
170.548954840447	0.688962064232818
170.609102310492	0.688933612500067
170.669225851669	0.688816502023659
170.729325455547	0.688699391547251
170.789401113696	0.688582281070844
170.849452817689	0.688526180904037
170.909480559105	0.688483154086635
170.969484329525	0.688440127269233
171.029464120531	0.688480330861793
171.089419923713	0.688606718110713
171.149351730660	0.688733105359634
171.209259532967	0.688863289318788
171.269143322232	0.689014236636205
171.329003090055	0.689165183953622
171.388838828041	0.689316131271039
171.448650527797	0.689484713377565
171.508438180935	0.689657340366535
171.568201779070	0.689829967355504
171.627941313818	0.689940218336026
171.687656776801	0.689979497346130
171.747348159644	0.690018776356235
171.807015453975	0.690047491426284
171.866658651424	0.689996938617198
171.926277743628	0.689946385808111
171.985872722223	0.689895832999025
172.045443578851	0.689906783348608
172.104990305158	0.689936849678582
172.164512892790	0.689966916008557
172.224011333401	0.690005482282630
172.283485618645	0.690056608346525
172.342935740180	0.690107734410419
172.402361689669	0.690161875210997
172.461763458776	0.690288845613144
172.521141039169	0.690415816015292
172.580494422522	0.690542786417440
172.639823600509	0.690665648712637
172.699128564809	0.690786499265986
172.758409307104	0.690907349819334
172.817665819080	0.690987554896195
172.876898092426	0.690972087751380
172.936106118834	0.690956620606566
172.995289889999	0.690941153461751
173.054449397622	0.690912054318677
173.113584633404	0.690881776184841
173.172695589051	0.690851498051005
173.231782256274	0.690847341310189
173.290844626783	0.690865621114857
173.349882692297	0.690883900919524
173.408896444534	0.690902188637704
173.467885875217	0.690920520926926
173.526850976073	0.690938853216148
173.585791738832	0.690957185505369
173.644708155226	0.690997283621051
173.703600216993	0.691044297510692
173.762467915872	0.691091311400334
173.821311243607	0.691112669838800
173.880130191946	0.691088854697808
173.938924752637	0.691065039556816
173.997694917435	0.691041224415824
174.056440678098	0.690875493490498
174.115162026385	0.690703967738368
174.173858954061	0.690532441986238
174.232531452893	0.690365820622727
174.291179514652	0.690203139428302
174.349803131112	0.690040458233877
174.408402294051	0.689878512718893
174.466976995251	0.689720961390998
174.525527226495	0.689563410063102
174.584052979571	0.689405858735206
174.642554246272	0.689314359388058
174.701031018392	0.689247607607893
174.759483287730	0.689180855827728
174.817911046086	0.689139556146126
174.876314285267	0.689155819805197
174.934692997080	0.689172083464267
174.993047173339	0.689188347123337
175.051376805858	0.689196896986180
175.109681886456	0.689204403156820
175.167962406957	0.689211909327461
175.226218359185	0.689212809493814
175.284449734969	0.689205639120921
175.342656526144	0.689198468748027
175.400838724544	0.689189934603607
175.458996322010	0.689088177598655
175.517129310384	0.688986420593703
175.575237681513	0.688884663588750
175.633321427248	0.688747079778821
175.691380539441	0.688582877415896
175.749415009949	0.688418675052972
175.807424830633	0.688249831024485
175.865409993356	0.688049370165323
175.923370489986	0.687848909306162
175.981306312394	0.687648448447000
176.039217452453	0.687434415071268
176.097103902042	0.687213913484718
176.154965653041	0.686993411898168
176.212802697335	0.686787938391691
176.270615026812	0.686635315982989
176.328402633364	0.686482693574287
176.386165508885	0.686330071165585
176.443903645274	0.686196853981260
176.501617034433	0.686069750290356
176.559305668267	0.685942646599452
176.616969538686	0.685821041885656
176.674608637600	0.685712621340900
176.732222956927	0.685604200796144
176.789812488586	0.685495780251388
176.847377224498	0.685401954149185
176.904917156591	0.685311265618280
176.962432276794	0.685220577087375
177.019922577041	0.685108270988844
177.077388049268	0.684955209650828
177.134828685414	0.684802148312812
177.192244477425	0.684649086974797
177.249635417246	0.684501266009365
177.307001496829	0.684354263677131
177.364342708128	0.684207261344896
177.421659043100	0.684100850617570
177.478950493706	0.684061251469566
177.536217051911	0.684021652321561
177.593458709682	0.683982053173556
177.650675458992	0.683965150408417
177.707867291816	0.683951176708158
177.765034200132	0.683937203007900
177.822176175921	0.683943672089259
177.879293211170	0.683982366877319
177.936385297868	0.684021061665379
177.993452428007	0.684059756453439
178.050494593583	0.684099397181792
178.107511786595	0.684139160542555
178.164503999047	0.684178923903319
178.221471222945	0.684185009082316
178.278413450300	0.684135429963922
178.335330673124	0.684085850845528
178.392222883435	0.684036271727134
178.449090073253	0.683962368668709
178.505932234603	0.683884612910324
178.562749359512	0.683806857151939
178.619541440010	0.683727777016495
178.676308468134	0.683646172853465
178.733050435920	0.683564568690434
178.789767335410	0.683482964527403
178.846459158651	0.683385910508453
178.903125897689	0.683285454391675
178.959767544577	0.683184998274897
179.016384091372	0.683071825171963
179.072975530132	0.682927431376829
179.129541852920	0.682783037581696
179.186083051802	0.682638643786562
179.242599118849	0.682484938613521
179.299090046133	0.682328192120805
179.355555825731	0.682171445628088
179.411996449723	0.682012007506188
179.468411910194	0.681842599705606
179.524802199231	0.681673191905024
179.581167308925	0.681503784104442
179.637507231370	0.681338638275466
179.693821958664	0.681175631944178
179.750111482910	0.681012625612890
179.806375796211	0.680850799316716
179.862614890677	0.680698204363612
179.918828758419	0.680545609410507
179.975017391554	0.680393014457403
180.031180782201	0.680250699752433
180.087318922482	0.680116619936290
180.143431804524	0.679982540120147
180.199519420457	0.679848460304005
180.255581762414	0.679824122862361
180.311618822531	0.679800734097892
180.367630592950	0.679777345333424
180.423617065815	0.679772697567811
180.479578233273	0.679793730338567
180.535514087475	0.679814763109323
180.591424620576	0.679835795880078
180.647309824734	0.679923676648203
180.703169692111	0.680023671592084
180.759004214872	0.680123666535965
180.814813385187	0.680231340804428
180.870597195227	0.680360262697961
180.926355637169	0.680489184591493
180.982088703192	0.680618106485025
181.037796385479	0.680669735904758
181.093478676218	0.680684745540455
181.149135567598	0.680699755176151
181.204767051813	0.680709119899818
181.260373121060	0.680658266965801
181.315953767541	0.680607414031783
181.371508983460	0.680556561097765
181.427038761025	0.680491400003830
181.482543092448	0.680411165694596
181.538021969943	0.680330931385362
181.593475385731	0.680250697076127
181.648903332032	0.680143253248505
181.704305801073	0.680032179987233
181.759682785084	0.679921106725961
181.815034276297	0.679803195681536
181.870360266949	0.679666952026480
181.925660749281	0.679530708371424
181.980935715536	0.679394464716368
182.036185157961	0.679244668934286
182.091409068808	0.679087734795057
182.146607440331	0.678930800655828
182.201780264789	0.678772962136592
182.256927534442	0.678588005873478
182.312049241556	0.678403049610364
182.367145378401	0.678218093347250
182.422215937248	0.678023114964470
182.477260910374	0.677813318544537
182.532280290058	0.677603522124603
182.587274068583	0.677393725704669
182.642242238237	0.677194036504555
182.697184791309	0.676997391513139
182.752101720094	0.676800746521723
182.806993016889	0.676608088581124
182.861858673996	0.676442733460193
182.916698683719	0.676277378339262
182.971513038367	0.676112023218331
183.026301730251	0.675954104569876
183.081064751688	0.675804238365339
183.135802094996	0.675654372160802
183.190513752498	0.675504505956266
183.245199716521	0.675365329491896
183.299859979394	0.675228396006745
183.354494533452	0.675091462521594
183.409103371031	0.674959056447176
183.463686484472	0.674849276518080
183.518243866120	0.674739496588984
183.572775508322	0.674629716659888
183.627281403431	0.674541809419033
183.681761543801	0.674475724083572
183.736215921792	0.674409638748110
183.790644529765	0.674343553412649
183.845047360088	0.674295034362731
183.899424405129	0.674250162640459
183.953775657262	0.674205290918187
184.008101108863	0.674151617391551
184.062400752315	0.674047733096996
184.116674580000	0.673943848802442
184.170922584306	0.673839964507887
184.225144757625	0.673739428644581
184.279341092352	0.673642763995767
184.333511580886	0.673546099346953
184.387656215629	0.673449434698140
184.441774988986	0.673383064051731
184.495867893368	0.673325642643261
184.549934921187	0.673268221234791
184.603976064860	0.673210819174825
184.657991316808	0.673153660687085
184.711980669455	0.673096502199345
184.765944115228	0.673039343711606
184.819881646559	0.673019103424941
184.873793255883	0.673062086409892
184.927678935638	0.673105069394842
184.981538678267	0.673148052379793
185.035372476215	0.673209538173869
185.089180321933	0.673280678505414
185.142962207872	0.673351818836959
185.196718126490	0.673422959168505
185.250448070248	0.673398716331886
185.304152031609	0.673368269829381
185.357830003041	0.673337823326876
185.411481977016	0.673290475231374
185.465107946009	0.673181067382457
185.518707902497	0.673071659533540
185.572281838964	0.672962251684622
185.625829747896	0.672852502659900
185.679351621782	0.672742387604469
185.732847453115	0.672632272549038
185.786317234392	0.672522157493607
185.839760958114	0.672418883426007
185.893178616786	0.672317962951350
185.946570202914	0.672217042476693
185.999935709011	0.672116122002036
186.053275127591	0.672034805456560
186.106588451174	0.671953512563366
186.159875672282	0.671872219670172
186.213136783441	0.671809318504292
186.266371777181	0.671802578515058
186.319580646036	0.671795838525824
186.372763382542	0.671789098536590
186.425919979241	0.671785117426945
186.479050428677	0.671784034627943
186.532154723398	0.671782951828941
186.585232855957	0.671781869029939
186.638284818907	0.671702385246767
186.691310604810	0.671592668187345
186.744310206227	0.671482951127922
186.797283615725	0.671373234068499
186.850230825874	0.671281375303847
186.903151829248	0.671190482054015
186.956046618425	0.671099588804183
187.008915185986	0.671007662517356
187.061757524516	0.670910644426429
187.114573626603	0.670813626335502
187.167363484839	0.670716608244575
187.220127091821	0.670624116615322
187.272864440148	0.670538962927370
187.325575522424	0.670453809239418
187.378260331254	0.670368655551466
187.430918859251	0.670341224061855
187.483551099029	0.670354368124112
187.536157043204	0.670367512186370
187.588736684400	0.670380656248627
187.641290015241	0.670436277661976
187.693817028358	0.670503483399684
187.746317716381	0.670570689137391
187.798792071949	0.670637894875098
187.851240087701	0.670729063598311
187.903661756280	0.670820797091587
187.956057070336	0.670912530584863
188.008426022518	0.671008592158030
188.060768605482	0.671127219713950
188.113084811886	0.671245847269869
188.165374634394	0.671364474825788
188.217638065670	0.671469003223571
188.269875098385	0.671545860416404
188.322085725213	0.671622717609237
188.374269938829	0.671699574802070
188.426427731916	0.671713221813111
188.478559097157	0.671665342887842
188.530664027242	0.671617463962574
188.582742514862	0.671569585037305
188.634794552712	0.671509230511443
188.686820133493	0.671442689864211
188.738819249907	0.671376149216979
188.790791894661	0.671309608569747
188.842738060466	0.671172558060574
188.894657740036	0.671020319712641
188.946550926088	0.670868081364708
188.998417611346	0.670715843016775
189.050257788533	0.670548569432951
189.102071450380	0.670380822570432
189.153858589619	0.670213075707912
189.205619198986	0.670052256277444
189.257353271222	0.669948306201912
189.309060799071	0.669844356126381
189.360741775281	0.669740406050849
189.412396192603	0.669643187385542
189.464024043792	0.669567281406619
189.515625321607	0.669491375427695
189.567200018811	0.669415469448772
189.618748128171	0.669346808343460
189.670269642455	0.669290818958804
189.721764554439	0.669234829574148
189.773232856899	0.669178840189492
189.824674542618	0.669136535405721
189.876089604379	0.669109071971763
189.927478034972	0.669081608537805
189.978839827189	0.669054145103847
190.030174973827	0.669035635746355
190.081483467685	0.669023403804440
190.132765301567	0.669011171862525
190.184020468281	0.668998939920610
190.235248960637	0.668995423106937
190.286450771451	0.668995856128598
190.337625893542	0.668996289150259
190.388774319731	0.668996722171920
190.439896042845	0.669012262544869
190.490991055713	0.669032052622838
190.542059351170	0.669051842700808
190.593100922053	0.669071632778777
190.644115761203	0.669113402714056
190.695103861465	0.669158609103669
190.746065215687	0.669203815493283
190.796999816722	0.669249021882896
190.847907657426	0.669306384799019
190.898788730659	0.669364508817715
190.949643029284	0.669422632836412
191.000470546169	0.669479996970411
191.051271274186	0.669456059131449
191.102045206208	0.669432121292487
191.152792335115	0.669408183453526
191.203512653789	0.669380420003290
191.254206155117	0.669301256095286
191.304872831988	0.669222092187282
191.355512677295	0.669142928279278
191.406125683938	0.669064075173273
191.456711844816	0.668987478654422
191.507271152835	0.668910882135570
191.557803600903	0.668834285616718
191.608309181933	0.668758964056142
191.658787888842	0.668690115404177
191.709239714549	0.668621266752212
191.759664651979	0.668552418100248
191.810062694058	0.668480717520068
191.860433833719	0.668397588308104
191.910778063896	0.668314459096140
191.961095377529	0.668231329884176
192.011385767560	0.668176841396943
192.061649226935	0.668220190986568
192.111885748606	0.668263540576193
192.162095325525	0.668306890165819
192.212277950651	0.668346563989530
192.262433616946	0.668374892940089
192.312562317375	0.668403221890649
192.362664044906	0.668431550841209
192.412738792514	0.668434597223112
192.462786553174	0.668363562968699
192.512807319867	0.668292528714286
192.562801085578	0.668221494459873
192.612767843295	0.668137776961379
192.662707586009	0.668017116884937
192.712620306716	0.667896456808495
192.762505998416	0.667775796732053
192.812364654112	0.667649323792169
192.862196266810	0.667505228911253
192.912000829523	0.667361134030336
192.961778335264	0.667217039149420
193.011528777052	0.667064240112496
193.061252147909	0.666882591707154
193.110948440861	0.666700943301813
193.160617648938	0.666519294896471
193.210259765174	0.666339693107032
193.259874782605	0.666167945165411
193.309462694274	0.665996197223790
193.359023493225	0.665824449282169
193.408557172507	0.665691944826782
193.458063725173	0.665747309299379
193.507543144278	0.665802673771976
193.556995422884	0.665858038244573
193.606420554055	0.665915776992242
193.655818530858	0.665989414238733
193.705189346364	0.666063051485224
193.754532993650	0.666136688731714
193.803849465795	0.666211326787534
193.853138755882	0.666297782473598
193.902400856997	0.666384238159663
193.951635762231	0.666470693845728
194.000843464680	0.666557388094848
194.050023957440	0.666657758079096
194.099177233615	0.666758128063343
194.148303286311	0.666858498047591
194.197402108636	0.666958868031838
194.246473693706	0.667026936048392
194.295518034637	0.667093198852833
194.344535124550	0.667159461657274
194.393524956571	0.667225724461714
194.442487523828	0.667184003409261
194.491422819455	0.667125830251401
194.540330836587	0.667067657093540
194.589211568366	0.667009483935679
194.638065007935	0.666954884961826
194.686891148442	0.666901298707407
194.735689983040	0.666847712452989
194.784461504884	0.666794126198570
194.833205707133	0.666783265236328
194.881922582951	0.666792391862829
194.930612125505	0.666801518489331
194.979274327966	0.666810645115833
195.027909183509	0.666820672352324
195.076516685313	0.666831368205333
195.125096826560	0.666842064058341
195.173649600436	0.666852759911350
195.222175000132	0.666904744847900
195.270673018842	0.667005779615140
195.319143649764	0.667106814382379
195.367586886099	0.667207849149619
195.416002721052	0.667339042904060
195.464391147835	0.667531305816681
195.512752159659	0.667723568729302
195.561085749741	0.667915831641923
195.609391911304	0.668103462853676
195.657670637570	0.668271908602923
195.705921921770	0.668440354352169
195.754145757136	0.668608800101416
195.802342136903	0.668773233883659
195.850511054313	0.668859142737037
195.898652502608	0.668945051590416
195.946766475038	0.669030960443795
195.994852964854	0.669116869297174
196.042911965311	0.669188263054449
196.090943469669	0.669257916306649
196.138947471191	0.669327569558849
196.186923963145	0.669397222811049
196.234872938801	0.669416633504295
196.282794391434	0.669417210483619
196.330688314323	0.669417787462943
196.378554700751	0.669418364442268
196.426393544004	0.669398977180039
196.474204837373	0.669363373181891
196.521988574151	0.669327769183743
196.569744747637	0.669292165185594
196.617473351133	0.669255448065371
196.665174377944	0.669216804116359
196.712847821381	0.669178160167347
196.760493674756	0.669139516218335
196.808111931387	0.669101124871894
196.855702584595	0.669063963386688
196.903265627707	0.669026801901483
196.950801054049	0.668989640416278
196.998308856956	0.668952478931072
197.045789029765	0.668923751628080
197.093241565815	0.668895335743265
197.140666458451	0.668866919858450
197.188063701023	0.668838503973635
197.235433286881	0.668765314288137
197.282775209382	0.668677046138627
197.330089461887	0.668588777989116
197.377376037759	0.668500509839605
197.424634930366	0.668411209518492
197.471866133079	0.668320961558487
197.519069639275	0.668230713598482
197.566245442332	0.668140465638477
197.613393535635	0.668054844489304
197.660513912569	0.667980880482983
197.707606566527	0.667906916476663
197.754671490903	0.667832952470342
197.801708679096	0.667759506243211
197.848718124510	0.667699792082702
197.895699820550	0.667640077922194
197.942653760627	0.667580363761685
197.989579938155	0.667520649601176
198.036478346554	0.667473873265018
198.083348979245	0.667430791543162
198.130191829654	0.667387709821307
198.177006891212	0.667344628099451
198.223794157351	0.667382519702357
198.270553621511	0.667498635432446
198.317285277133	0.667614751162535
198.363989117663	0.667730866892624
198.410665136549	0.667853693580414
198.457313327246	0.667999173172003
198.503933683211	0.668144652763593
198.550526197905	0.668290132355182
198.597090864792	0.668435611946772
198.643627677343	0.668605258730992
198.690136629031	0.668776516543809
198.736617713331	0.668947774356627
198.783070923725	0.669119032169445
198.829496253698	0.669310567772517
198.875893696737	0.669513738148232
198.922263246337	0.669716908523945
198.968604895992	0.669920078899660
199.014918639204	0.670121802915726
199.061204469476	0.670320484091349
199.107462380317	0.670519165266972
199.153692365238	0.670717846442595
199.199894417757	0.670916527618218
199.246068531392	0.671031713749338
199.292214699668	0.671146708574409
199.338332916112	0.671261703399481
199.384423174256	0.671376698224552
199.430485467635	0.671480479846407
199.476519789790	0.671578533701252
199.522526134263	0.671676587556097
199.568504494601	0.671774641410942
199.614454864357	0.671857064682820
199.660377237085	0.671905441005364
199.706271606345	0.671953817327908
199.752137965699	0.672002193650452
199.797976308715	0.672050569972996
199.843786628963	0.672034932402043
199.889568920018	0.672016337146033
199.935323175460	0.671997741890024
199.981049388870	0.671979146634014
200.026747553835	0.671956936209308
200.072417663947	0.671932165223685
200.118059712799	0.671907394238062
200.163673693990	0.671882623252439
200.209259601122	0.671860822706370
200.254817427802	0.671850671898644
200.300347167640	0.671840521090917
200.345848814250	0.671830370283191
200.391322361250	0.671820219475465
200.436767802263	0.671812203599304
200.482185130914	0.671804691437441
200.527574340834	0.671797179275578
200.572935425655	0.671789667113715
200.618268379017	0.671795301073420
200.663573194561	0.671820404955786
200.708849865932	0.671845508838151
200.754098386781	0.671870612720517
200.799318750761	0.671895716602882
200.844510951529	0.671977294378861
200.889674982748	0.672059736253308
200.934810838082	0.672142178127755
200.979918511202	0.672224620002202
201.024997995780	0.672312426234828
201.070049285493	0.672404540451155
201.115072374024	0.672496654667483
201.160067255058	0.672588768883810
201.205033922283	0.672679014737397
201.249972369392	0.672754443975217
201.294882590084	0.672829873213037
201.339764578059	0.672905302450856
201.384618327022	0.672980731688676
201.429443830682	0.673060029686122
201.474241082752	0.673141348122193
201.519010076950	0.673222666558265
201.563750806995	0.673303984994337
201.608463266613	0.673382338389501
201.653147449533	0.673447996146541
201.697803349487	0.673513653903581
201.742430960212	0.673579311660621
201.787030275449	0.673644969417662
201.831601288943	0.673665384448048
201.876143994442	0.673667236938978
201.920658385699	0.673669089429907
201.965144456471	0.673670941920837
202.009602200518	0.673674432797402
202.054031611604	0.673683869058274
202.098432683499	0.673693305319146
202.142805409974	0.673702741580019
202.187149784807	0.673712177840891
202.231465801777	0.673487755639976
202.275753454669	0.673167859169792
202.320012737272	0.672847962699607
202.364243643378	0.672528066229423
202.408446166783	0.672181408101101
202.452620301288	0.671721492232740
202.496766040697	0.671261576364380
202.540883378818	0.670801660496019
202.584972309463	0.670341744627658
202.629032826450	0.669920682974544
202.673064923597	0.669519726249993
202.717068594730	0.669118769525441
202.761043833677	0.668717812800889
202.804990634269	0.668365704190367
202.848908990343	0.668394774919169
202.892798895740	0.668423845647972
202.936660344303	0.668452916376774
202.980493329881	0.668481987105576
203.024297846326	0.668506797637775
203.068073887494	0.668528189121353
203.111821447245	0.668549580604931
203.155540519444	0.668570972088509
203.199231097957	0.668592363572087
203.242893176659	0.668850073143569
203.286526749425	0.669112017681012
203.330131810134	0.669373962218455
203.373708352672	0.669635906755898
203.417256370925	0.669981754197483
203.460775858788	0.670455393525058
203.504266810155	0.670929032852633
203.547729218926	0.671402672180208
203.591163079007	0.671876311507783
203.634568384304	0.672340951325431
203.677945128731	0.672803291300023
203.721293306203	0.673265631274615
203.764612910641	0.673727971249208
203.807903935969	0.674116806260679
203.851166376114	0.674176656279836
203.894400225010	0.674236506298993
203.937605476592	0.674296356318150
203.980782124801	0.674356206337307
204.023930163580	0.674393748113355
204.067049586879	0.674413380428123
204.110140388649	0.674433012742890
204.153202562846	0.674452645057658
204.196236103432	0.674472277372425
204.239241004370	0.674486785534692
204.282217259628	0.674500802362764
204.325164863179	0.674514819190836
204.368083809000	0.674528836018908
204.410974091070	0.674541962946621
204.453835703374	0.674552502611165
204.496668639901	0.674563042275709
204.539472894642	0.674573581940252
204.582248461595	0.674584121604796
204.624995334760	0.674596154328234
204.667713508141	0.674609247059277
204.710402975747	0.674622339790320
204.753063731591	0.674635432521364
204.795695769689	0.674648525252407
204.838299084061	0.674703610866647
204.880873668733	0.674763414248801
204.923419517733	0.674823217630954
204.965936625093	0.674883021013107
205.008424984851	0.674948510896127
205.050884591048	0.675036984315447
205.093315437727	0.675125457734767
205.135717518939	0.675213931154086
205.178090828735	0.675302404573406
205.220435361173	0.675397081480252
205.262751110313	0.675498407026858
205.305038070221	0.675599732573464
205.347296234966	0.675701058120070
205.389525598620	0.675802383666676
205.431726155261	0.675986232579542
205.473897898971	0.676197317437879
205.516040823833	0.676408402296216
205.558154923938	0.676619487154552
205.600240193378	0.676830642499905
205.642296626251	0.677054073870385
205.684324216658	0.677277505240865
205.726322958706	0.677500936611344
205.768292846502	0.677724367981824
205.810233874161	0.677940829568337
205.852146035800	0.678135704316275
205.894029325541	0.678330579064214
205.935883737509	0.678525453812153
205.977709265834	0.678720328560091
206.019505904650	0.678886985784358
206.061273648094	0.679021407954475
206.103012490309	0.679155830124593
206.144722425441	0.679290252294710
206.186403447638	0.679424674464828
206.228055551056	0.679565358560678
206.269678729853	0.679709076327467
206.311272978189	0.679852794094257
206.352838290233	0.679996511861046
206.394374660153	0.680140229627836
206.435882082125	0.680204644980757
206.477360550326	0.680256632109999
206.518810058939	0.680308619239241
206.560230602150	0.680360606368482
206.601622174150	0.680411011533965
206.642984769134	0.680422645819434
206.684318381301	0.680434280104902
206.725623004852	0.680445914390370
206.766898633995	0.680457548675838
206.808145262940	0.680469478720517
206.849362885904	0.680482610273037
206.890551497103	0.680495741825557
206.931711090763	0.680508873378078
206.972841661109	0.680522004930598
207.013943202373	0.680578551566084
207.055015708791	0.680719631837416
207.096059174601	0.680860712108748
207.137073594047	0.681001792380079
207.178058961377	0.681142872651411
207.219015270842	0.681281983396282
207.259942516697	0.681418822373941
207.300840693203	0.681555661351600
207.341709794624	0.681692500329259
207.382549815227	0.681829339306919
207.423360749284	0.681982345039396
207.464142591071	0.682147422865631
207.504895334868	0.682312500691865
207.545618974960	0.682477578518100
207.586313505635	0.682642656344334
207.626978921185	0.682856736085867
207.667615215907	0.683095665852832
207.708222384100	0.683334595619798
207.748800420071	0.683573525386763
207.789349318127	0.683812455153728
207.829869072582	0.684046164761556
207.870359677751	0.684278013631844
207.910821127957	0.684509862502132
207.951253417524	0.684741711372420
207.991656540781	0.684973560242708
208.032030492062	0.685166738375277
208.072375265704	0.685349846989682
208.112690856048	0.685532955604087
208.152977257440	0.685716064218492
208.193234464230	0.685899172832897
208.233462470770	0.686052780907795
208.273661271420	0.686200426611891
208.313830860541	0.686348072315988
208.353971232498	0.686495718020084
208.394082381663	0.686643363724181
208.434164302408	0.686788534321126
208.474216989113	0.686933276356525
208.514240436160	0.687078018391925
208.554234637935	0.687222760427324
208.594199588829	0.687367502462724
208.634135283237	0.687509072546302
208.674041715557	0.687650103831905
208.713918880192	0.687791135117507
208.753766771550	0.687932166403110
208.793585384041	0.688073197688713
208.833374712081	0.688215414381173
208.873134750089	0.688357858826350
208.912865492488	0.688500303271527
208.952566933706	0.688642747716704
208.992239068175	0.688785192161881
209.031881890330	0.688925112203960
209.071495394611	0.689064417963215
209.111079575463	0.689203723722470
209.150634427333	0.689343029481724
209.190159944674	0.689482335240979
209.229656121941	0.689578003675843
209.269122953596	0.689659198324833
209.308560434102	0.689740392973822
209.347968557930	0.689821587622812
209.387347319550	0.689902782271801
209.426696713441	NaN
