NaN	NaN
NaN	NaN
NaN	NaN
NaN	NaN
NaN	NaN
NaN	NaN
NaN	NaN
NaN	NaN
NaN	NaN
NaN	NaN
NaN	NaN
NaN	NaN
NaN	NaN
NaN	NaN
NaN	NaN
NaN	NaN
NaN	NaN
NaN	NaN
NaN	NaN
NaN	NaN
NaN	NaN
NaN	NaN
NaN	NaN
NaN	NaN
NaN	NaN
NaN	NaN
NaN	NaN
NaN	NaN
NaN	NaN
NaN	NaN
NaN	NaN
NaN	NaN
NaN	NaN
NaN	NaN
NaN	NaN
NaN	NaN
NaN	NaN
NaN	NaN
NaN	NaN
NaN	NaN
NaN	NaN
NaN	NaN
NaN	NaN
NaN	NaN
NaN	NaN
NaN	NaN
NaN	NaN
NaN	NaN
NaN	NaN
NaN	NaN
NaN	NaN
NaN	NaN
NaN	NaN
NaN	NaN
NaN	NaN
NaN	NaN
NaN	NaN
NaN	NaN
NaN	NaN
NaN	NaN
NaN	NaN
NaN	NaN
NaN	NaN
NaN	NaN
NaN	NaN
NaN	NaN
NaN	NaN
NaN	NaN
NaN	NaN
NaN	NaN
NaN	NaN
NaN	NaN
NaN	NaN
NaN	NaN
NaN	NaN
NaN	NaN
NaN	NaN
NaN	NaN
NaN	NaN
NaN	NaN
NaN	NaN
NaN	NaN
NaN	NaN
NaN	NaN
NaN	NaN
NaN	NaN
NaN	NaN
NaN	NaN
NaN	NaN
NaN	NaN
NaN	NaN
NaN	NaN
NaN	NaN
NaN	NaN
NaN	NaN
NaN	NaN
NaN	NaN
NaN	NaN
NaN	NaN
NaN	NaN
90.0206636803600	NaN
90.1016645898056	NaN
90.1826528619960	NaN
90.2636284855723	7.50742876038140e-07
90.3445914491770	8.05141293265861e-07
90.4255417414548	7.95735972555194e-07
90.5064793510518	6.47929849353858e-07
90.5874042666162	5.00123726152522e-07
90.6683164767978	3.97408932371845e-07
90.7492159702482	3.03007134555544e-07
90.8301027356208	2.34121907962068e-07
90.9109767615707	2.08280383598647e-07
90.9918380367550	1.82438859235226e-07
91.0726865498324	3.35897169233695e-07
91.1535222894635	5.09487446531567e-07
91.2343452443106	8.18062021048692e-07
91.3151554030378	1.30928978700509e-06
91.3959527543111	1.80051755296150e-06
91.4767372867982	2.28813580615595e-06
91.5575089891687	2.77556370226127e-06
91.6382678500937	3.10563451810834e-06
91.7190138582466	3.26099644141556e-06
91.7997470023021	3.41635836472278e-06
91.8804672709370	3.50586026942286e-06
91.9611746528299	3.59515511810076e-06
92.0418691366612	3.82518446120064e-06
92.1225507111129	4.18570685636683e-06
92.2032193648690	4.56603570550728e-06
92.2838750866153	5.42281895273883e-06
92.3645178650395	6.27960219997038e-06
92.4451476888308	7.04200038676069e-06
92.5257645466805	7.73022607383186e-06
92.6063684272817	8.33748399866538e-06
92.6869593193293	8.00099157905992e-06
92.7675372115198	7.66449915945447e-06
92.8481020925519	7.14328010982398e-06
92.9286539511258	6.49740416145455e-06
93.0091927759437	5.93864993810188e-06
93.0897185557096	6.05600200834212e-06
93.1702312791293	6.17335407858235e-06
93.2507309349105	6.62607504914499e-06
93.3312175117626	7.27557338910913e-06
93.4116909983969	7.94431612140483e-06
93.4921513835266	8.72627173594054e-06
93.5725986558667	9.50822735047624e-06
93.6530328041341	1.03435539779366e-05
93.7334538170473	1.12064544712054e-05
93.8138616833269	1.20960573630653e-05
93.8942563916952	1.31138408919618e-05
93.9746379308765	1.41316244208583e-05
94.0550062895967	1.53056393641642e-05
94.1353614565839	1.65516829594530e-05
94.2157034205676	1.78022216279529e-05
94.2960321702796	1.90712614353159e-05
94.3763476944533	2.03403012426789e-05
94.4566499818239	2.18582500666587e-05
94.5369390211287	2.34801139805140e-05
94.6172148011066	2.54164855262742e-05
94.6974773104986	2.85048618090431e-05
94.7777265380473	3.15932380918121e-05
94.8579624724975	3.54486853116526e-05
94.9381851025954	3.95988736137737e-05
95.0183944170896	4.36870408554636e-05
95.0985904047302	4.75668018821884e-05
95.1787730542691	5.14465629089132e-05
95.2589423544605	5.44829987583310e-05
95.3390982940602	5.72157523988072e-05
95.4192408618256	5.99731055979468e-05
95.4993700465166	6.28083155846238e-05
95.5794858368945	6.56435255713008e-05
95.6595882217226	7.00600639152662e-05
95.7396771897661	7.50209539238966e-05
95.8197527297921	8.06730629144223e-05
95.8998148305695	8.84359090571124e-05
95.9798634808693	9.61987551998025e-05
96.0598986694642	0.000105391601158695
96.1399203851287	0.000115065139405214
96.2199286166393	0.000125236565463540
96.2999233527746	0.000136908869398724
96.3799045823148	0.000148581173333909
96.4598722940420	0.000161562355826663
96.5398264767404	0.000174982811067089
96.6197671191960	0.000188710258565912
96.6996942101966	0.000203372149845160
96.7796077385320	0.000218034041124407
96.8595076929939	0.000234211012769037
96.9393940623759	0.000250907132819823
97.0192668354735	0.000268760357534431
97.0991260010841	0.000290253075656449
97.1789715480071	0.000311745793778467
97.2588034650435	0.000336879769299360
97.3386217409966	0.000363315769219705
97.4184263646715	0.000391006736527206
97.4982173248749	0.000422877649380520
97.5779946104160	0.000454748562233834
97.6577582101054	0.000492153356297252
97.7375081127559	0.000531666333031024
97.8172443071820	0.000573772827392465
97.8969667822004	0.000625277204962573
97.9766755266296	0.000676781582532682
98.0563705292899	0.000735461122482474
98.1360517790037	0.000797109279200618
98.2157192645953	0.000861898938115366
98.2953729748908	0.000939467575444995
98.3750128987184	0.00101703621277462
98.4546390249081	0.00110736151525462
98.5342513422919	0.00120352009554768
98.6138498397039	0.00130299610055251
98.6934345059797	0.00141821940200851
98.7730053299573	0.00153344270346452
98.8525623004765	0.00166747888842908
98.9321054063788	0.00181117606271642
99.0116346365080	0.00195939203333798
99.0911499797095	0.00213397544537448
99.1706514248311	0.00230855885741098
99.2501389607221	0.00251182955923284
99.3296125762340	0.00273189075803914
99.4090722602202	0.00295829048394774
99.4885180015360	0.00323386361565578
99.5679497890387	0.00350943674736382
99.6473676115875	0.00381600510426249
99.7267714580438	0.00414354382948014
99.8061613172706	0.00447932954915002
99.8855371781330	0.00491312409029390
99.9648990294983	0.00534691863143777
100.044246860235	0.00581954513107999
100.123580659215	0.00632297427188793
100.202900415311	0.00682947110159805
100.282206117398	0.00741678786332567
100.361497754352	0.00800410462505330
100.440775315053	0.00865666997186022
100.520038788382	0.00937084109751665
100.599288163221	0.0100850122231731
100.678523428456	0.0109740213380316
100.757744572972	0.0118646152798392
100.836951585660	0.0128374607754185
100.916144455409	0.0139043554729313
100.995323171112	0.0149712501704440
101.074487721665	0.0162777940150482
101.153638095963	0.0175993833207954
101.232774282907	0.0190382656333822
101.311896271395	0.0206430536945165
101.391004050332	0.0222478417556509
101.470097608621	0.0240930408819279
101.549176935170	0.0259690903282660
101.628242018887	0.0279230640563316
101.707292848683	0.0300172543104116
101.786329413470	0.0321114445644916
101.865351702164	0.0344593366673274
101.944359703680	0.0368602946264732
102.023353406938	0.0393915844148583
102.102332800858	0.0422333662166795
102.181297874363	0.0450751480185007
102.260248616378	0.0482233189088988
102.339185015829	0.0514665893063237
102.418107061646	0.0547833987286749
102.497014742758	0.0583471765791738
102.575908048099	0.0619109544296726
102.654786966603	0.0656950093235360
102.733651487208	0.0695759197531624
102.812501598852	0.0735337516084790
102.891337290475	0.0778997843840450
102.970158551022	0.0822658171596110
103.048965369436	0.0868734963545428
103.127757734664	0.0916284311129313
103.206535635656	0.0963898364204058
103.285299061363	0.101222758105469
103.364048000736	0.106055679790532
103.442782442733	0.110986988765360
103.521502376308	0.116000969439363
103.600207790423	0.121015444083337
103.678898674037	0.126216511733797
103.757575016114	0.131417579384257
103.836236805620	0.136794964195500
103.914884031520	0.142378757023499
103.993516682785	0.147962549851499
104.072134748387	0.153443210304429
104.150738217298	0.158914602283195
104.229327078493	0.164396631108987
104.307901320951	0.169896525394479
104.386460933651	0.175396419679970
104.465005905574	0.181011031329151
104.543536225704	0.186649533473015
104.622051883027	0.192216063444783
104.700552866530	0.197598325988238
104.779039165204	0.202980588531693
104.857510768039	0.208160295163861
104.935967664031	0.213266183484063
105.014409842175	0.218271206498050
105.092837291469	0.222828060792505
105.171250000914	0.227384915086961
105.249647959510	0.232114199261341
105.328031156264	0.236943324333471
105.406399580180	0.241755136731134
105.484753220268	0.246372271043156
105.563092065537	0.250989405355178
105.641416105001	0.255408218359437
105.719725327675	0.259650314033991
105.798019722573	0.263892409708545
105.876299278717	0.268012694808447
105.954563985125	0.272129818703934
106.032813830822	0.276203724435520
106.111048804833	0.280217793331331
106.189268896184	0.284231862227142
106.267474093904	0.288341840292890
106.345664387026	0.292467070362950
106.423839764581	0.296374781998810
106.502000215607	0.299786772631031
106.580145729140	0.303198763263253
106.658276294220	0.306331157685776
106.736391899888	0.309368304894279
106.814492535190	0.312391954459261
106.892578189170	0.315356368162329
106.970648850876	0.318320781865398
107.048704509360	0.321269151741563
107.126745153672	0.324207853933056
107.204770772868	0.327131371060918
107.282781356004	0.329821744248531
107.360776892139	0.332512117436143
107.438757370332	0.334820284417650
107.516722779648	0.336741689631689
107.594673109150	0.338663094845728
107.672608347907	0.340653331902375
107.750528484986	0.342648618315255
107.828433509460	0.344793617770421
107.906323410402	0.347199078194664
107.984198176887	0.349604538618907
108.062057797993	0.351886047668444
108.139902262800	0.354135997952511
108.217731560389	0.356327599420418
108.295545679845	0.358321457777963
108.373344610254	0.360315316135509
108.451128340703	0.362317553880200
108.528896860284	0.364324159735321
108.606650158089	0.366348851531687
108.684388223213	0.368566898621062
108.762111044752	0.370784945710437
108.839818611805	0.372978584852193
108.917510913474	0.375149001154423
108.995187938862	0.377319417456653
109.072849677073	0.379123695904973
109.150496117216	0.380903791523580
109.228127248400	0.382629538866571
109.305743059738	0.384259642727125
109.383343540342	0.385889746587679
109.460928679329	0.387623474948496
109.538498465818	0.389385529015827
109.616052888929	0.391215418048690
109.693591937783	0.393305169509814
109.771115601507	0.395394920970939
109.848623869227	0.397326673543740
109.926116730072	0.399164578107322
110.003594173172	0.400982020554470
110.081056187663	0.402378875019327
110.158502762678	0.403775729484183
110.235933887356	0.405317686079038
110.313349550837	0.407027193211858
110.390749742262	0.408736700344677
110.468134450776	0.410453320944146
110.545503665526	0.412170907206560
110.622857375659	0.413938039895685
110.700195570326	0.415823288878613
110.777518238681	0.417708537861541
110.854825369878	0.419360710721548
110.932116953075	0.420917317655999
111.009392977431	0.422450684700392
111.086653432107	0.423816113709049
111.163898306268	0.425181542717706
111.241127589080	0.426712793957492
111.318341269710	0.428389588965092
111.395539337329	0.430066383972691
111.472721781109	0.431652029007175
111.549888590226	0.433232083557471
111.627039753856	0.434926675273290
111.704175261179	0.436833511637852
111.781295101375	0.438740348002413
111.858399263628	0.440461053076407
111.935487737124	0.442122147508425
112.012560511051	0.443742271302179
112.089617574599	0.445151986150684
112.166658916960	0.446561700999189
112.243684527329	0.448299969563911
112.320694394902	0.450288972850455
112.397688508879	0.452277976136999
112.474666858460	0.454164414645140
112.551629432849	0.456047678317059
112.628576221252	0.457790709737550
112.705507212876	0.459296396145286
112.782422396931	0.460802082553023
112.859321762630	0.462434112943107
112.936205299187	0.464103576451441
113.013072995818	0.465684881080085
113.089924841743	0.466836024302400
113.166760826183	0.467987167524714
113.243580938361	0.469350047406179
113.320385167502	0.470874402261060
113.397173502834	0.472398757115941
113.473945933588	0.474240145173345
113.550702448995	0.476093650282505
113.627443038290	0.477693475031448
113.704167690710	0.478837645561182
113.780876395494	0.479981816090916
113.857569141882	0.481252200936064
113.934245919119	0.482564507976919
114.010906716450	0.483888549056737
114.087551523122	0.485283324725789
114.164180328387	0.486678100394841
114.240793121496	0.487996497121984
114.317389891704	0.489247833887580
114.393970628268	0.490499170653175
114.470535320446	0.491806804346904
114.547083957502	0.493119249819407
114.623616528697	0.494432505066088
114.700133023298	0.495747574532077
114.776633430573	0.497062643998066
114.853117739793	0.498068456214754
114.929585940229	0.498938240011714
115.006038021158	0.499811192931449
115.082473971856	0.500721099647288
115.158893781603	0.501631006363127
115.235297439680	0.502623787120754
115.311684935371	0.503713070109719
115.388056257962	0.504802353098685
115.464411396743	0.505557120567826
115.540750341003	0.506249865604907
115.617073080037	0.507036709664154
115.693379603138	0.508150076472824
115.769669899605	0.509263443281494
115.845943958738	0.510331811155715
115.922201769839	0.511370475951013
115.998443322212	0.512409140746312
116.074668605163	0.512937349261577
116.150877608003	0.513454916918770
116.227070320041	0.514145046792993
116.303246730592	0.515148278697268
116.379406828972	0.516151510601544
116.455550604499	0.517202248186602
116.531678046492	0.518270594740027
116.607789144275	0.519298647767527
116.683883887173	0.519973306719526
116.759962264513	0.520647965671524
116.836024265625	0.521352764903856
116.912069879840	0.522091058771505
116.988099096493	0.522829352639154
117.064111904920	0.524124586244906
117.140108294460	0.525523191976533
117.216088254454	0.526971060532406
117.292051774246	0.528602299972074
117.367998843181	0.530233539411741
117.443929450606	0.532033147666500
117.519843585874	0.533955393846880
117.595741238335	0.535877640027260
117.671622397346	0.538458811490322
117.747487052263	0.541079159454017
117.823335192445	0.543497628625462
117.899166807256	0.545461843998645
117.974981886058	0.547426059371829
118.050780418219	0.549417728525777
118.126562393107	0.551422921939038
118.202327800093	0.553437017628127
118.278076628551	0.555731934439397
118.353808867858	0.558026851250667
118.429524507390	0.560084389642941
118.505223536528	0.561770589742377
118.580905944655	0.563456789841813
118.656571721157	0.565464792016604
118.732220855420	0.567581396864657
118.807853336835	0.569721708701166
118.883469154794	0.572066604037393
118.959068298690	0.574411499373621
119.034650757922	0.576283569053178
119.110216521888	0.577597167752880
119.185765579989	0.578910766452581
119.261297921629	0.580470949972869
119.336813536215	0.582088388387583
119.412312413155	0.583766658811084
119.487794541860	0.585757080923888
119.563259911743	0.587747503036693
119.638708512220	0.589604511152813
119.714140332708	0.591334903717348
119.789555362628	0.593065296281882
119.864953591403	0.594928626933318
119.940335008457	0.596813331898753
120.015699603218	0.598654808775300
120.091047365116	0.600332019275187
120.166378283582	0.602009229775073
120.241692348051	0.603587356142503
120.316989547960	0.605085587525165
120.392269872748	0.606583818907826
120.467533311857	0.608359535331389
120.542779854730	0.610167010225733
120.618009490813	0.611861363513031
120.693222209556	0.613196344244376
120.768418000409	0.614531324975721
120.843596852825	0.615872774133158
120.918758756261	0.617218908559129
120.993903700175	0.618565042985101
121.069031674026	0.620250659109911
121.144142667278	0.621966252100838
121.219236669397	0.623434395359915
121.294313669849	0.624184101466159
121.369373658105	0.624933807572404
121.444416623638	0.625901822430885
121.519442555922	0.627020349457504
121.594451444433	0.628138876484123
121.669443278653	0.629814424088724
121.744418048063	0.631534473020005
121.819375742147	0.633092766793162
121.894316350392	0.634187096091575
121.969239862287	0.635281425389988
122.044146267323	0.636586037539810
122.119035554996	0.638037153436992
122.193907714801	0.639488269334174
122.268762736236	0.640433904880239
122.343600608803	0.641334760576074
122.418421322006	0.642130977520196
122.493224865351	0.642606864902567
122.568011228346	0.643082752284938
122.642780400501	0.644174833131188
122.717532371330	0.645727616164901
122.792267130349	0.647280399198613
122.866984667075	0.648504976906792
122.941684971030	0.649691670161148
123.016368031735	0.650848336726901
123.091033838717	0.651898038272847
123.165682381503	0.652947739818794
123.240313649623	0.654495987880970
123.314927632609	0.656468582732353
123.389524319997	0.658441177583736
123.464103701324	0.659256664660531
123.538665766130	0.659883081340273
123.613210503957	0.660484194789437
123.687737904350	0.660967842923539
123.762247956856	0.661451491057640
123.836740651024	0.662569327509683
123.911215976407	0.664338734387023
123.985673922558	0.666108141264362
124.060114479035	0.666874227655232
124.134537635398	0.667401237276968
124.208943381207	0.667977717724760
124.283331706027	0.668916265261833
124.357702599425	0.669854812798907
124.432056050969	0.671212025674041
124.506392050232	0.673121595922391
124.580710586787	0.675031166170741
124.655011650210	0.675764920854929
124.729295230081	0.676086432708974
124.803561315980	0.676407727197785
124.877809897492	0.676724706695400
124.952040964203	0.677041686193016
125.026254505701	0.677795322142788
125.100450511578	0.679346504091273
125.174628971427	0.680897686039758
125.248789874844	0.681961300515729
125.322933211429	0.682771406662628
125.397058970780	0.683581512809527
125.471167142503	0.683944359238011
125.545257716204	0.684288724418630
125.619330681489	0.684886234227970
125.693386027971	0.686200536552860
125.767423745263	0.687514838877749
125.841443822980	0.688602403165637
125.915446250742	0.689511764676731
125.989431018167	0.690421126187825
126.063398114881	0.691085211466706
126.137347530508	0.691708411988212
126.211279254676	0.692446179924221
126.285193277017	0.693820256650377
126.359089587163	0.695194333376533
126.432968174751	0.696390261279052
126.506829029418	0.697365149454998
126.580672140804	0.698340037630943
126.654497498554	0.698980294105633
126.728305092312	0.699501885572336
126.802094911726	0.700038546119838
126.875866946448	0.701090863613389
126.949621186130	0.702143181106941
127.023357620428	0.703185297529097
127.097076239000	0.704205414440950
127.170777031506	0.705225531352802
127.244459987610	0.705815957877794
127.318125096976	0.706123988673479
127.391772349274	0.706432019469164
127.465401734174	0.707067844132290
127.539013241348	0.707744900876365
127.612606860472	0.708499750918538
127.686182581225	0.709630887557346
127.759740393287	0.710762024196154
127.833280286341	0.711778153381876
127.906802250073	0.712655173299600
127.980306274171	0.713532193217324
128.053792348325	0.714361054004947
128.127260462229	0.715172285554060
128.200710605578	0.715977869844941
128.274142768071	0.716205449569711
128.347556939409	0.716433029294482
128.420953109294	0.716721157957113
128.494331267432	0.717160814701957
128.567691403532	0.717600471446800
128.641033507304	0.718439161862638
128.714357568463	0.719592001591875
128.787663576723	0.720744841321111
128.860951521804	0.721456884206946
128.934221393425	0.722079721828830
129.007473181312	0.722681764170246
129.080706875189	0.723100789938342
129.153922464785	0.723519815706438
129.227119939832	0.724318027464232
129.300299290063	0.725760407780992
129.373460505214	0.727202788097751
129.446603575024	0.728351417370903
129.519728489234	0.729332783792045
129.592835237589	0.730314150213187
129.665923809834	0.730195232137472
129.738994195718	0.729956747264029
129.812046384993	0.729832616177144
129.885080367413	0.730287529339668
129.958096132735	0.730742442502192
130.031093670717	0.731470777239490
130.104072971121	0.732567547146173
130.177034023712	0.733664317052857
130.249976818256	0.734062487417771
130.322901344523	0.734139668481202
130.395807592285	0.734216849544633
130.468695551316	0.733984288805239
130.541565211393	0.733732827157215
130.614416562296	0.733725520513231
130.687249593807	0.734707725424387
130.760064295711	0.735689930335544
130.832860657795	0.736615496272349
130.905638669849	0.737472237195733
130.978398321666	0.738328978119117
131.051139603040	0.738183151370095
131.123862503769	0.737613887365956
131.196567013654	0.737044623361816
131.269253122497	0.737191079488908
131.341920820104	0.737373010747501
131.414570096282	0.737759942630067
131.487200940843	0.738963942461056
131.559813343599	0.740167942292046
131.632407294365	0.740653188688561
131.704982782961	0.740247257247756
131.777539799207	0.739841325806952
131.850078332927	0.739287311330228
131.922598373946	0.738666889837527
131.995099912093	0.738046468344827
132.067582937201	0.738287369030580
132.140047439101	0.738590712017034
132.212493407632	0.738905310887052
132.284920832631	0.739273916952514
132.357329703942	0.739642523017976
132.429720011407	0.739933699639447
132.502091744873	0.740113721686401
132.574444894191	0.740293743733354
132.646779449213	0.740744328575677
132.719095399792	0.741342700145496
132.791392735786	0.741941071715315
132.863671447056	0.743265491097274
132.935931523463	0.744688046963598
133.008172954873	0.746147652053701
133.080395731154	0.747897652041640
133.152599842175	0.749647652029580
133.224785277810	0.751151068782269
133.296952027935	0.752182972223264
133.369100082427	0.753214875664259
133.441229431168	0.753841571518093
133.513340064041	0.754164618490411
133.585431970932	0.754487665462728
133.657505141730	0.755014268357222
133.729559566326	0.755592432268851
133.801595234613	0.756169635042974
133.873612136490	0.756704402160860
133.945610261854	0.757239169278747
134.017589600609	0.757729851513496
134.089550142657	0.758084234096485
134.161491877907	0.758438616679474
134.233414796268	0.758899805288768
134.305318887653	0.759484064117574
134.377204141976	0.760068322946379
134.449070549156	0.760912120311720
134.520918099112	0.761876471306852
134.592746781768	0.762840822301984
134.664556587049	0.763912066993239
134.736347504884	0.764995320087278
134.808119525204	0.766048059180932
134.879872637941	0.766861616876901
134.951606833033	0.767675174572869
135.023322100418	0.768381803628718
135.095018430038	0.768866585669232
135.166695811837	0.769351367709746
135.238354235761	0.769933218854490
135.309993691761	0.770599347103407
135.381614169789	0.771265475352324
135.453215659798	0.772055707034761
135.524798151748	0.772888810420217
135.596361635597	0.773721913805674
135.667906101309	0.774633250537308
135.739431538850	0.775548778432046
135.810937938187	0.776493059350514
135.882425289291	0.777596538366757
135.953893582136	0.778700017383000
136.025342806698	0.779915887359309
136.096772952956	0.781336204320327
136.168184010891	0.782756521281344
136.239575970487	0.784242893148484
136.310948821733	0.785782360967964
136.382302554616	0.787321828787444
136.453637159129	0.788555061003204
136.524952625268	0.789687264921283
136.596248943029	0.790819468839362
136.667526102413	0.791523680303518
136.738784093424	0.792204119936664
136.810022906066	0.792971659326050
136.881242530348	0.794271099036087
136.952442956282	0.795570538746125
137.023624173880	0.796874892101537
137.094786173160	0.798189135632206
137.165928944140	0.799503379162876
137.237052476843	0.800530188537145
137.308156761292	0.801292727608671
137.379241787516	0.802055266680198
137.450307545543	0.802564466152375
137.521354025408	0.802969145185738
137.592381217144	0.803373824219102
137.663389110790	0.804050884785807
137.734377696387	0.804760678667497
137.805346963978	0.805543607946326
137.876296903610	0.807223995535033
137.947227505331	0.808904383123740
138.018138759193	0.810408053637290
138.089030655250	0.811397656749466
138.159903183559	0.812387259861643
138.230756334181	0.813222663234759
138.301590097176	0.813857064737122
138.372404462612	0.814491466239484
138.443199420554	0.815336374351532
138.513974961075	0.816315734492377
138.584731074248	0.817295094633222
138.655467750148	0.818340318654217
138.726184978854	0.819403670931655
138.796882750448	0.820467023209094
138.867561055014	0.821048770301937
138.938219882639	0.821608299137916
139.008859223412	0.822067699091702
139.079479067427	0.821828941310785
139.150079404779	0.821590183529868
139.220660225564	0.821667168801525
139.291221519885	0.822506968031777
139.361763277844	0.823346767262030
139.432285489547	0.824306594908381
139.502788145104	0.825408556478157
139.573271234625	0.826510518047933
139.643734748226	0.827107882318491
139.714178676024	0.827396901333465
139.784603008137	0.827685920348440
139.855007734690	0.827549591985416
139.925392845806	0.827294222794539
139.995758331615	0.827038853603663
140.066104182247	0.827563042810272
140.136430387836	0.828137246797987
140.206736938518	0.828782443001769
140.277023824432	0.830097427051330
140.347291035720	0.831412411100891
140.417538562527	0.832389046678783
140.487766395001	0.832348977979837
140.557974523290	0.832308909280891
140.628162937549	0.832229023203016
140.698331627933	0.832089728925845
140.768480584600	0.831950434648675
140.838609797711	0.832070395582123
140.908719257432	0.832401972072239
140.978808953927	0.832733548562354
141.048878877368	0.833455529248306
141.118929017925	0.834346742691098
141.188959365775	0.835237956133890
141.258969911095	0.835202937934164
141.328960644066	0.834994530207268
141.398931554871	0.834786122480372
141.468882633696	0.834967852550966
141.538813870731	0.835155633302240
141.608725256167	0.835400206465814
141.678616780199	0.836042982586900
141.748488433023	0.836685758707986
141.818340204841	0.837308921143162
141.888172085854	0.837877002971066
141.957984066269	0.838445084798970
142.027776136295	0.838652752008277
142.097548286142	0.838315311077078
142.167300506024	0.837977870145880
142.237032786159	0.838183634744719
142.306745116766	0.838868975137415
142.376437488067	0.839554315530111
142.446109890288	0.840541284682379
142.515762313657	0.841682366614223
142.585394748405	0.842823448546067
142.655007184765	0.843406896537610
142.724599612974	0.843842305317637
142.794172023271	0.844277714097665
142.863724405898	0.843932102201771
142.933256751101	0.843515071412507
143.002769049126	0.843124481497425
143.072261290224	0.843371117996133
143.141733464649	0.843617754494840
143.211185562657	0.843954399428115
143.280617574507	0.844759839264359
143.350029490460	0.845565279100604
143.419421300781	0.846132391113248
143.488792995738	0.846086379888622
143.558144565601	0.846040368663995
143.627476000643	0.845884675501426
143.696787291139	0.845561923113090
143.766078427368	0.845239170724755
143.835349399613	0.845320136799060
143.904600198157	0.845788458222435
143.973830813288	0.846256779645809
144.043041235295	0.847192955045953
144.112231454471	0.848413545720689
144.181401461113	0.849634136395424
144.250551245518	0.849799561618859
144.319680797988	0.849576832268738
144.388790108828	0.849354102918617
144.457879168344	0.848707285485256
144.526947966845	0.847978343573291
144.595996494646	0.847249401661327
144.665024742061	0.846771596148910
144.734032699409	0.846309250671744
144.803020357011	0.845877683449993
144.871987705191	0.846118247760638
144.940934734276	0.846358812071282
145.009861434596	0.846524779282368
145.078767796483	0.846244010216410
145.147653810274	0.845963241150452
145.216519466306	0.845716933931861
145.285364754921	0.845579812032742
145.354189666462	0.845442690133623
145.422994191277	0.845456528358875
145.491778319715	0.845771073801032
145.560542042130	0.846085619243189
145.629285348876	0.846404796208329
145.698008230311	0.846730212590705
145.766710676799	0.847055628973081
145.835392678701	0.846811995868782
145.904054226386	0.846033210643253
145.972695310222	0.845254425417724
146.041315920584	0.844542607185695
146.109916047846	0.843875039218059
146.178495682386	0.843207471250422
146.247054814587	0.843062750577563
146.315593434832	0.843156938553064
146.384111533509	0.843251126528566
146.452609101007	0.844276669310364
146.521086127719	0.845583448770167
146.589542604041	0.846890228229970
146.657978520372	0.846790437241094
146.726393867113	0.846436985121348
146.794788634668	0.846083533001601
146.863162813445	0.845274880959930
146.931516393854	0.844428677311713
146.999849366308	0.843582473663495
147.068161721222	0.843031768563031
147.136453449016	0.842481716409375
147.204724540111	0.842088460672554
147.272974984932	0.843803857786941
147.341204773907	0.845519254901327
147.409413897465	0.847034769645840
147.477602346041	0.847302088975578
147.545770110070	0.847569408305315
147.613917179991	0.847630662054164
147.682043546246	0.846889079246030
147.750149199281	0.846147496437896
147.818234129543	0.845281065149586
147.886298327483	0.844073358460152
147.954341783554	0.842865651770717
148.022364488213	0.842320017020496
148.090366431919	0.843125830808039
148.158347605135	0.843931644595581
148.226307998327	0.844504148184316
148.294247601961	0.844707317343470
148.362166406510	0.844910486502623
148.430064402447	0.844695269117147
148.497941580249	0.843953626349201
148.565797930396	0.843211983581254
148.633633443371	0.842049612629185
148.701448109660	0.840459466037479
148.769241919751	0.838869319445774
148.837014864135	0.838235664792721
148.904766933308	0.838396700933432
148.972498117766	0.838557737074143
149.040208408011	0.838965234024183
149.107897794544	0.839541280117313
149.175566267873	0.840117326210443
149.243213818506	0.840400074414014
149.310840436956	0.840517013037109
149.378446113737	0.840633951660203
149.446030839368	0.839843869148755
149.513594604369	0.838629140432312
149.581137399265	0.837414411715868
149.648659214581	0.836770034489161
149.716160040848	0.836346718260980
149.783639868598	0.835923402032799
149.851098688367	0.836075017261196
149.918536490693	0.836410678484906
149.985953266118	0.836746339708616
150.053349005186	0.836818884551427
150.120723698445	0.836822161905232
150.188077336445	0.836825439259038
150.255409909739	0.836144824497627
150.322721408883	0.835317078011765
150.390011824438	0.834489331525903
150.457281146963	0.833578653848182
150.524529367026	0.832653517591295
150.591756475194	0.831728381334409
150.658962462038	0.831429582865030
150.726147318132	0.831218338964229
150.793311034053	0.831007095063428
150.860453600380	0.830682919390929
150.927575007698	0.830346250205283
150.994675246591	0.830009581019637
151.061754307648	0.829626475188840
151.128812181462	0.829239365985070
151.195848858626	0.828852256781301
151.262864329740	0.828433220434550
151.329858585402	0.828012076152090
151.396831616218	0.827590931869631
151.463783412794	0.827321081249337
151.530713965739	0.827058744880024
151.597623265666	0.826796408510710
151.664511303191	0.826201987171268
151.731378068932	0.825595332926166
151.798223553510	0.824988678681063
151.865047747552	0.824127168474937
151.931850641682	0.823258699207034
151.998632226534	0.822390229939132
152.065392492739	0.822072504977144
152.132131430935	0.821766297895930
152.198849031761	0.821460090814716
152.265545285859	0.821462362044132
152.332220183875	0.821470049325951
152.398873716457	0.821477736607770
152.465505874257	0.821479964498116
152.532116647930	0.821482098535507
152.598706028132	0.821484232572899
152.665274005524	0.820449596635349
152.731820570771	0.819394411120361
152.798345714537	0.818339225605373
152.864849427493	0.817669847433194
152.931331700312	0.817010309603315
152.997792523668	0.816350771773437
153.064231888240	0.816102709825379
153.130649784710	0.815868787064865
153.197046203762	0.815634864304352
153.263421136084	0.816246437351754
153.329774572366	0.816897382787250
153.396106503303	0.817548328222745
153.462416919589	0.817048648483046
153.528705811926	0.816477205182224
153.594973171015	0.815905761881402
153.661218987562	0.814949547436285
153.727443252277	0.813961743568720
153.793645955870	0.812973939701156
153.859827089057	0.812005457036675
153.925986642554	0.811039026082558
153.992124607084	0.810072595128440
154.058240973369	0.810340295066504
154.124335732136	0.810774848354952
154.190408874116	0.811209401643400
154.256460390041	0.811735749718875
154.322490270647	0.812277688797181
154.388498506673	0.812819627875487
154.454485088861	0.812653145496181
154.520450007956	0.812337143575792
154.586393254707	0.812021141655403
154.652314819863	0.811013034823149
154.718214694180	0.809824945489045
154.784092868414	0.808636856154941
154.849949333326	0.807541449814222
154.915784079679	0.806475554994065
154.981597098239	0.805409660173908
155.047388379775	0.805113418199143
155.113157915061	0.805116015826055
155.178905694872	0.805118613452967
155.244631709985	0.805182067078037
155.310335951183	0.805274278374388
155.376018409250	0.805366489670739
155.441679074974	0.805343539228199
155.507317939146	0.805254337127384
155.572934992559	0.805165135026568
155.638530226011	0.804645902439831
155.704103630300	0.803824651092948
155.769655196231	0.803003399746065
155.835184914609	0.802512436009680
155.900692776243	0.802306277780325
155.966178771946	0.802100119550970
156.031642892532	0.802060541519429
156.097085128820	0.802198981684055
156.162505471631	0.802337421848681
156.227903911791	0.802587217722497
156.293280440125	0.802986617571415
156.358635047465	0.803386017420334
156.423967724645	0.803498181723349
156.489278462501	0.803114699924847
156.554567251873	0.802731218126344
156.619834083604	0.802226401644891
156.685078948540	0.801443697745527
156.750301837530	0.800660993846162
156.815502741426	0.799929186677853
156.880681651083	0.799360515365915
156.945838557359	0.798791844053976
157.010973451117	0.798308130028750
157.076086323220	0.798243668200183
157.141177164536	0.798179206371616
157.206245965936	0.798154854409766
157.271292718293	0.798508182730204
157.336317412485	0.798861511050643
157.401320039390	0.799201861641646
157.466300589893	0.798916226000275
157.531259054879	0.798630590358904
157.596195425237	0.798344954717533
157.661109691860	0.797810912275318
157.726001845644	0.797261407008965
157.790871877486	0.796711901742611
157.855719778289	0.795877551145020
157.920545538957	0.794996544434726
157.985349150397	0.794115537724432
158.050130603522	0.793919186650155
158.114889889245	0.793922894809256
158.179626998482	0.793926602968357
158.244341922155	0.794018909078380
158.309034651187	0.794151914790308
158.373705176504	0.794284920502236
158.438353489035	0.794389541295939
158.502979579714	0.794474704967785
158.567583439477	0.794559868639630
158.632165059262	0.794275786737598
158.696724430011	0.793619636135357
158.761261542669	0.792963485533116
158.825776388186	0.792219415456455
158.890268957512	0.791343236993018
158.954739241602	0.790467058529582
159.019187231413	0.789782943182822
159.083612917907	0.789551807210140
159.148016292047	0.789320671237459
159.212397344801	0.789154032090217
159.276756067138	0.789257789985022
159.341092450032	0.789361547879827
159.405406484459	0.789490405284559
159.469698161399	0.789892693263417
159.533967471836	0.790294981242276
159.598214406753	0.790697269221135
159.662438957142	0.790157000403459
159.726641113993	0.789589781239147
159.790820868302	0.789022562074835
159.854978211068	0.788399103994140
159.919113133292	0.787766257902297
159.983225625978	0.787133411810454
160.047315680136	0.786518028386097
160.111383286775	0.785908834763137
160.175428436910	0.785299641140176
160.239451121558	0.785051680253444
160.303451331739	0.785028668725838
160.367429058478	0.785005657198232
160.431384292801	0.785072367983161
160.495317025739	0.785232177185151
160.559227248323	0.785391986387142
160.623114951590	0.785305481948739
160.686980126580	0.784784577606828
160.750822764335	0.784263673264917
160.814642855901	0.783737267921222
160.878440392327	0.783192390987654
160.942215364665	0.782647514054087
161.005967763970	0.782099106154950
161.069697581300	0.781516514651584
161.133404807718	0.780933923148217
161.197089434287	0.780351331644850
161.260751452076	0.780417279850611
161.324390852155	0.780514294002406
161.388007625599	0.780611308154202
161.451601763486	0.780747317564177
161.515173256895	0.780892387964094
161.578722096911	0.781037458364012
161.642248274620	0.780962596872972
161.705751781113	0.780776988534737
161.769232607483	0.780591380196502
161.832690744827	0.780292040784840
161.896126184243	0.779885680679671
161.959538916835	0.779479320574502
162.022928933709	0.779007973445037
162.086296225974	0.778421968606279
162.149640784742	0.777835963767522
162.212962601130	0.777325295622548
162.276261666255	0.777107255260904
162.339537971240	0.776889214899260
162.402791507210	0.776671729871311
162.466022265293	0.776466270931043
162.529230236621	0.776260811990776
162.592415412328	0.776055353050508
162.655577783553	0.775776092998945
162.718717341436	0.775486763249560
162.781834077123	0.775197433500175
162.844927981759	0.774727766731989
162.907999046497	0.774185196650951
162.971047262490	0.773642626569912
163.034072620895	0.773002906937855
163.097075112873	0.772280650646390
163.160054729587	0.771558394354925
163.223011462203	0.771053841472906
163.285945301893	0.770927128823477
163.348856239829	0.770800416174048
163.411744267187	0.770700993476554
163.474609375147	0.770720391167882
163.537451554892	0.770739788859211
163.600270797608	0.770760269795116
163.663067094484	0.771030915719046
163.725840436712	0.771301561642977
163.788590815489	0.771572207566907
163.851318222013	0.771514533272095
163.914022647487	0.771383879307703
163.976704083115	0.771253225343312
164.039362520107	0.770902325097435
164.101997949674	0.770421100229615
164.164610363031	0.769939875361794
164.227199751396	0.769446323009589
164.289766105991	0.768936734272525
164.352309418041	0.768427145535460
164.414829678774	0.767927218906894
164.477326879420	0.767458358879229
164.539801011214	0.766989498851564
164.602252065395	0.766531031415975
164.664680033202	0.766350315942203
164.727084905880	0.766169600468432
164.789466674676	0.765988884994661
164.851825330841	0.765843443371792
164.914160865629	0.765705169732929
164.976473270297	0.765566896094066
165.038762536105	0.765466718205855
165.101028654316	0.765389658082046
165.163271616199	0.765312597958236
165.225491413022	0.765294825729797
165.287688036058	0.765362460482782
165.349861476586	0.765430095235766
165.412011725884	0.765512034375940
165.474138775235	0.765653670811840
165.536242615927	0.765795307247741
165.598323239247	0.765936943683641
165.660380636490	0.766068734496897
165.722414798952	0.766200251946090
165.784425717931	0.766331769395282
165.846413384730	0.766435542907291
165.908377790656	0.766530008502199
165.970318927018	0.766624474097107
166.032236785127	0.766645339560739
166.094131356299	0.766598452521074
166.156002631854	0.766551565481408
166.217850603114	0.766483977521118
166.279675261404	0.766365376424678
166.341476598053	0.766246775328238
166.403254604393	0.766124500518486
166.465009271759	0.765936177858724
166.526740591490	0.765747855198963
166.588448554927	0.765559532539201
166.650133153416	0.765277563812702
166.711794378305	0.764974021657246
166.773432220947	0.764670479501790
166.835046672695	0.764350810523899
166.896637724908	0.764018918610127
166.958205368947	0.763687026696355
167.019749596178	0.763436532911841
167.081270397968	0.763358263529452
167.142767765689	0.763279994147063
167.204241690715	0.763207518765071
167.265692164425	0.763213206189904
167.327119178200	0.763218893614737
167.388522723423	0.763224581039570
167.449902791483	0.763417488094064
167.511259373772	0.763653446118970
167.572592461683	0.763889404143877
167.633902046614	0.764024204044968
167.695188119966	0.764077239883653
167.756450673144	0.764130275722338
167.817689697555	0.764135641858269
167.878905184609	0.764023674924724
167.940097125722	0.763911707991179
168.001265512310	0.763796877687307
168.062410335795	0.763546534078683
168.123531587600	0.763296190470060
168.184629259153	0.763045846861437
168.245703341885	0.762764704143934
168.306753827229	0.762473205183527
168.367780706623	0.762181706223120
168.428783971508	0.761991507417154
168.489763613328	0.761914677009344
168.550719623529	0.761837846601534
168.611651993563	0.761749313691313
168.672560714883	0.761611296338343
168.733445778946	0.761473278985372
168.794307177214	0.761335261632402
168.855144901149	0.760884703815870
168.915958942220	0.760401887463638
168.976749291896	0.759919071111406
169.037515941652	0.759440687816096
169.098258882964	0.758965051399303
169.158978107313	0.758489414982511
169.219673606183	0.758016166107724
169.280345371061	0.757547894587177
169.340993393438	0.757079623066631
169.401617664806	0.756628178876247
169.462218176664	0.756790424095504
169.522794920512	0.756952669314761
169.583347887853	0.757114914534018
169.643877070194	0.757603709045665
169.704382459047	0.758216410578635
169.764864045925	0.758829112111605
169.825321822344	0.759293335073726
169.885755779826	0.759551573046969
169.946165909894	0.759809811020212
170.006552204076	0.760055509037819
170.066914653901	0.760198196693339
170.127253250904	0.760340884348859
170.187567986623	0.760483572004379
170.247858852596	0.759965101883775
170.308125840369	0.759274920563389
170.368368941488	0.758584739243004
170.428588147504	0.757920588467269
170.488783449972	0.757285233245496
170.548954840447	0.756649878023723
170.609102310492	0.756120734597047
170.669225851669	0.756187103785237
170.729325455547	0.756253472973428
170.789401113696	0.756319842161618
170.849452817689	0.756380392536902
170.909480559105	0.756439696051209
170.969484329525	0.756498999565516
171.029464120531	0.756543769909576
171.089419923713	0.756573491406095
171.149351730660	0.756603212902614
171.209259532967	0.756574613972028
171.269143322232	0.756227073682325
171.329003090055	0.755879533392622
171.388838828041	0.755531993102919
171.448650527797	0.754799019086912
171.508438180935	0.753977638336763
171.568201779070	0.753156257586614
171.627941313818	0.752620842237886
171.687656776801	0.752410800835250
171.747348159644	0.752200759432613
171.807015453975	0.752038967045103
171.866658651424	0.752239217331046
171.926277743628	0.752439467616988
171.985872722223	0.752639717902930
172.045443578851	0.753140145293515
172.104990305158	0.753733871626309
172.164512892790	0.754327597959103
172.224011333401	0.754973601703845
172.283485618645	0.755696852227963
172.342935740180	0.756420102752081
172.402361689669	0.757099014621128
172.461763458776	0.756706799249823
172.521141039169	0.756314583878519
172.580494422522	0.755922368507214
172.639823600509	0.755410111078363
172.699128564809	0.754839068999145
172.758409307104	0.754268026919926
172.817665819080	0.753769642139779
172.876898092426	0.753442279717440
172.936106118834	0.753114917295101
172.995289889999	0.752787554872762
173.054449397622	0.752531889233565
173.113584633404	0.752282424434728
173.172695589051	0.752032959635890
173.231782256274	0.752189305399736
173.290844626783	0.752694215542970
173.349882692297	0.753199125686203
173.408896444534	0.753679015022563
173.467885875217	0.754017980402760
173.526850976073	0.754356945782956
173.585791738832	0.754695911163152
173.644708155226	0.754631633970185
173.703600216993	0.754439232329830
173.762467915872	0.754246830689475
173.821311243607	0.754052611946978
173.880130191946	0.753855193689202
173.938924752637	0.753657775431427
173.997694917435	0.753460357173652
174.056440678098	0.753249482973698
174.115162026385	0.753038059329193
174.173858954061	0.752826635684688
174.232531452893	0.752785525452322
174.291179514652	0.752881244434238
174.349803131112	0.752976963416155
174.408402294051	0.753132137311554
174.466976995251	0.753642433286150
174.525527226495	0.754152729260747
174.584052979571	0.754663025235344
174.642554246272	0.754946343171055
174.701031018392	0.755144619687001
174.759483287730	0.755342896202946
174.817911046086	0.755445738079050
174.876314285267	0.755332741694442
174.934692997080	0.755219745309833
174.993047173339	0.755106748925225
175.051376805858	0.754745123705559
175.109681886456	0.754349858502595
175.167962406957	0.753954593299630
175.226218359185	0.753463958241608
175.284449734969	0.752856810065413
175.342656526144	0.752249661889218
175.400838724544	0.751645840700876
175.458996322010	0.751269441275323
175.517129310384	0.750893041849770
175.575237681513	0.750516642424216
175.633321427248	0.750204920203428
175.691380539441	0.749941251768169
175.749415009949	0.749677583332910
175.807424830633	0.749436936106487
175.865409993356	0.749353098467490
175.923370489986	0.749269260828492
175.981306312394	0.749185423189495
176.039217452453	0.749147840417883
176.097103902042	0.749132301180506
176.154965653041	0.749116761943129
176.212802697335	0.749108721500735
176.270615026812	0.749127052993077
176.328402633364	0.749145384485419
176.386165508885	0.749163715977760
176.443903645274	0.749193170566439
176.501617034433	0.749226129416392
176.559305668267	0.749259088266344
176.616969538686	0.749278337292342
176.674608637600	0.749264716089386
176.732222956927	0.749251094886429
176.789812488586	0.749237473683472
176.847377224498	0.749225817542657
176.904917156591	0.749214583858716
176.962432276794	0.749203350174775
177.019922577041	0.749135384481873
177.077388049268	0.748960462879233
177.134828685414	0.748785541276594
177.192244477425	0.748610619673954
177.249635417246	0.748424854204822
177.307001496829	0.748237394743717
177.364342708128	0.748049935282611
177.421659043100	0.747900108620423
177.478950493706	0.747812223503430
177.536217051911	0.747724338386436
177.593458709682	0.747636453269443
177.650675458992	0.747570816131930
177.707867291816	0.747508050190930
177.765034200132	0.747445284249931
177.822176175921	0.747350663924548
177.879293211170	0.747205828806117
177.936385297868	0.747060993687687
177.993452428007	0.746916158569256
178.050494593583	0.746754564396587
178.107511786595	0.746590797567530
178.164503999047	0.746427030738474
178.221471222945	0.746173621722334
178.278413450300	0.745772049441465
178.335330673124	0.745370477160596
178.392222883435	0.744968904879727
178.449090073253	0.744524763038682
178.505932234603	0.744073878550575
178.562749359512	0.743622994062468
178.619541440010	0.743400192402565
178.676308468134	0.743612076127032
178.733050435920	0.743823959851499
178.789767335410	0.744035843575965
178.846459158651	0.744307584074045
178.903125897689	0.744592505186917
178.959767544577	0.744877426299789
179.016384091372	0.745190762234302
179.072975530132	0.745573857653449
179.129541852920	0.745956953072597
179.186083051802	0.746340048491744
179.242599118849	0.746729039828634
179.299090046133	0.747119956913874
179.355555825731	0.747510873999113
179.411996449723	0.747690195826759
179.468411910194	0.747085777924641
179.524802199231	0.746481360022522
179.581167308925	0.745876942120403
179.637507231370	0.745157270542664
179.693821958664	0.744379741945837
179.750111482910	0.743602213349010
179.806375796211	0.742868119248607
179.862614890677	0.742473810577259
179.918828758419	0.742079501905911
179.975017391554	0.741685193234564
180.031180782201	0.741349441515598
180.087318922482	0.741060596251289
180.143431804524	0.740771750986980
180.199519420457	0.740482905722671
180.255581762414	0.740829233384351
180.311618822531	0.741181051851749
180.367630592950	0.741532870319146
180.423617065815	0.741968359981327
180.479578233273	0.742518503146083
180.535514087475	0.743068646310839
180.591424620576	0.743618789475595
180.647309824734	0.743593840639318
180.703169692111	0.743464673788277
180.759004214872	0.743335506937237
180.814813385187	0.743138596395345
180.870597195227	0.742754248465103
180.926355637169	0.742369900534861
180.982088703192	0.741985552604620
181.037796385479	0.741673840167233
181.093478676218	0.741396541120063
181.149135567598	0.741119242072893
181.204767051813	0.740845595322360
181.260373121060	0.740610909807638
181.315953767541	0.740376224292916
181.371508983460	0.740141538778193
181.427038761025	0.740162727435767
181.482543092448	0.740453471823115
181.538021969943	0.740744216210463
181.593475385731	0.741034960597811
181.648903332032	0.741619454435655
181.704305801073	0.742243131037598
181.759682785084	0.742866807639542
181.815034276297	0.743346298305328
181.870360266949	0.743439215637778
181.925660749281	0.743532132970228
181.980935715536	0.743625050302678
182.036185157961	0.743406984681374
182.091409068808	0.743025113969849
182.146607440331	0.742643243258323
182.201780264789	0.742253871871547
182.256927534442	0.741639593489036
182.312049241556	0.741025315106525
182.367145378401	0.740411036724014
182.422215937248	0.739682463178833
182.477260910374	0.738784900435423
182.532280290058	0.737887337692012
182.587274068583	0.736989774948602
182.642242238237	0.736383040233787
182.697184791309	0.735863900449149
182.752101720094	0.735344760664512
182.806993016889	0.734917784689589
182.861858673996	0.735121934825628
182.916698683719	0.735326084961667
182.971513038367	0.735530235097706
183.026301730251	0.735735383664668
183.081064751688	0.735941613363717
183.135802094996	0.736147843062766
183.190513752498	0.736354072761815
183.245199716521	0.736535633428169
183.299859979394	0.736712017904380
183.354494533452	0.736888402380591
183.409103371031	0.737058133505381
183.463686484472	0.737194613903643
183.518243866120	0.737331094301905
183.572775508322	0.737467574700167
183.627281403431	0.737385129358234
183.681761543801	0.737084266566264
183.736215921792	0.736783403774294
183.790644529765	0.736482540982324
183.845047360088	0.736201345615654
183.899424405129	0.735924233841035
183.953775657262	0.735647122066417
184.008101108863	0.735435776438029
184.062400752315	0.735599600328154
184.116674580000	0.735763424218279
184.170922584306	0.735927248108404
184.225144757625	0.736094661553993
184.279341092352	0.736266224984487
184.333511580886	0.736437788414981
184.387656215629	0.736609351845475
184.441774988986	0.736769418177022
184.495867893368	0.736926088117669
184.549934921187	0.737082758058316
184.603976064860	0.737238753476735
184.657991316808	0.737386257547185
184.711980669455	0.737533761617634
184.765944115228	0.737681265688084
184.819881646559	0.737699901413779
184.873793255883	0.737497847124097
184.927678935638	0.737295792834415
184.981538678267	0.737093738544733
185.035372476215	0.736795381493651
185.089180321933	0.736446774850085
185.142962207872	0.736098168206519
185.196718126490	0.735749561562952
185.250448070248	0.735497586761223
185.304152031609	0.735251896838391
185.357830003041	0.735006206915558
185.411481977016	0.734777095881910
185.465107946009	0.734608859688571
185.518707902497	0.734440623495231
185.572281838964	0.734272387301892
185.625829747896	0.734163766902223
185.679351621782	0.734119105349564
185.732847453115	0.734074443796906
185.786317234392	0.734029782244247
185.839760958114	0.734130144268986
185.893178616786	0.734280400618457
185.946570202914	0.734430656967928
185.999935709011	0.734580913317398
186.053275127591	0.734719669472185
186.106588451174	0.734858411751903
186.159875672282	0.734997154031622
186.213136783441	0.735128771558875
186.266371777181	0.735238632865248
186.319580646036	0.735348494171621
186.372763382542	0.735458355477994
186.425919979241	0.735572740188471
186.479050428677	0.735691876911435
186.532154723398	0.735811013634400
186.585232855957	0.735930150357365
186.638284818907	0.736020776705068
186.691310604810	0.736100408776866
186.744310206227	0.736180040848664
186.797283615725	0.736259672920461
186.850230825874	0.736358368005438
186.903151829248	0.736458093738747
186.956046618425	0.736557819472056
187.008915185986	0.736619572583620
187.061757524516	0.736494159938419
187.114573626603	0.736368747293217
187.167363484839	0.736243334648016
187.220127091821	0.736107816857398
187.272864440148	0.735955917405063
187.325575522424	0.735804017952729
187.378260331254	0.735652118500394
187.430918859251	0.735544123901161
187.483551099029	0.735466992014983
187.536157043204	0.735389860128806
187.588736684400	0.735312728242629
187.641290015241	0.735267737452815
187.693817028358	0.735231512108019
187.746317716381	0.735195286763223
187.798792071949	0.735159061418427
187.851240087701	0.735193041401349
187.903661756280	0.735228676013962
187.956057070336	0.735264310626575
188.008426022518	0.735314451340602
188.060768605482	0.735440224769940
188.113084811886	0.735565998199279
188.165374634394	0.735691771628617
188.217638065670	0.735792053329275
188.269875098385	0.735842304606697
188.322085725213	0.735892555884119
188.374269938829	0.735942807161541
188.426427731916	0.735862924294809
188.478559097157	0.735656374729168
188.530664027242	0.735449825163527
188.582742514862	0.735243275597887
188.634794552712	0.735023350072987
188.686820133493	0.734796791977030
188.738819249907	0.734570233881074
188.790791894661	0.734343675785118
188.842738060466	0.734277040677263
188.894657740036	0.734244853013927
188.946550926088	0.734212665350590
188.998417611346	0.734180477687254
189.050257788533	0.734142706733186
189.102071450380	0.734104760028463
189.153858589619	0.734066813323741
189.205619198986	0.734052060209828
189.257353271222	0.734227710197438
189.309060799071	0.734403360185048
189.360741775281	0.734579010172658
189.412396192603	0.734775676085131
189.464024043792	0.735038881667705
189.515625321607	0.735302087250279
189.567200018811	0.735565292832853
189.618748128171	0.735740612866819
189.670269642455	0.735762215778673
189.721764554439	0.735783818690527
189.773232856899	0.735805421602382
189.824674542618	0.735691499518156
189.876089604379	0.735430596612774
189.927478034972	0.735169693707392
189.978839827189	0.734908790802010
190.030174973827	0.734644134526013
190.081483467685	0.734376846882364
190.132765301567	0.734109559238715
190.184020468281	0.733842271595066
190.235248960637	0.733513308322087
190.286450771451	0.733156392668687
190.337625893542	0.732799477015288
190.388774319731	0.732442561361888
190.439896042845	0.732102907389664
190.490991055713	0.731768109136472
190.542059351170	0.731433310883280
190.593100922053	0.731098512630088
190.644115761203	0.731175246523617
190.695103861465	0.731316321664193
190.746065215687	0.731457396804769
190.796999816722	0.731598471945346
190.847907657426	0.731796477384921
190.898788730659	0.731998047148321
190.949643029284	0.732199616911721
191.000470546169	0.732400700275899
191.051271274186	0.732549742565231
191.102045206208	0.732698784854563
191.152792335115	0.732847827143895
191.203512653789	0.732994287327339
191.254206155117	0.733106054643375
191.304872831988	0.733217821959410
191.355512677295	0.733329589275446
191.406125683938	0.733435133291440
191.456711844816	0.733495492852564
191.507271152835	0.733555852413688
191.557803600903	0.733616211974812
191.608309181933	0.733658461737561
191.658787888842	0.733608768828785
191.709239714549	0.733559075920009
191.759664651979	0.733509383011233
191.810062694058	0.733456548432065
191.860433833719	0.733391124127142
191.910778063896	0.733325699822219
191.961095377529	0.733260275517297
192.011385767560	0.733220391057601
192.061649226935	0.733267751923005
192.111885748606	0.733315112788410
192.162095325525	0.733362473653815
192.212277950651	0.733405794854538
192.262433616946	0.733436648046021
192.312562317375	0.733467501237503
192.362664044906	0.733498354428986
192.412738792514	0.733507972491153
192.462786553174	0.733455369348134
192.512807319867	0.733402766205115
192.562801085578	0.733350163062097
192.612767843295	0.733286767004356
192.662707586009	0.733191934344835
192.712620306716	0.733097101685315
192.762505998416	0.733002269025795
192.812364654112	0.732889119212376
192.862196266810	0.732720440173276
192.912000829523	0.732551761134177
192.961778335264	0.732383082095077
193.011528777052	0.732183203139705
193.061252147909	0.731879914057223
193.110948440861	0.731576624974741
193.160617648938	0.731273335892259
193.210259765174	0.730972359303051
193.259874782605	0.730680256860782
193.309462694274	0.730388154418513
193.359023493225	0.730096051976244
193.408557172507	0.729839857157515
193.458063725173	0.729755561611458
193.507543144278	0.729671266065401
193.556995422884	0.729586970519344
193.606420554055	0.729505284548030
193.655818530858	0.729441072677114
193.705189346364	0.729376860806197
193.754532993650	0.729312648935281
193.803849465795	0.729257870239443
193.853138755882	0.729314479169555
193.902400856997	0.729371088099667
193.951635762231	0.729427697029779
194.000843464680	0.729485623233295
194.050023957440	0.729619062730928
194.099177233615	0.729752502228560
194.148303286311	0.729885941726193
194.197402108636	0.730019381223826
194.246473693706	0.730167554581623
194.295518034637	0.730316551348789
194.344535124550	0.730465548115954
194.393524956571	0.730614544883120
194.442487523828	0.730773632922333
194.491422819455	0.730934258438315
194.540330836587	0.731094883954298
194.589211568366	0.731255509470280
194.638065007935	0.731419695486503
194.686891148442	0.731584890344962
194.735689983040	0.731750085203421
194.784461504884	0.731915280061880
194.833205707133	0.732081056612468
194.881922582951	0.732247105288123
194.930612125505	0.732413153963779
194.979274327966	0.732579202639434
195.027909183509	0.732740841689751
195.076516685313	0.732899207016291
195.125096826560	0.733057572342831
195.173649600436	0.733215937669371
195.222175000132	0.733314514550811
195.270673018842	0.733342065077155
195.319143649764	0.733369615603498
195.367586886099	0.733397166129841
195.416002721052	0.733378411612302
195.464391147835	0.733265893665954
195.512752159659	0.733153375719607
195.561085749741	0.733040857773259
195.609391911304	0.732926704914044
195.657670637570	0.732805779907752
195.705921921770	0.732684854901459
195.754145757136	0.732563929895166
195.802342136903	0.732447713631000
195.850511054313	0.732423660049170
195.898652502608	0.732399606467340
195.946766475038	0.732375552885511
195.994852964854	0.732351499303681
196.042911965311	0.732311884927087
196.090943469669	0.732270404655698
196.138947471191	0.732228924384309
196.186923963145	0.732187444112920
196.234872938801	0.732197976649493
196.282794391434	0.732228006488070
196.330688314323	0.732258036326647
196.378554700751	0.732288066165224
196.426393544004	0.732336733927460
196.474204837373	0.732400541072038
196.521988574151	0.732464348216616
196.569744747637	0.732528155361194
196.617473351133	0.732580599932537
196.665174377944	0.732613375741821
196.712847821381	0.732646151551105
196.760493674756	0.732678927360388
196.808111931387	0.732696948108590
196.855702584595	0.732643130009090
196.903265627707	0.732589311909590
196.950801054049	0.732535493810090
196.998308856956	0.732481675710590
197.045789029765	0.732437136479131
197.093241565815	0.732392939854472
197.140666458451	0.732348743229813
197.188063701023	0.732304546605154
197.235433286881	0.732287614090702
197.282775209382	0.732279863305259
197.330089461887	0.732272112519816
197.377376037759	0.732264361734373
197.424634930366	0.732268961310496
197.471866133079	0.732284899779219
197.519069639275	0.732300838247943
197.566245442332	0.732316776716667
197.613393535635	0.732347200301138
197.660513912569	0.732414118799623
197.707606566527	0.732481037298108
197.754671490903	0.732547955796592
197.801708679096	0.732617758697247
197.848718124510	0.732764059077059
197.895699820550	0.732910359456872
197.942653760627	0.733056659836684
197.989579938155	0.733202960216496
198.036478346554	0.733363054831097
198.083348979245	0.733527088622470
198.130191829654	0.733691122413843
198.177006891212	0.733855156205216
198.223794157351	0.733928238472016
198.270553621511	0.733913457190583
198.317285277133	0.733898675909151
198.363989117663	0.733883894627718
198.410665136549	0.733865242413726
198.457313327246	0.733833523828766
198.503933683211	0.733801805243805
198.550526197905	0.733770086658844
198.597090864792	0.733738368073884
198.643627677343	0.733700034040242
198.690136629031	0.733661259008873
198.736617713331	0.733622483977505
198.783070923725	0.733583708946136
198.829496253698	0.733533349049585
198.875893696737	0.733476342113549
198.922263246337	0.733419335177514
198.968604895992	0.733362328241478
199.014918639204	0.733303934915750
199.061204469476	0.733242624913916
199.107462380317	0.733181314912082
199.153692365238	0.733120004910248
199.199894417757	0.733058694908414
199.246068531392	0.733237794874133
199.292214699668	0.733417445673511
199.338332916112	0.733597096472888
199.384423174256	0.733776747272266
199.430485467635	0.733966049690966
199.476519789790	0.734160282210875
199.522526134263	0.734354514730783
199.568504494601	0.734548747250692
199.614454864357	0.734723499066529
199.660377237085	0.734855817497383
199.706271606345	0.734988135928237
199.752137965699	0.735120454359092
199.797976308715	0.735252772789946
199.843786628963	0.735304605815724
199.889568920018	0.735352720110038
199.935323175460	0.735400834404353
199.981049388870	0.735448948698668
200.026747553835	0.735492995074499
200.072417663947	0.735534160214640
200.118059712799	0.735575325354780
200.163673693990	0.735616490494921
200.209259601122	0.735617710908053
200.254817427802	0.735462272480224
200.300347167640	0.735306834052395
200.345848814250	0.735151395624566
200.391322361250	0.734995957196737
200.436767802263	0.734822155774411
200.482185130914	0.734644021799693
200.527574340834	0.734465887824975
200.572935425655	0.734287753850258
200.618268379017	0.734152893262198
200.663573194561	0.734082122260340
200.708849865932	0.734011351258483
200.754098386781	0.733940580256625
200.799318750761	0.733869809254768
200.844510951529	0.733983999023632
200.889674982748	0.734101018849155
200.934810838082	0.734218038674678
200.979918511202	0.734335058500201
201.024997995780	0.734457897705390
201.070049285493	0.734585410310808
201.115072374024	0.734712922916227
201.160067255058	0.734840435521645
201.205033922283	0.734960926219424
201.249972369392	0.735025731313313
201.294882590084	0.735090536407202
201.339764578059	0.735155341501091
201.384618327022	0.735220146594981
201.429443830682	0.735282895231793
201.474241082752	0.735344569895106
201.519010076950	0.735406244558419
201.563750806995	0.735467919221732
201.608463266613	0.735510376712828
201.653147449533	0.735470550595786
201.697803349487	0.735430724478743
201.742430960212	0.735390898361701
201.787030275449	0.735351072244658
201.831601288943	0.735098841858511
201.876143994442	0.734759464588926
201.920658385699	0.734420087319341
201.965144456471	0.734080710049755
202.009602200518	0.733743272234870
202.054031611604	0.733412872325645
202.098432683499	0.733082472416420
202.142805409974	0.732752072507195
202.187149784807	0.732421672597970
202.231465801777	0.732281118742677
202.275753454669	0.732218070799012
202.320012737272	0.732155022855348
202.364243643378	0.732091974911683
202.408446166783	0.732050460966821
202.452620301288	0.732100080838324
202.496766040697	0.732149700709827
202.540883378818	0.732199320581330
202.584972309463	0.732248940452832
202.629032826450	0.732318226956448
202.673064923597	0.732397689865151
202.717068594730	0.732477152773855
202.761043833677	0.732556615682558
202.804990634269	0.732661902097924
202.848908990343	0.732968698590075
202.892798895740	0.733275495082226
202.936660344303	0.733582291574377
202.980493329881	0.733889088066528
203.024297846326	0.734190868328389
203.068073887494	0.734488622781854
203.111821447245	0.734786377235318
203.155540519444	0.735084131688782
203.199231097957	0.735381886142247
203.242893176659	0.735579504448817
203.286526749425	0.735775328253843
203.330131810134	0.735971152058870
203.373708352672	0.736166975863896
203.417256370925	0.736326110476163
203.460775858788	0.736429364053246
203.504266810155	0.736532617630330
203.547729218926	0.736635871207413
203.591163079007	0.736739124784497
203.634568384304	0.736833395724654
203.677945128731	0.736925371133684
203.721293306203	0.737017346542715
203.764612910641	0.737109321951746
203.807903935969	0.737185723827748
203.851166376114	0.737192423490096
203.894400225010	0.737199123152445
203.937605476592	0.737205822814793
203.980782124801	0.737212522477142
204.023930163580	0.737211461495210
204.067049586879	0.737204170127606
204.110140388649	0.737196878760001
204.153202562846	0.737189587392396
204.196236103432	0.737182296024792
204.239241004370	0.737119822481949
204.282217259628	0.737052057744194
204.325164863179	0.736984293006439
204.368083809000	0.736916528268684
204.410974091070	0.736815812058919
204.453835703374	0.736619293966271
204.496668639901	0.736422775873622
204.539472894642	0.736226257780974
204.582248461595	0.736029739688325
204.624995334760	0.735835230220831
204.667713508141	0.735642146790813
204.710402975747	0.735449063360795
204.753063731591	0.735255979930778
204.795695769689	0.735062896500760
204.838299084061	0.734901669057273
204.880873668733	0.734744020533347
204.923419517733	0.734586372009421
204.965936625093	0.734428723485495
205.008424984851	0.734275826478458
205.050884591048	0.734142134016271
205.093315437727	0.734008441554084
205.135717518939	0.733874749091897
205.178090828735	0.733741056629709
205.220435361173	0.733615227533290
205.262751110313	0.733497826065052
205.305038070221	0.733380424596815
205.347296234966	0.733263023128578
205.389525598620	0.733145621660340
205.431726155261	0.733173200493899
205.473897898971	0.733248628509731
205.516040823833	0.733324056525564
205.558154923938	0.733399484541397
205.600240193378	0.733474991224310
205.642296626251	0.733564198573121
205.684324216658	0.733653405921931
205.726322958706	0.733742613270742
205.768292846502	0.733831820619552
205.810233874161	0.733920294643232
205.852146035800	0.734006497409825
205.894029325541	0.734092700176418
205.935883737509	0.734178902943012
205.977709265834	0.734265105709605
206.019505904650	0.734343514015050
206.061273648094	0.734413018106216
206.103012490309	0.734482522197382
206.144722425441	0.734552026288548
206.186403447638	0.734621530379714
206.228055551056	0.734697916353955
206.269678729853	0.734777636345493
206.311272978189	0.734857356337030
206.352838290233	0.734937076328567
206.394374660153	0.735016796320104
206.435882082125	0.735129966543106
206.477360550326	0.735248379065030
206.518810058939	0.735366791586954
206.560230602150	0.735485204108878
206.601622174150	0.735604351350371
206.642984769134	0.735741505151161
206.684318381301	0.735878658951951
206.725623004852	0.736015812752741
206.766898633995	0.736152966553531
206.808145262940	0.736290390805597
206.849362885904	0.736428913753215
206.890551497103	0.736567436700832
206.931711090763	0.736705959648450
206.972841661109	0.736844482596067
207.013943202373	0.737012690871437
207.055015708791	0.737238699535861
207.096059174601	0.737464708200285
207.137073594047	0.737690716864709
207.178058961377	0.737916725529133
207.219015270842	0.738140504401039
207.259942516697	0.738361711299616
207.300840693203	0.738582918198193
207.341709794624	0.738804125096770
207.382549815227	0.739025331995347
207.423360749284	0.739233038349126
207.464142591071	0.739430663530500
207.504895334868	0.739628288711873
207.545618974960	0.739825913893246
207.586313505635	0.740023539074620
207.626978921185	0.740189480472448
207.667615215907	0.740339354277366
207.708222384100	0.740489228082284
207.748800420071	0.740639101887202
207.789349318127	0.740788975692120
207.829869072582	0.740933389674817
207.870359677751	0.741075857491525
207.910821127957	0.741218325308233
207.951253417524	0.741360793124941
207.991656540781	0.741503260941649
208.032030492062	0.741544710256224
208.072375265704	0.741559855246079
208.112690856048	0.741575000235934
208.152977257440	0.741590145225789
208.193234464230	0.741605290215644
208.233462470770	0.741543988231761
208.273661271420	0.741467235506580
208.313830860541	0.741390482781400
208.353971232498	0.741313730056219
208.394082381663	0.741236977331039
208.434164302408	0.741158101858818
208.474216989113	0.741078858835742
208.514240436160	0.740999615812666
208.554234637935	0.740920372789590
208.594199588829	0.740841129766514
208.634135283237	0.740883455175507
208.674041715557	0.740946430590781
208.713918880192	0.741009406006054
208.753766771550	0.741072381421328
208.793585384041	0.741135356836602
208.833374712081	0.741221405923311
208.873134750089	0.741311888164187
208.912865492488	0.741402370405063
208.952566933706	0.741492852645940
208.992239068175	0.741583334886816
209.031881890330	0.741695429102116
209.071495394611	0.741812782328829
209.111079575463	0.741930135555541
209.150634427333	0.742047488782254
209.190159944674	0.742164842008967
209.229656121941	0.742428797192587
209.269122953596	0.742741377844490
209.308560434102	0.743053958496393
209.347968557930	0.743366539148296
209.387347319550	0.743679119800200
209.426696713441	NaN
