NaN	NaN
NaN	NaN
NaN	NaN
NaN	NaN
NaN	NaN
NaN	NaN
NaN	NaN
NaN	NaN
NaN	NaN
NaN	NaN
NaN	NaN
NaN	NaN
NaN	NaN
NaN	NaN
NaN	NaN
NaN	NaN
NaN	NaN
NaN	NaN
NaN	NaN
NaN	NaN
NaN	NaN
NaN	NaN
NaN	NaN
NaN	NaN
NaN	NaN
NaN	NaN
NaN	NaN
NaN	NaN
NaN	NaN
NaN	NaN
NaN	NaN
NaN	NaN
NaN	NaN
NaN	NaN
NaN	NaN
NaN	NaN
NaN	NaN
NaN	NaN
NaN	NaN
NaN	NaN
NaN	NaN
NaN	NaN
NaN	NaN
NaN	NaN
NaN	NaN
NaN	NaN
NaN	NaN
NaN	NaN
NaN	NaN
NaN	NaN
NaN	NaN
NaN	NaN
NaN	NaN
NaN	NaN
NaN	NaN
NaN	NaN
NaN	NaN
NaN	NaN
NaN	NaN
NaN	NaN
NaN	NaN
NaN	NaN
NaN	NaN
NaN	NaN
NaN	NaN
NaN	NaN
NaN	NaN
NaN	NaN
NaN	NaN
NaN	NaN
NaN	NaN
NaN	NaN
NaN	NaN
NaN	NaN
NaN	NaN
NaN	NaN
NaN	NaN
NaN	NaN
NaN	NaN
NaN	NaN
NaN	NaN
NaN	NaN
NaN	NaN
NaN	NaN
NaN	NaN
NaN	NaN
NaN	NaN
NaN	NaN
NaN	NaN
NaN	NaN
NaN	NaN
NaN	NaN
NaN	NaN
NaN	NaN
NaN	NaN
NaN	NaN
NaN	NaN
NaN	NaN
NaN	NaN
NaN	NaN
90.0206636803600	NaN
90.1016645898056	NaN
90.1826528619960	NaN
90.2636284855723	7.69103569371162e-07
90.3445914491770	8.24992053533523e-07
90.4255417414548	8.15497234032198e-07
90.5064793510518	6.64175274163587e-07
90.5874042666162	5.12853314294976e-07
90.6683164767978	4.07529537962030e-07
90.7492159702482	3.10685944382919e-07
90.8301027356208	2.39971538633976e-07
90.9109767615707	2.13334253225908e-07
90.9918380367550	1.86696967817839e-07
91.0726865498324	3.43046879363200e-07
91.1535222894635	5.19942779020519e-07
91.2343452443106	8.33803569191140e-07
91.3151554030378	1.33299757872690e-06
91.3959527543111	1.83219158826267e-06
91.4767372867982	2.32648494561306e-06
91.5575089891687	2.82051985426236e-06
91.6382678500937	3.15476012069144e-06
91.7190138582466	3.31158514193244e-06
91.7997470023021	3.46841016317343e-06
91.8804672709370	3.55961178782630e-06
91.9611746528299	3.65060710036832e-06
92.0418691366612	3.88579787190252e-06
92.1225507111129	4.25469080093033e-06
92.2032193648690	4.64384754887018e-06
92.2838750866153	5.52046084280817e-06
92.3645178650395	6.39707413674615e-06
92.4451476888308	7.17808299426008e-06
92.5257645466805	7.88396110543917e-06
92.6063684272817	8.50704050566711e-06
92.6869593193293	8.16502824694717e-06
92.7675372115198	7.82301598822722e-06
92.8481020925519	7.29095896421556e-06
92.9286539511258	6.63065626680196e-06
93.0091927759437	6.05902418581689e-06
93.0897185557096	6.17551853727521e-06
93.1702312791293	6.29201288873353e-06
93.2507309349105	6.74808726488815e-06
93.3312175117626	7.40340988349100e-06
93.4116909983969	8.07775955235394e-06
93.4921513835266	8.86404350125836e-06
93.5725986558667	9.65032745016279e-06
93.6530328041341	1.04905374579666e-05
93.7334538170473	1.13586080932943e-05
93.8138616833269	1.22545780683527e-05
93.8942563916952	1.32844744068942e-05
93.9746379308765	1.43143707454357e-05
94.0550062895967	1.55102274626933e-05
94.1353614565839	1.67825982562439e-05
94.2157034205676	1.80613150654870e-05
94.2960321702796	1.93661512530004e-05
94.3763476944533	2.06709874405138e-05
94.4566499818239	2.22336180381748e-05
94.5369390211287	2.39038732195652e-05
94.6172148011066	2.58963397818964e-05
94.6974773104986	2.90690290145450e-05
94.7777265380473	3.22417182471936e-05
94.8579624724975	3.62009416791271e-05
94.9381851025954	4.04623848015013e-05
95.0183944170896	4.46574597654038e-05
95.0985904047302	4.86295211818895e-05
95.1787730542691	5.26015825983752e-05
95.2589423544605	5.56992093033344e-05
95.3390982940602	5.84819512261038e-05
95.4192408618256	6.12911382108832e-05
95.4993700465166	6.41840229401019e-05
95.5794858368945	6.70769076693205e-05
95.6595882217226	7.15541204444490e-05
95.7396771897661	7.65767174879310e-05
95.8197527297921	8.22942620911983e-05
95.8998148305695	9.01339295985885e-05
95.9798634808693	9.79735971059788e-05
96.0598986694642	0.000107273049702949
96.1399203851287	0.000117063206862396
96.2199286166393	0.000127373964498905
96.2999233527746	0.000139254067116698
96.3799045823148	0.000151134169734491
96.4598722940420	0.000164418929877518
96.5398264767404	0.000178175107148649
96.6197671191960	0.000192275854874971
96.6996942101966	0.000207425429436383
96.7796077385320	0.000222575003997794
96.8595076929939	0.000239355116439011
96.9393940623759	0.000256693939270002
97.0192668354735	0.000275236998688909
97.0991260010841	0.000297567797678591
97.1789715480071	0.000319898596668274
97.2588034650435	0.000345983202765582
97.3386217409966	0.000373410078279624
97.4184263646715	0.000402128487331131
97.4982173248749	0.000435148633553226
97.5779946104160	0.000468168779775320
97.6577582101054	0.000506866038145485
97.7375081127559	0.000547726044322086
97.8172443071820	0.000591229182268205
97.8969667822004	0.000644309985470984
97.9766755266296	0.000697390788673763
98.0563705292899	0.000757732454814801
98.1360517790037	0.000821078195056275
98.2157192645953	0.000887685985412988
98.2953729748908	0.000967563118078610
98.3750128987184	0.00104744025074423
98.4546390249081	0.00114047305866597
98.5342513422919	0.00123952160092604
98.6138498397039	0.00134201079694356
98.6934345059797	0.00146083223842623
98.7730053299573	0.00157965367990890
98.8525623004765	0.00171826165685333
98.9321054063788	0.00186703062308703
99.0116346365080	0.00202067636132928
99.0911499797095	0.00220277835002375
99.1706514248311	0.00238488033871822
99.2501389607221	0.00259794672941992
99.3296125762340	0.00282913639709959
99.4090722602202	0.00306703418133442
99.4885180015360	0.00335697259459747
99.5679497890387	0.00364691100786053
99.6473676115875	0.00396953576210825
99.7267714580438	0.00431427503900366
99.8061613172706	0.00466767485107933
99.8855371781330	0.00512399807983359
99.9648990294983	0.00558032130858785
100.044246860235	0.00607753549310382
100.123580659215	0.00660718557542044
100.202900415311	0.00714004515816575
100.282206117398	0.00775746077469646
100.361497754352	0.00837487639122717
100.440775315053	0.00906025593178011
100.520038788382	0.00980980499367929
100.599288163221	0.0105593540555785
100.678523428456	0.0114916555369696
100.757744572972	0.0124256135860250
100.836951585660	0.0134445544310786
100.916144455409	0.0145606674725855
100.995323171112	0.0156767805140924
101.074487721665	0.0170395363611491
101.153638095963	0.0184177767396226
101.232774282907	0.0199230817106727
101.311896271395	0.0216081139042857
101.391004050332	0.0232931460978987
101.470097608621	0.0252412490774851
101.549176935170	0.0272231101452910
101.628242018887	0.0292926233259068
101.707292848683	0.0315198572385404
101.786329413470	0.0337470911511740
101.865351702164	0.0362552102644950
101.944359703680	0.0388220810730535
102.023353406938	0.0415250649625992
102.102332800858	0.0445523136523662
102.181297874363	0.0475795623421331
102.260248616378	0.0509065706060645
102.339185015829	0.0543266206550741
102.418107061646	0.0578276087061471
102.497014742758	0.0616004134037841
102.575908048099	0.0653732181014212
102.654786966603	0.0694456787486143
102.733651487208	0.0736498977356484
102.812501598852	0.0779374755938991
102.891337290475	0.0826674161311593
102.970158551022	0.0873973566684195
103.048965369436	0.0923382194030973
103.127757734664	0.0974076148390160
103.206535635656	0.102480759347877
103.285299061363	0.107595340852670
103.364048000736	0.112709922357464
103.442782442733	0.117944773095803
103.521502376308	0.123280682232230
103.600207790423	0.128617188345520
103.678898674037	0.134179197453724
103.757575016114	0.139741206561929
103.836236805620	0.145496717075763
103.914884031520	0.151478752569914
103.993516682785	0.157460788064066
104.072134748387	0.163338824612555
104.150738217298	0.169207514808453
104.229327078493	0.175091074439157
104.307901320951	0.180999608508962
104.386460933651	0.186908142578767
104.465005905574	0.193011561160641
104.543536225704	0.199155565467724
104.622051883027	0.205241605678102
104.700552866530	0.211179242766508
104.779039165204	0.217116879854913
104.857510768039	0.222879111735804
104.935967664031	0.228577419951141
105.014409842175	0.234171760677663
105.092837291469	0.239304148944175
105.171250000914	0.244436537210688
105.249647959510	0.249707612558347
105.328031156264	0.255058990941036
105.406399580180	0.260385229842882
105.484753220268	0.265428779549942
105.563092065537	0.270472329257002
105.641416105001	0.275244774774600
105.719725327675	0.279775648627642
105.798019722573	0.284306522480684
105.876299278717	0.288674908455129
105.954563985125	0.293039077575653
106.032813830822	0.297335972705456
106.111048804833	0.301539724990412
106.189268896184	0.305743477275369
106.267474093904	0.310018157656886
106.345664387026	0.314304117414872
106.423839764581	0.318366852842894
106.502000215607	0.321920863622847
106.580145729140	0.325474874402800
106.658276294220	0.328807174682685
106.736391899888	0.332063947088019
106.814492535190	0.335314260005299
106.892578189170	0.338536224763741
106.970648850876	0.341758189522184
107.048704509360	0.344946404049856
107.126745153672	0.348114281373027
107.204770772868	0.351274114763228
107.282781356004	0.354310445593718
107.360776892139	0.357346776424207
107.438757370332	0.360029182025399
107.516722779648	0.362353443920266
107.594673109150	0.364677705815134
107.672608347907	0.367193760822056
107.750528484986	0.369723885360016
107.828433509460	0.372387740801829
107.906323410402	0.375284252532514
107.984198176887	0.378180764263198
108.062057797993	0.380860583343657
108.139902262800	0.383485231172133
108.217731560389	0.386017780863060
108.295545679845	0.388238211587810
108.373344610254	0.390458642312561
108.451128340703	0.392582983131800
108.528896860284	0.394657233018231
108.606650158089	0.396747653560689
108.684388223213	0.399010953241246
108.762111044752	0.401274252921804
108.839818611805	0.403488976353302
108.917510913474	0.405657482116105
108.995187938862	0.407825987878907
109.072849677073	0.409532845697098
109.150496117216	0.411209212394218
109.228127248400	0.412808827271305
109.305743059738	0.414273372336730
109.383343540342	0.415737917402156
109.460928679329	0.417274665180057
109.538498465818	0.418831149534133
109.616052888929	0.420462528018331
109.693591937783	0.422380811203725
109.771115601507	0.424299094389119
109.848623869227	0.426072462274002
109.926116730072	0.427759753525040
110.003594173172	0.429428249221399
110.081056187663	0.430710412231028
110.158502762678	0.431992575240658
110.235933887356	0.433531305920758
110.313349550837	0.435366297249903
110.390749742262	0.437201288579048
110.468134450776	0.439110912585828
110.545503665526	0.441030668081909
110.622857375659	0.443027455055587
110.700195570326	0.445207881359963
110.777518238681	0.447388307664339
110.854825369878	0.449270498336665
110.932116953075	0.451030406366506
111.009392977431	0.452760285312573
111.086653432107	0.454273165583874
111.163898306268	0.455786045855176
111.241127589080	0.457438590474913
111.318341269710	0.459213719837131
111.395539337329	0.460988849199349
111.472721781109	0.462622714430002
111.549888590226	0.464247915534195
111.627039753856	0.465982228216815
111.704175261179	0.467918731590388
111.781295101375	0.469855234963960
111.858399263628	0.471479297190945
111.935487737124	0.473003296622087
112.012560511051	0.474468205043271
112.089617574599	0.475629645478449
112.166658916960	0.476791085913628
112.243684527329	0.478248727779854
112.320694394902	0.479932414824546
112.397688508879	0.481616101869239
112.474666858460	0.483088877100830
112.551629432849	0.484555123673420
112.628576221252	0.485869828391763
112.705507212876	0.486928046439155
112.782422396931	0.487986264486547
112.859321762630	0.489215482143290
112.936205299187	0.490495363460295
113.013072995818	0.491720065424076
113.089924841743	0.492675525897195
113.166760826183	0.493630986370314
113.243580938361	0.494851905277753
113.320385167502	0.496275268550739
113.397173502834	0.497698631823725
113.473945933588	0.499480980166769
113.550702448995	0.501277048967604
113.627443038290	0.502774007522773
113.704167690710	0.503733711852468
113.780876395494	0.504693416182163
113.857569141882	0.505736468319253
113.934245919119	0.506807204503764
114.010906716450	0.507906173071577
114.087551523122	0.509175330782456
114.164180328387	0.510444488493335
114.240793121496	0.511659128655084
114.317389891704	0.512825902943636
114.393970628268	0.513992677232187
114.470535320446	0.515247817482653
114.547083957502	0.516510510497964
114.623616528697	0.517723371247027
114.700133023298	0.518824587710708
114.776633430573	0.519925804174389
114.853117739793	0.520617485410724
114.929585940229	0.521129030433844
115.006038021158	0.521634438391079
115.082473971856	0.522068284626857
115.158893781603	0.522502130862636
115.235297439680	0.523019501814260
115.311684935371	0.523634132671125
115.388056257962	0.524248763527990
115.464411396743	0.524529879654305
115.540750341003	0.524749158904628
115.617073080037	0.525046830062101
115.693379603138	0.525616520423021
115.769669899605	0.526186210783942
115.845943958738	0.526663976993992
115.922201769839	0.527081065538191
115.998443322212	0.527498154082390
116.074668605163	0.527381747852839
116.150877608003	0.527254220509899
116.227070320041	0.527309382843868
116.303246730592	0.527696022772958
116.379406828972	0.528082662702048
116.455550604499	0.528596622837618
116.531678046492	0.529157776855089
116.607789144275	0.529683071345841
116.683883887173	0.529893860118817
116.759962264513	0.530104648891792
116.836024265625	0.530370467350929
116.912069879840	0.530697439828844
116.988099096493	0.531024412306758
117.064111904920	0.532048161120741
117.140108294460	0.533201236765242
117.216088254454	0.534408934693241
117.292051774246	0.535819953006408
117.367998843181	0.537230971319575
117.443929450606	0.538849425577531
117.519843585874	0.540618973813043
117.595741238335	0.542388522048556
117.671622397346	0.544743013781957
117.747487052263	0.547132283417977
117.823335192445	0.549275235274799
117.899166807256	0.550863939775903
117.974981886058	0.552452644277006
118.050780418219	0.554006142980995
118.126562393107	0.555542298633636
118.202327800093	0.557085057300549
118.278076628551	0.558836107185702
118.353808867858	0.560587157070856
118.429524507390	0.562041073144437
118.505223536528	0.563030173744057
118.580905944655	0.564019274343676
118.656571721157	0.565285725102902
118.732220855420	0.566645776777317
118.807853336835	0.568013284341017
118.883469154794	0.569445133772777
118.959068298690	0.570876983204537
119.034650757922	0.571833433533513
119.110216521888	0.572228373295097
119.185765579989	0.572623313056682
119.261297921629	0.573270466816443
119.336813536215	0.573976182517707
119.412312413155	0.574760476110751
119.487794541860	0.575947982126822
119.563259911743	0.577135488142893
119.638708512220	0.578271613902346
119.714140332708	0.579358977615132
119.789555362628	0.580446341327917
119.864953591403	0.581693076058628
119.940335008457	0.582965435095053
120.015699603218	0.584197686420218
120.091047365116	0.585277528777640
120.166378283582	0.586357371135063
120.241692348051	0.587288800840883
120.316989547960	0.588100560259995
120.392269872748	0.588912319679107
120.467533311857	0.589964006478839
120.542779854730	0.591043153233465
120.618009490813	0.592076891798137
120.693222209556	0.592966374480036
120.768418000409	0.593855857161935
120.843596852825	0.594774939484060
120.918758756261	0.595715461683682
120.993903700175	0.596655983883303
121.069031674026	0.598080029989274
121.144142667278	0.599546772156490
121.219236669397	0.600764812766047
121.294313669849	0.601260781714214
121.369373658105	0.601756750662381
121.444416623638	0.602388915336286
121.519442555922	0.603114979653526
121.594451444433	0.603841043970766
121.669443278653	0.605011980746279
121.744418048063	0.606218459143374
121.819375742147	0.607237577941839
121.894316350392	0.607719290707786
121.969239862287	0.608201003473734
122.044146267323	0.608829087686406
122.119035554996	0.609559148666598
122.193907714801	0.610289209646790
122.268762736236	0.610480056416163
122.343600608803	0.610623134896328
122.418421322006	0.610643737244233
122.493224865351	0.610289404636120
122.568011228346	0.609935072028007
122.642780400501	0.610140084700860
122.717532371330	0.610763296542633
122.792267130349	0.611386508384405
122.866984667075	0.611647508100795
122.941684971030	0.611866697988181
123.016368031735	0.612050611715360
123.091033838717	0.612108860064471
123.165682381503	0.612167108413582
123.240313649623	0.612659320705575
123.314927632609	0.613520909173709
123.389524319997	0.614382497641843
123.464103701324	0.614133372664603
123.538665766130	0.613702758083075
123.613210503957	0.613275484967469
123.687737904350	0.612863723955983
123.762247956856	0.612451962944497
123.836740651024	0.612633221003987
123.911215976407	0.613423751857303
123.985673922558	0.614214282710619
124.060114479035	0.614251184272366
124.134537635398	0.614108506867489
124.208943381207	0.614015252733060
124.283331706027	0.614283717637932
124.357702599425	0.614552182542804
124.432056050969	0.615276460713623
124.506392050232	0.616602106600770
124.580710586787	0.617927752487917
124.655011650210	0.618196126142324
124.729295230081	0.618093818449469
124.803561315980	0.617996761164822
124.877809897492	0.618003931519111
124.952040964203	0.618011101873400
125.026254505701	0.618409268496756
125.100450511578	0.619521583527554
125.174628971427	0.620633898558352
125.248789874844	0.621271574534653
125.322933211429	0.621662464249767
125.397058970780	0.622053353964881
125.471167142503	0.621993496808422
125.545257716204	0.621915014311219
125.619330681489	0.622036214265848
125.693386027971	0.622722825731216
125.767423745263	0.623409437196585
125.841443822980	0.623879950852072
125.915446250742	0.624180624324196
125.989431018167	0.624481297796320
126.063398114881	0.624415267271489
126.137347530508	0.624288111362399
126.211279254676	0.624265471782077
126.285193277017	0.624823317141537
126.359089587163	0.625381162500997
126.432968174751	0.625758624266596
126.506829029418	0.625912273494724
126.580672140804	0.626065922722852
126.654497498554	0.625900155581870
126.728305092312	0.625621118999143
126.802094911726	0.625355061740614
126.875866946448	0.625533150927878
126.949621186130	0.625711240115142
127.023357620428	0.625874251058882
127.097076239000	0.626004744440407
127.170777031506	0.626135237821931
127.244459987610	0.625892605288713
127.318125096976	0.625404751619441
127.391772349274	0.624916897950170
127.465401734174	0.624730952176618
127.539013241348	0.624582982375261
127.612606860472	0.624504927730108
127.686182581225	0.624765053067349
127.759740393287	0.625025178404591
127.833280286341	0.625182749170301
127.906802250073	0.625216273267794
127.980306274171	0.625249797365286
128.053792348325	0.625329057376476
128.127260462229	0.625425059578177
128.200710605578	0.625515752591817
128.274142768071	0.625063042981450
128.347556939409	0.624610333371083
128.420953109294	0.624249042762087
128.494331267432	0.624116534794783
128.567691403532	0.623984026827479
128.641033507304	0.624197335677838
128.714357568463	0.624682897532712
128.787663576723	0.625168459387586
128.860951521804	0.625368259491691
128.934221393425	0.625510229207975
129.007473181312	0.625639391194806
129.080706875189	0.625655834011527
129.153922464785	0.625672276828249
129.227119939832	0.626030732671766
129.300299290063	0.626970206919452
129.373460505214	0.627909681167138
129.446603575024	0.628611431852287
129.519728489234	0.629177821925365
129.592835237589	0.629744211998443
129.665923809834	0.629300394507875
129.738994195718	0.628746798788339
129.812046384993	0.628286694560702
129.885080367413	0.628299995826513
129.958096132735	0.628313297092323
130.031093670717	0.628550986491474
130.104072971121	0.629091038569883
130.177034023712	0.629631090648293
130.249976818256	0.629559345490087
130.322901344523	0.629206494553980
130.395807592285	0.628853643617872
130.468695551316	0.628238222982703
130.541565211393	0.627606779951313
130.614416562296	0.627177373900780
130.687249593807	0.627566783454340
130.760064295711	0.627956193007899
130.832860657795	0.628290694030108
130.905638669849	0.628558472791708
130.978398321666	0.628826251553309
131.051139603040	0.628219780051397
131.123862503769	0.627244066510213
131.196567013654	0.626268352969028
131.269253122497	0.625883358641289
131.341920820104	0.625527643693664
131.414570096282	0.625338394096288
131.487200940843	0.625812622978032
131.559813343599	0.626286851859776
131.632407294365	0.626157176445253
131.704982782961	0.625278723913457
131.777539799207	0.624400271381660
131.850078332927	0.623444880403275
131.922598373946	0.622454986805327
131.995099912093	0.621465093207379
132.067582937201	0.621216680381951
132.140047439101	0.621022021850236
132.212493407632	0.620849530825017
132.284920832631	0.620783402383344
132.357329703942	0.620717273941671
132.429720011407	0.620597462706495
132.502091744873	0.620400586626692
132.574444894191	0.620203710546889
132.646779449213	0.620248594220796
132.719095399792	0.620425531833576
132.791392735786	0.620602469446356
132.863671447056	0.621415731189776
132.935931523463	0.622315001887502
133.008172954873	0.623246933556633
133.080395731154	0.624434864636478
133.152599842175	0.625622795716322
133.224785277810	0.626632457760179
133.296952027935	0.627301236031274
133.369100082427	0.627970014302370
133.441229431168	0.628299689288008
133.513340064041	0.628375251723410
133.585431970932	0.628450814158811
133.657505141730	0.628779508309172
133.729559566326	0.629172321098543
133.801595234613	0.629564687467665
133.873612136490	0.629937343716113
133.945610261854	0.630309999964560
134.017589600609	0.630635450518399
134.089550142657	0.630814952636442
134.161491877907	0.630994454754485
134.233414796268	0.631259326228320
134.305318887653	0.631622566920825
134.377204141976	0.631985807613330
134.449070549156	0.632515630714610
134.520918099112	0.633122830047972
134.592746781768	0.633730029381334
134.664556587049	0.634334887434222
134.736347504884	0.634939482468429
134.808119525204	0.635515861054163
134.879872637941	0.635871067407528
134.951606833033	0.636226273760893
135.023322100418	0.636476661202899
135.095018430038	0.636509578726561
135.166695811837	0.636542496250223
135.238354235761	0.636654728016283
135.309993691761	0.636835821803086
135.381614169789	0.637016915589888
135.453215659798	0.637264720953909
135.524798151748	0.637535571924691
135.596361635597	0.637806422895472
135.667906101309	0.638158326938416
135.739431538850	0.638514573204490
135.810937938187	0.638910357749009
135.882425289291	0.639525055572938
135.953893582136	0.640139753396867
136.025342806698	0.640878708925697
136.096772952956	0.641843697874644
136.168184010891	0.642808686823590
136.239575970487	0.643838447493745
136.310948821733	0.644920272672416
136.382302554616	0.646002097851088
136.453637159129	0.646827505386572
136.524952625268	0.647568319760218
136.596248943029	0.648309134133864
136.667526102413	0.648717201887863
136.738784093424	0.649106788015986
136.810022906066	0.649564333160577
136.881242530348	0.650436890059633
136.952442956282	0.651309446958688
137.023624173880	0.652187032128119
137.094786173160	0.653074738189772
137.165928944140	0.653962444251425
137.237052476843	0.654681396867201
137.308156761292	0.655245195604296
137.379241787516	0.655808994341392
137.450307545543	0.656253800157322
137.521354025408	0.656649513007257
137.592381217144	0.657045225857193
137.663389110790	0.657663527199390
137.734377696387	0.658308578002680
137.805346963978	0.659016156203939
137.876296903610	0.660491019948119
137.947227505331	0.661965883692299
138.018138759193	0.663292284581431
138.089030655250	0.664186809184550
138.159903183559	0.665081333787668
138.230756334181	0.665817378727838
138.301590097176	0.666346842846774
138.372404462612	0.666876306965710
138.443199420554	0.667551295968593
138.513974961075	0.668319232722223
138.584731074248	0.669087169475852
138.655467750148	0.669901787171233
138.726184978854	0.670729253245440
138.796882750448	0.671556719319646
138.867561055014	0.672002187861692
138.938219882639	0.672430033422169
139.008859223412	0.672775207139596
139.079479067427	0.672543943914912
139.150079404779	0.672312680690227
139.220660225564	0.672341480975888
139.291221519885	0.672998577194573
139.361763277844	0.673655673413259
139.432285489547	0.674416158713666
139.502788145104	0.675299074154387
139.573271234625	0.676181989595107
139.643734748226	0.676649785388296
139.714178676024	0.676863913208996
139.784603008137	0.677078041029697
139.855007734690	0.676934863627243
139.925392845806	0.676691688171996
139.995758331615	0.676448512716749
140.066104182247	0.676856001929484
140.136430387836	0.677305236380352
140.206736938518	0.677807034354531
140.277023824432	0.678804751613872
140.347291035720	0.679802468873214
140.417538562527	0.680524090693843
140.487766395001	0.680416072551949
140.557974523290	0.680308054410056
140.628162937549	0.680168154184541
140.698331627933	0.679980685353844
140.768480584600	0.679793216523146
140.838609797711	0.679818445467391
140.908719257432	0.680017287732420
140.978808953927	0.680216129997449
141.048878877368	0.680740020735935
141.118929017925	0.681404813774796
141.188959365775	0.682069606813656
141.258969911095	0.681978650074611
141.328960644066	0.681746217822708
141.398931554871	0.681513785570806
141.468882633696	0.681614970493494
141.538813870731	0.681721329513657
141.608725256167	0.681873399567649
141.678616780199	0.682345974916710
141.748488433023	0.682818550265771
141.818340204841	0.683272468195734
141.888172085854	0.683673990977796
141.957984066269	0.684075513759858
142.027776136295	0.684192446485778
142.097548286142	0.683878951730946
142.167300506024	0.683565456976113
142.237032786159	0.683767327209590
142.306745116766	0.684424193866574
142.376437488067	0.685081060523557
142.446109890288	0.686009531493376
142.515762313657	0.687076774693189
142.585394748405	0.688144017893002
142.655007184765	0.688805522980084
142.724599612974	0.689359313765813
142.794172023271	0.689913104551541
142.863724405898	0.689918558270965
142.933256751101	0.689873870390203
143.002769049126	0.689850802323655
143.072261290224	0.690348772880243
143.141733464649	0.690846743436832
143.211185562657	0.691426956433467
143.280617574507	0.692435516360997
143.350029490460	0.693444076288526
143.419421300781	0.694261774380242
143.488792995738	0.694588460449617
143.558144565601	0.694915146518992
143.627476000643	0.695158568126270
143.696787291139	0.695275167607381
143.766078427368	0.695391767088492
143.835349399613	0.695886461583353
143.904600198157	0.696743926522432
143.973830813288	0.697601391461512
144.043041235295	0.698849866249433
144.112231454471	0.700336041642776
144.181401461113	0.701822217036118
144.250551245518	0.702432517998416
144.319680797988	0.702720618621562
144.388790108828	0.703008719244708
144.457879168344	0.702937893855435
144.526947966845	0.702797562595112
144.595996494646	0.702657231334791
144.665024742061	0.702724200539525
144.734032699409	0.702803931225684
144.803020357011	0.702902099920462
144.871987705191	0.703402915445649
144.940934734276	0.703903730970836
145.009861434596	0.704340573400262
145.078767796483	0.704394303043790
145.147653810274	0.704448032687318
145.216519466306	0.704528734352707
145.285364754921	0.704694891356351
145.354189666462	0.704861048359994
145.422994191277	0.705145951978941
145.491778319715	0.705667394646550
145.560542042130	0.706188837314158
145.629285348876	0.706710316022071
145.698008230311	0.707231843282155
145.766710676799	0.707753370542239
145.835392678701	0.707799724692137
145.904054226386	0.707399211032079
145.972695310222	0.706998697372021
146.041315920584	0.706654025073029
146.109916047846	0.706346251473860
146.178495682386	0.706038477874691
146.247054814587	0.706167576302892
146.315593434832	0.706496298037186
146.384111533509	0.706825019771481
146.452609101007	0.707852030406448
146.521086127719	0.709089899942217
146.589542604041	0.710327769477986
146.657978520372	0.710377560568850
146.726393867113	0.710213093410380
146.794788634668	0.710048626251911
146.863162813445	0.709512232291724
146.931516393854	0.708945156320733
146.999849366308	0.708378080349743
147.068161721222	0.708107958499288
147.136453449016	0.707838492811940
147.204724540111	0.707700891959563
147.272974984932	0.709336655357770
147.341204773907	0.710972418755977
147.409413897465	0.712444363583792
147.477602346041	0.712893318797526
147.545770110070	0.713342274011259
147.613917179991	0.713626132717822
147.682043546246	0.713266771383388
147.750149199281	0.712907410048954
147.818234129543	0.712446279157409
147.886298327483	0.711706959485542
147.954341783554	0.710967639813675
148.022364488213	0.710811843985086
148.090366431919	0.711847161082512
148.158347605135	0.712882478179939
148.226307998327	0.713734407141975
148.294247601961	0.714296029239063
148.362166406510	0.714857651336150
148.430064402447	0.715065552571138
148.497941580249	0.714828392552343
148.565797930396	0.714591232533548
148.633633443371	0.714072954934017
148.701448109660	0.713268850861599
148.769241919751	0.712464746789181
148.837014864135	0.712479622392505
148.904766933308	0.713174938240320
148.972498117766	0.713870254088135
149.040208408011	0.714781106479701
149.107897794544	0.715839359587238
149.175566267873	0.716897612694775
149.243213818506	0.717712663574428
149.310840436956	0.718390225365984
149.378446113737	0.719067787157541
149.446030839368	0.718983996809665
149.513594604369	0.718543759093186
149.581137399265	0.718103521376707
149.648659214581	0.718158485550407
149.716160040848	0.718405383691644
149.783639868598	0.718652281832881
149.851098688367	0.719389234588351
149.918536490693	0.720283062721229
149.985953266118	0.721176890854106
150.053349005186	0.721855141200840
150.120723698445	0.722476638973370
150.188077336445	0.723098136745899
150.255409909739	0.723100982529476
150.322721408883	0.722970732270645
150.390011824438	0.722840482011814
150.457281146963	0.722601057742704
150.524529367026	0.722342599609073
150.591756475194	0.722084141475442
150.658962462038	0.722365483894467
150.726147318132	0.722722284006528
150.793311034053	0.723079084118588
150.860453600380	0.723332624617593
150.927575007698	0.723574741623333
150.994675246591	0.723816858629074
151.061754307648	0.724017330514583
151.128812181462	0.724214212111684
151.195848858626	0.724411093708786
151.262864329740	0.724584249883306
151.329858585402	0.724755839626858
151.396831616218	0.724927429370410
151.463783412794	0.725213053285374
151.530713965739	0.725504340896834
151.597623265666	0.725795628508293
151.664511303191	0.725792272261303
151.731378068932	0.725778062314664
151.798223553510	0.725763852368024
151.865047747552	0.725525953599973
151.931850641682	0.725281946815768
151.998632226534	0.725037940031564
152.065392492739	0.725148628821401
152.132131430935	0.725266735466111
152.198849031761	0.725384842110821
152.265545285859	0.725743888591005
152.332220183875	0.726107165328973
152.398873716457	0.726470442066942
152.465505874257	0.726815713283432
152.532116647930	0.727160674965167
152.598706028132	0.727505636646901
152.665274005524	0.727009298659745
152.731820570771	0.726496285466793
152.798345714537	0.725983272273842
152.864849427493	0.725808538312162
152.931331700312	0.725642432448136
152.997792523668	0.725476326584110
153.064231888240	0.725669586346052
153.130649784710	0.725875194676179
153.197046203762	0.726080803006306
153.263421136084	0.727133625296388
153.329774572366	0.728225899984124
153.396106503303	0.729318174671860
153.462416919589	0.729387850079707
153.528705811926	0.729393746797926
153.594973171015	0.729399643516146
153.661218987562	0.729060162437243
153.727443252277	0.728692326100157
153.793645955870	0.728324489763072
153.859827089057	0.727950516816604
153.925986642554	0.727575892226187
153.992124607084	0.727201267635770
154.058240973369	0.727931332229825
154.124335732136	0.728810749775607
154.190408874116	0.729690167321388
154.256460390041	0.730651740673460
154.322490270647	0.731627267883369
154.388498506673	0.732602795093279
154.454485088861	0.733080527084604
154.520450007956	0.733453194341037
154.586393254707	0.733825861597469
154.652314819863	0.733567618428990
154.718214694180	0.733145306439770
154.784092868414	0.732722994450549
154.849949333326	0.732378553646976
154.915784079679	0.732058908083743
154.981597098239	0.731739262520511
155.047388379775	0.732173067823138
155.113157915061	0.732899421848201
155.178905694872	0.733625775873263
155.244631709985	0.734405979663475
155.310335951183	0.735211630310062
155.376018409250	0.736017280956650
155.441679074974	0.736714450193325
155.507317939146	0.737349210913353
155.572934992559	0.737983971633382
155.638530226011	0.738137236087684
155.704103630300	0.737952336365377
155.769655196231	0.737767436643069
155.835184914609	0.737879538920828
155.900692776243	0.738247744674859
155.966178771946	0.738615950428889
156.031642892532	0.739134057077084
156.097085128820	0.739812357356533
156.162505471631	0.740490657635981
156.227903911791	0.741278098871364
156.293280440125	0.742212168608984
156.358635047465	0.743146238346604
156.423967724645	0.743834363223242
156.489278462501	0.744098092118001
156.554567251873	0.744361821012760
156.619834083604	0.744515119096967
156.685078948540	0.744415502416363
156.750301837530	0.744315885735758
156.815502741426	0.744267222326027
156.880681651083	0.744381875995927
156.945838557359	0.744496529665827
157.010973451117	0.744691916259497
157.076086323220	0.745285708416052
157.141177164536	0.745879500572606
157.206245965936	0.746511426384190
157.271292718293	0.747502424184174
157.336317412485	0.748493421984158
157.401320039390	0.749470730287383
157.466300589893	0.749787719962310
157.531259054879	0.750104709637236
157.596195425237	0.750421699312162
157.661109691860	0.750472520301965
157.726001845644	0.750506772826028
157.790871877486	0.750541025350090
157.855719778289	0.750303540569485
157.920545538957	0.750021546699484
157.985349150397	0.749739552829483
158.050130603522	0.750046715255632
158.114889889245	0.750526031609605
158.179626998482	0.751005347963579
158.244341922155	0.751528825140287
158.309034651187	0.752072588654167
158.373705176504	0.752616352168047
158.438353489035	0.753129743789726
158.502979579714	0.753622316270657
158.567583439477	0.754114888751588
158.632165059262	0.754273806288384
158.696724430011	0.754096517868586
158.761261542669	0.753919229448788
158.825776388186	0.753679156049698
158.890268957512	0.753344741523313
158.954739241602	0.753010326996928
159.019187231413	0.752857350562436
159.083612917907	0.753132294463309
159.148016292047	0.753407238364182
159.212397344801	0.753746573091783
159.276756067138	0.754355860471528
159.341092450032	0.754965147851272
159.405406484459	0.755603757778739
159.469698161399	0.756561803467384
159.533967471836	0.757519849156030
159.598214406753	0.758477894844676
159.662438957142	0.758532232933765
159.726641113993	0.758560731483894
159.790820868302	0.758589230034023
159.854978211068	0.758563494578032
159.919113133292	0.758528705792305
159.983225625978	0.758493917006577
160.047315680136	0.758522030202033
160.111383286775	0.758572439577110
160.175428436910	0.758622848952187
160.239451121558	0.759023967293231
160.303451331739	0.759643481558071
160.367429058478	0.760262995822912
160.431384292801	0.760971210769648
160.495317025739	0.761771464060510
160.559227248323	0.762571717351372
160.623114951590	0.763162982620221
160.686980126580	0.763385675623028
160.750822764335	0.763608368625835
160.814642855901	0.763831078504077
160.878440392327	0.764053845047655
160.942215364665	0.764276611591234
161.005967763970	0.764495536669572
161.069697581300	0.764677272167641
161.133404807718	0.764859007665709
161.197089434287	0.765040743163778
161.260751452076	0.765875492148215
161.324390852155	0.766741521378784
161.388007625599	0.767607550609353
161.451601763486	0.768528417974679
161.515173256895	0.769462027601775
161.578722096911	0.770395637228871
161.642248274620	0.771111676338478
161.705751781113	0.771718157672038
161.769232607483	0.772324639005599
161.832690744827	0.772818330419189
161.896126184243	0.773205886762635
161.959538916835	0.773593443106081
162.022928933709	0.773917799845925
162.086296225974	0.774130652453127
162.149640784742	0.774343505060328
162.212962601130	0.774631216148155
162.276261666255	0.775209697512039
162.339537971240	0.775788178875923
162.402791507210	0.776367237321570
162.466022265293	0.776958792822476
162.529230236621	0.777550348323382
162.592415412328	0.778141903824289
162.655577783553	0.778585385844827
162.718717341436	0.779008664169559
162.781834077123	0.779431942494290
162.844927981759	0.779665337512199
162.907999046497	0.779821970020586
162.971047262490	0.779978602528973
163.034072620895	0.780035708072441
163.097075112873	0.780008257144782
163.160054729587	0.779980806217124
163.223011462203	0.780152430092595
163.285945301893	0.780669562888245
163.348856239829	0.781186695683895
163.411744267187	0.781722413585052
163.474609375147	0.782339050993429
163.537451554892	0.782955688401807
163.600270797608	0.783573425132184
163.663067094484	0.784445039778036
163.725840436712	0.785316654423888
163.788590815489	0.786188269069740
163.851318222013	0.786717077757595
163.914022647487	0.787169686857011
163.976704083115	0.787622295956427
164.039362520107	0.787820271223288
164.101997949674	0.787867573989626
164.164610363031	0.787914876755965
164.227199751396	0.787948066535033
164.289766105991	0.787962897232203
164.352309418041	0.787977727929372
164.414829678774	0.788001633838414
164.477326879420	0.788054719298209
164.539801011214	0.788107804758004
164.602252065395	0.788169241509358
164.664680033202	0.788453874514110
164.727084905880	0.788738507518863
164.789466674676	0.789023140523615
164.851825330841	0.789323970707761
164.914160865629	0.789628092313736
164.976473270297	0.789932213919711
165.038762536105	0.790270619702998
165.101028654316	0.790629830261628
165.163271616199	0.790989040820257
165.225491413022	0.791418964184760
165.287688036058	0.791950752647691
165.349861476586	0.792482541110622
165.412011725884	0.793040024383104
165.474138775235	0.793704741235330
165.536242615927	0.794369458087556
165.598323239247	0.795034174939782
165.660380636490	0.795680612821526
165.722414798952	0.796326543187005
165.784425717931	0.796972473552483
165.846413384730	0.797586426810600
165.908377790656	0.798189651949544
165.970318927018	0.798792877088488
166.032236785127	0.799352810697783
166.094131356299	0.799872892346838
166.156002631854	0.800392973995893
166.217850603114	0.800895012593873
166.279675261404	0.801352587825332
166.341476598053	0.801810163056791
166.403254604393	0.802264206481556
166.465009271759	0.802654753324277
166.526740591490	0.803045300166998
166.588448554927	0.803435847009720
166.650133153416	0.803742720498252
166.711794378305	0.804030317991273
166.773432220947	0.804317915484294
166.835046672695	0.804601620039339
166.896637724908	0.804882374035993
166.958205368947	0.805163128032646
167.019749596178	0.805530804998155
167.081270397968	0.806082395973462
167.142767765689	0.806633986948769
167.204241690715	0.807191728138637
167.265692164425	0.807832437571462
167.327119178200	0.808473147004287
167.388522723423	0.809113856437112
167.449902791483	0.809977033427150
167.511259373772	0.810891366614008
167.572592461683	0.811805699800866
167.633902046614	0.812612570507506
167.695188119966	0.813332581468161
167.756450673144	0.814052592428817
167.817689697555	0.814719682276468
167.878905184609	0.815256513358698
167.940097125722	0.815793344440928
168.001265512310	0.816326848680884
168.062410335795	0.816702905109585
168.123531587600	0.817078961538286
168.184629259153	0.817455017966987
168.245703341885	0.817786351708653
168.306753827229	0.818102647385026
168.367780706623	0.818418943061400
168.428783971508	0.818839889735108
168.489763613328	0.819377954847569
168.550719623529	0.819916019960030
168.611651993563	0.820440125328245
168.672560714883	0.820905201427280
168.733445778946	0.821370277526314
168.794307177214	0.821835353625349
168.855144901149	0.822011838589968
168.915958942220	0.822158536923742
168.976749291896	0.822305235257515
169.037515941652	0.822465019516015
169.098258882964	0.822632912275299
169.158978107313	0.822800805034582
169.219673606183	0.822969686410578
169.280345371061	0.823140628774641
169.340993393438	0.823311571138704
169.401617664806	0.823500490299677
169.462218176664	0.824345019695635
169.522794920512	0.825189549091594
169.583347887853	0.826034078487552
169.643877070194	0.827185607998080
169.704382459047	0.828453626720586
169.764864045925	0.829721645443091
169.825321822344	0.830829510699440
169.885755779826	0.831715194332162
169.946165909894	0.832600877964884
170.006552204076	0.833473470785350
170.066914653901	0.834238528192648
170.127253250904	0.835003585599946
170.187567986623	0.835768643007243
170.247858852596	0.835770399901591
170.308125840369	0.835573917810321
170.368368941488	0.835377435719050
170.428588147504	0.835186462645493
170.488783449972	0.835001583767004
170.548954840447	0.834816704888515
170.609102310492	0.834749485290518
170.669225851669	0.835341962534341
170.729325455547	0.835934439778164
170.789401113696	0.836526917021987
170.849452817689	0.837114663588377
170.909480559105	0.837701396460534
170.969484329525	0.838288129332692
171.029464120531	0.838862802353673
171.089419923713	0.839424987606423
171.149351730660	0.839987172859172
171.209259532967	0.840484304221526
171.269143322232	0.840625670421504
171.329003090055	0.840767036621482
171.388838828041	0.840908402821461
171.448650527797	0.840615162650000
171.508438180935	0.840222237040253
171.568201779070	0.839829311430506
171.627941313818	0.839747972232543
171.687656776801	0.840021158791357
171.747348159644	0.840294345350170
171.807015453975	0.840614241996449
171.866658651424	0.841284633775092
171.926277743628	0.841955025553735
171.985872722223	0.842625417332378
172.045443578851	0.843626810771972
172.104990305158	0.844731083826162
172.164512892790	0.845835356880351
172.224011333401	0.846995550944083
172.283485618645	0.848238375683774
172.342935740180	0.849481200423465
172.402361689669	0.850672427068239
172.461763458776	0.850617153905400
172.521141039169	0.850561880742561
172.580494422522	0.850506607579722
172.639823600509	0.850273147623534
172.699128564809	0.849952429513318
172.758409307104	0.849631711403102
172.817665819080	0.849389603071403
172.876898092426	0.849332528175307
172.936106118834	0.849275453279211
172.995289889999	0.849218378383114
173.054449397622	0.849232324889787
173.113584633404	0.849252413825191
173.172695589051	0.849272502760594
173.231782256274	0.849778402519172
173.290844626783	0.850701581579106
173.349882692297	0.851624760639039
173.408896444534	0.852524423702242
173.467885875217	0.853291638307279
173.526850976073	0.854058852912317
173.585791738832	0.854826067517354
173.644708155226	0.855135913158286
173.703600216993	0.855300436480399
173.762467915872	0.855464959802513
173.821311243607	0.855628074696452
173.880130191946	0.855788709659650
173.938924752637	0.855949344622847
173.997694917435	0.856109979586045
174.056440678098	0.856341928440031
174.115162026385	0.856576789243860
174.173858954061	0.856811650047689
174.232531452893	0.857254463381473
174.291179514652	0.857864345068386
174.349803131112	0.858474226755300
174.408402294051	0.859153258250495
174.466976995251	0.860245319085988
174.525527226495	0.861337379921482
174.584052979571	0.862429440756976
174.642554246272	0.863267640673715
174.701031018392	0.864010727014443
174.759483287730	0.864753813355171
174.817911046086	0.865387593776772
174.876314285267	0.865774164175795
174.934692997080	0.866160734574817
174.993047173339	0.866547304973840
175.051376805858	0.866647827461589
175.109681886456	0.866709647089490
175.167962406957	0.866771466717391
175.226218359185	0.866721174829801
175.284449734969	0.866533916578522
175.342656526144	0.866346658327242
175.400838724544	0.866163216882561
175.458996322010	0.866240679571897
175.517129310384	0.866318142261233
175.575237681513	0.866395604950570
175.633321427248	0.866569455765107
175.691380539441	0.866814920903621
175.749415009949	0.867060386042136
175.807424830633	0.867331274319876
175.865409993356	0.867775332998927
175.923370489986	0.868219391677978
175.981306312394	0.868663450357029
176.039217452453	0.869155916049447
176.097103902042	0.869671450917428
176.154965653041	0.870186985785410
176.212802697335	0.870712615721854
176.270615026812	0.871273748227339
176.328402633364	0.871834880732823
176.386165508885	0.872396013238308
176.443903645274	0.872999500396389
176.501617034433	0.873616331120355
176.559305668267	0.874233161844322
176.616969538686	0.874832657571538
176.674608637600	0.875390591473158
176.732222956927	0.875948525374778
176.789812488586	0.876506459276398
176.847377224498	0.877063172845635
176.904917156591	0.877619624062962
176.962432276794	0.878176075280290
177.019922577041	0.878658087039822
177.077388049268	0.878999759331835
177.134828685414	0.879341431623848
177.192244477425	0.879683103915860
177.249635417246	0.879967263347296
177.307001496829	0.880242438315092
177.364342708128	0.880517613282887
177.421659043100	0.880833970288238
177.478950493706	0.881218110693014
177.536217051911	0.881602251097790
177.593458709682	0.881986391502565
177.650675458992	0.882388152497538
177.707867291816	0.882792187504729
177.765034200132	0.883196222511920
177.822176175921	0.883541746604323
177.879293211170	0.883795034932827
177.936385297868	0.884048323261331
177.993452428007	0.884301611589835
178.050494593583	0.884440233487335
178.107511786595	0.884563989942533
178.164503999047	0.884687746397731
178.221471222945	0.884700465882668
178.278413450300	0.884529660170877
178.335330673124	0.884358854459086
178.392222883435	0.884188048747295
178.449090073253	0.883956621692781
178.505932234603	0.883715592746288
178.562749359512	0.883474563799795
178.619541440010	0.883494196121119
178.676308468134	0.884010602549829
178.733050435920	0.884527008978539
178.789767335410	0.885043415407249
178.846459158651	0.885587271987543
178.903125897689	0.886137173161492
178.959767544577	0.886687074335441
179.016384091372	0.887270862239727
179.072975530132	0.887937843375847
179.129541852920	0.888604824511967
179.186083051802	0.889271805648087
179.242599118849	0.889949240823869
179.299090046133	0.890630090540103
179.355555825731	0.891310940256337
179.411996449723	0.891738512526149
179.468411910194	0.891227956032247
179.524802199231	0.890717399538346
179.581167308925	0.890206843044444
179.637507231370	0.889543374851173
179.693821958664	0.888803145417434
179.750111482910	0.888062915983696
179.806375796211	0.887375903449283
179.862614890677	0.887105203488041
179.918828758419	0.886834503526799
179.975017391554	0.886563803565557
180.031180782201	0.886369118426089
180.087318922482	0.886235324191046
180.143431804524	0.886101529956002
180.199519420457	0.885967735720959
180.255581762414	0.886606279743057
180.311618822531	0.887251500308101
180.367630592950	0.887896720873144
180.423617065815	0.888650609775010
180.479578233273	0.889553405423915
180.535514087475	0.890456201072820
180.591424620576	0.891358996721725
180.647309824734	0.891575997132405
180.703169692111	0.891668717918028
180.759004214872	0.891761438703651
180.814813385187	0.891772626758870
180.870597195227	0.891558225067508
180.926355637169	0.891343823376145
180.982088703192	0.891129421684782
181.037796385479	0.891001261700941
181.093478676218	0.890913961487128
181.149135567598	0.890826661273315
181.204767051813	0.890746914868995
181.260373121060	0.890747749474956
181.315953767541	0.890748584080916
181.371508983460	0.890749418686877
181.427038761025	0.891054306802052
181.482543092448	0.891679506126568
181.538021969943	0.892304705451084
181.593475385731	0.892929904775601
181.648903332032	0.893900885952907
181.704305801073	0.894917990412300
181.759682785084	0.895935094871693
181.815034276297	0.896775649731469
181.870360266949	0.897142861843386
181.925660749281	0.897510073955304
181.980935715536	0.897877286067222
182.036185157961	0.897869076467725
182.091409068808	0.897663119735894
182.146607440331	0.897457163004064
182.201780264789	0.897241819352589
182.256927534442	0.896745009856319
182.312049241556	0.896248200360048
182.367145378401	0.895751390863777
182.422215937248	0.895111841417011
182.477260910374	0.894261246207452
182.532280290058	0.893410650997893
182.587274068583	0.892560055788334
182.642242238237	0.892053920874613
182.697184791309	0.891651534474090
182.752101720094	0.891249148073567
182.806993016889	0.890961696443038
182.861858673996	0.891461303579131
182.916698683719	0.891960910715225
182.971513038367	0.892460517851318
183.026301730251	0.892965127844613
183.081064751688	0.893475155087440
183.135802094996	0.893985182330267
183.190513752498	0.894495209573094
183.245199716521	0.894971855109804
183.299859979394	0.895441496316012
183.354494533452	0.895911137522221
183.409103371031	0.896372186683053
183.463686484472	0.896790296318669
183.518243866120	0.897208405954286
183.572775508322	0.897626515589902
183.627281403431	0.897793090804302
183.681761543801	0.897708715596751
183.736215921792	0.897624340389200
183.790644529765	0.897539965181649
183.845047360088	0.897506345440271
183.899424405129	0.897483264171272
183.953775657262	0.897460182902274
184.008101108863	0.897517156128675
184.062400752315	0.898030808181735
184.116674580000	0.898544460234795
184.170922584306	0.899058112287855
184.225144757625	0.899575776518442
184.279341092352	0.900098079339053
184.333511580886	0.900620382159665
184.387656215629	0.901142684980278
184.441774988986	0.901645603764443
184.495867893368	0.902142796254933
184.549934921187	0.902639988745424
184.603976064860	0.903134626746576
184.657991316808	0.903597107085653
184.711980669455	0.904059587424731
184.765944115228	0.904522067763808
184.819881646559	0.904825303275625
184.873793255883	0.904855828344516
184.927678935638	0.904886353413408
184.981538678267	0.904916878482300
185.035372476215	0.904826145645826
185.089180321933	0.904672141930704
185.142962207872	0.904518138215582
185.196718126490	0.904364134500460
185.250448070248	0.904323958659384
185.304152031609	0.904291186117158
185.357830003041	0.904258413574932
185.411481977016	0.904231938473635
185.465107946009	0.904228586496370
185.518707902497	0.904225234519105
185.572281838964	0.904221882541840
185.625829747896	0.904286901170380
185.679351621782	0.904425271252410
185.732847453115	0.904563641334440
185.786317234392	0.904702011416470
185.839760958114	0.905017464431803
185.893178616786	0.905393841564009
185.946570202914	0.905770218696214
185.999935709011	0.906146595828419
186.053275127591	0.906507873024984
186.106588451174	0.906869132003367
186.159875672282	0.907230390981751
186.213136783441	0.907586071864267
186.266371777181	0.907924719413154
186.319580646036	0.908263366962041
186.372763382542	0.908602014510927
186.425919979241	0.908951919455156
186.479050428677	0.909313650732388
186.532154723398	0.909675382009620
186.585232855957	0.910037113286853
186.638284818907	0.910364421835394
186.691310604810	0.910678456164525
186.744310206227	0.910992490493657
186.797283615725	0.911306524822788
186.850230825874	0.911644834227379
186.903151829248	0.911984456072234
186.956046618425	0.912324077917089
187.008915185986	0.912614512608297
187.061757524516	0.912662505497684
187.114573626603	0.912710498387071
187.167363484839	0.912758491276458
187.220127091821	0.912766633491343
187.272864440148	0.912710172947731
187.325575522424	0.912653712404118
187.378260331254	0.912597251860505
187.430918859251	0.912593957967138
187.483551099029	0.912628037324214
187.536157043204	0.912662116681290
187.588736684400	0.912696196038366
187.641290015241	0.912767682610076
187.693817028358	0.912849370790325
187.746317716381	0.912931058970574
187.798792071949	0.913012747150823
187.851240087701	0.913177997287371
187.903661756280	0.913345216848441
187.956057070336	0.913512436409510
188.008426022518	0.913685740379853
188.060768605482	0.913890767580394
188.113084811886	0.914095794780935
188.165374634394	0.914300821981476
188.217638065670	0.914463334084576
188.269875098385	0.914542405462823
188.322085725213	0.914621476841070
188.374269938829	0.914700548219317
188.426427731916	0.914616010748678
188.478559097157	0.914372223813303
188.530664027242	0.914128436877928
188.582742514862	0.913884649942552
188.634794552712	0.913622039048432
188.686820133493	0.913350094151304
188.738819249907	0.913078149254177
188.790791894661	0.912806204357049
188.842738060466	0.912730851379002
188.894657740036	0.912697844340745
188.946550926088	0.912664837302489
188.998417611346	0.912631830264233
189.050257788533	0.912589955798560
189.102071450380	0.912547802204279
189.153858589619	0.912505648609998
189.205619198986	0.912492020341613
189.257353271222	0.912712564977589
189.309060799071	0.912933109613565
189.360741775281	0.913153654249541
189.412396192603	0.913399571549804
189.464024043792	0.913725822631340
189.515625321607	0.914052073712876
189.567200018811	0.914378324794412
189.618748128171	0.914594023904216
189.670269642455	0.914616360951567
189.721764554439	0.914638697998919
189.773232856899	0.914661035046271
189.824674542618	0.914528003676858
189.876089604379	0.914226470716313
189.927478034972	0.913924937755767
189.978839827189	0.913623404795221
190.030174973827	0.913321771100524
190.081483467685	0.913020066784346
190.132765301567	0.912718362468168
190.184020468281	0.912416658151991
190.235248960637	0.912034616414270
190.286450771451	0.911616164473796
190.337625893542	0.911197712533322
190.388774319731	0.910779260592848
190.439896042845	0.910378491234244
190.490991055713	0.909982695994236
190.542059351170	0.909586900754229
190.593100922053	0.909191105514221
190.644115761203	0.909309477549340
190.695103861465	0.909508237383896
190.746065215687	0.909706997218453
190.796999816722	0.909905757053010
190.847907657426	0.910209432627846
190.898788730659	0.910519676825705
190.949643029284	0.910829921023564
191.000470546169	0.911139529873310
191.051271274186	0.911381161232169
191.102045206208	0.911622792591029
191.152792335115	0.911864423949888
191.203512653789	0.912102661033001
191.254206155117	0.912295293031163
191.304872831988	0.912487925029325
191.355512677295	0.912680557027488
191.406125683938	0.912865204575144
191.456711844816	0.912991880782660
191.507271152835	0.913118556990175
191.557803600903	0.913245233197691
191.608309181933	0.913350716420866
191.658787888842	0.913348603769282
191.709239714549	0.913346491117697
191.759664651979	0.913344378466113
191.810062694058	0.913339739516702
191.860433833719	0.913324976845557
191.910778063896	0.913310214174413
191.961095377529	0.913295451503269
192.011385767560	0.913312278499837
192.061649226935	0.913437017302641
192.111885748606	0.913561756105445
192.162095325525	0.913686494908249
192.212277950651	0.913805990775347
192.262433616946	0.913909304861041
192.312562317375	0.914012618946736
192.362664044906	0.914115933032430
192.412738792514	0.914192522542211
192.462786553174	0.914190806179838
192.512807319867	0.914189089817464
192.562801085578	0.914187373455090
192.612767843295	0.914175182004992
192.662707586009	0.914132479690140
192.712620306716	0.914089777375288
192.762505998416	0.914047075060437
192.812364654112	0.913981566390022
192.862196266810	0.913846919289476
192.912000829523	0.913712272188930
192.961778335264	0.913577625088385
193.011528777052	0.913403715004321
193.061252147909	0.913099670272433
193.110948440861	0.912795625540545
193.160617648938	0.912491580808657
193.210259765174	0.912190116919045
193.259874782605	0.911898556960333
193.309462694274	0.911606997001621
193.359023493225	0.911315437042910
193.408557172507	0.911068629513787
193.458063725173	0.911036063678723
193.507543144278	0.911003497843658
193.556995422884	0.910970932008594
193.606420554055	0.910941974292009
193.655818530858	0.910937177073109
193.705189346364	0.910932379854209
193.754532993650	0.910927582635309
193.803849465795	0.910934504647653
193.853138755882	0.911079808205475
193.902400856997	0.911225111763298
193.951635762231	0.911370415321121
194.000843464680	0.911517355728533
194.050023957440	0.911758129279604
194.099177233615	0.911998902830675
194.148303286311	0.912239676381745
194.197402108636	0.912480449932816
194.246473693706	0.912739317489643
194.295518034637	0.912999196239306
194.344535124550	0.913259074988969
194.393524956571	0.913518953738633
194.442487523828	0.913782802130873
194.491422819455	0.914047255326274
194.540330836587	0.914311708521676
194.589211568366	0.914576161717078
194.638065007935	0.914835686581738
194.686891148442	0.915093815039187
194.735689983040	0.915351943496637
194.784461504884	0.915610071954086
194.833205707133	0.915868849389436
194.881922582951	0.916127930427236
194.930612125505	0.916387011465037
194.979274327966	0.916646092502837
195.027909183509	0.916899528005510
195.076516685313	0.917148772239954
195.125096826560	0.917398016474399
195.173649600436	0.917647260708844
195.222175000132	0.917821456360103
195.270673018842	0.917906497203772
195.319143649764	0.917991538047442
195.367586886099	0.918076578891112
195.416002721052	0.918092228206548
195.464391147835	0.917967366098778
195.512752159659	0.917842503991009
195.561085749741	0.917717641883240
195.609391911304	0.917587161844080
195.657670637570	0.917433411171708
195.705921921770	0.917279660499336
195.754145757136	0.917125909826964
195.802342136903	0.916977990931448
195.850511054313	0.916944215512756
195.898652502608	0.916910440094065
195.946766475038	0.916876664675374
195.994852964854	0.916842889256682
196.042911965311	0.916788010150941
196.090943469669	0.916730600502228
196.138947471191	0.916673190853515
196.186923963145	0.916615781204802
196.234872938801	0.916621779692220
196.282794391434	0.916651547086337
196.330688314323	0.916681314480454
196.378554700751	0.916711081874572
196.426393544004	0.916729003697770
196.474204837373	0.916737303492756
196.521988574151	0.916745603287743
196.569744747637	0.916753903082730
196.617473351133	0.916741951756441
196.665174377944	0.916694945475825
196.712847821381	0.916647939195209
196.760493674756	0.916600932914594
196.808111931387	0.916534827591158
196.855702584595	0.916375733616516
196.903265627707	0.916216639641874
196.950801054049	0.916057545667232
196.998308856956	0.915898451692590
197.045789029765	0.915747048911753
197.093241565815	0.915595930115480
197.140666458451	0.915444811319206
197.188063701023	0.915293692522933
197.235433286881	0.915173542251456
197.282775209382	0.915063821243960
197.330089461887	0.914954100236463
197.377376037759	0.914844379228966
197.424634930366	0.914740859411771
197.471866133079	0.914643032920269
197.519069639275	0.914545206428767
197.566245442332	0.914447379937266
197.613393535635	0.914366292732877
197.660513912569	0.914327379775102
197.707606566527	0.914288466817327
197.754671490903	0.914249553859553
197.801708679096	0.914214117862470
197.848718124510	0.914270894640269
197.895699820550	0.914327671418069
197.942653760627	0.914384448195869
197.989579938155	0.914441224973668
198.036478346554	0.914513047745293
198.083348979245	0.914589167154628
198.130191829654	0.914665286563963
198.177006891212	0.914741405973297
198.223794157351	0.914703255687805
198.270553621511	0.914554715379822
198.317285277133	0.914406175071840
198.363989117663	0.914257634763858
198.410665136549	0.914110097004679
198.457313327246	0.913965943358856
198.503933683211	0.913821789713034
198.550526197905	0.913677636067211
198.597090864792	0.913533482421389
198.643627677343	0.913380890897888
198.690136629031	0.913227736890261
198.736617713331	0.913074582882634
198.783070923725	0.912921428875007
198.829496253698	0.912754089405975
198.875893696737	0.912578610755297
198.922263246337	0.912403132104619
198.968604895992	0.912227653453941
199.014918639204	0.912050646694478
199.061204469476	0.911870425111356
199.107462380317	0.911690203528233
199.153692365238	0.911509981945111
199.199894417757	0.911329760361989
199.246068531392	0.911448031599531
199.292214699668	0.911566986751696
199.338332916112	0.911685941903861
199.384423174256	0.911804897056027
199.430485467635	0.911900087231310
199.476519789790	0.911983138123293
199.522526134263	0.912066189015276
199.568504494601	0.912149239907259
199.614454864357	0.912207983233021
199.660377237085	0.912213779174971
199.706271606345	0.912219575116921
199.752137965699	0.912225371058871
199.797976308715	0.912231167000821
199.843786628963	0.912136370297145
199.889568920018	0.912036925831109
199.935323175460	0.911937481365074
199.981049388870	0.911838036899038
200.026747553835	0.911732738286438
200.072417663947	0.911623293283963
200.118059712799	0.911513848281487
200.163673693990	0.911404403279012
200.209259601122	0.911245145004992
200.254817427802	0.910890524540041
200.300347167640	0.910535904075090
200.345848814250	0.910181283610138
200.391322361250	0.909826663145187
200.436767802263	0.909492999648783
200.482185130914	0.909164280725239
200.527574340834	0.908835561801695
200.572935425655	0.908506842878151
200.618268379017	0.908231208759210
200.663573194561	0.908034195322019
200.708849865932	0.907837181884828
200.754098386781	0.907640168447637
200.799318750761	0.907443155010446
200.844510951529	0.907472500853565
200.889674982748	0.907505310185650
200.934810838082	0.907538119517735
200.979918511202	0.907570928849820
201.024997995780	0.907609721178054
201.070049285493	0.907653318302878
201.115072374024	0.907696915427703
201.160067255058	0.907740512552528
201.205033922283	0.907775244143379
201.249972369392	0.907739669680879
201.294882590084	0.907704095218380
201.339764578059	0.907668520755880
201.384618327022	0.907632946293381
201.429443830682	0.907604697471511
201.474241082752	0.907580274425529
201.519010076950	0.907555851379547
201.563750806995	0.907531428333564
201.608463266613	0.907483545022739
201.653147449533	0.907335210135717
201.697803349487	0.907186875248694
201.742430960212	0.907038540361671
201.787030275449	0.906890205474648
201.831601288943	0.906479920115089
201.876143994442	0.905962159668550
201.920658385699	0.905444399222012
201.965144456471	0.904926638775473
202.009602200518	0.904411373957887
202.054031611604	0.903905165294660
202.098432683499	0.903398956631432
202.142805409974	0.902892747968204
202.187149784807	0.902386539304977
202.231465801777	0.902114534379503
202.275753454669	0.901938144684504
202.320012737272	0.901761754989505
202.364243643378	0.901585365294506
202.408446166783	0.901430893603110
202.452620301288	0.901369180870874
202.496766040697	0.901307468138638
202.540883378818	0.901245755406402
202.584972309463	0.901184042674166
202.629032826450	0.901141301524562
202.673064923597	0.901108377130003
202.717068594730	0.901075452735443
202.761043833677	0.901042528340884
202.804990634269	0.901041287370664
202.848908990343	0.901287283514854
202.892798895740	0.901533279659044
202.936660344303	0.901779275803234
202.980493329881	0.902025271947424
203.024297846326	0.902264406204983
203.068073887494	0.902498033410589
203.111821447245	0.902731660616195
203.155540519444	0.902965287821800
203.199231097957	0.903198915027406
203.242893176659	0.903308022190048
203.286526749425	0.903414897876683
203.330131810134	0.903521773563317
203.373708352672	0.903628649249952
203.417256370925	0.903708610953633
203.460775858788	0.903747580171104
203.504266810155	0.903786549388576
203.547729218926	0.903825518606047
203.591163079007	0.903864487823518
203.634568384304	0.903919932911635
203.677945128731	0.903979588441986
203.721293306203	0.904039243972338
203.764612910641	0.904098899502689
203.807903935969	0.904139050270004
203.851166376114	0.904091903880160
203.894400225010	0.904044757490316
203.937605476592	0.903997611100472
203.980782124801	0.903950464710628
204.023930163580	0.903892575105766
204.067049586879	0.903826060653467
204.110140388649	0.903759546201169
204.153202562846	0.903693031748870
204.196236103432	0.903626517296571
204.239241004370	0.903490583023724
204.282217259628	0.903347992365918
204.325164863179	0.903205401708112
204.368083809000	0.903062811050306
204.410974091070	0.902873368823059
204.453835703374	0.902547712087183
204.496668639901	0.902222055351307
204.539472894642	0.901896398615431
204.582248461595	0.901570741879555
204.624995334760	0.901217658617800
204.667713508141	0.900845103702167
204.710402975747	0.900472548786534
204.753063731591	0.900099993870901
204.795695769689	0.899727438955268
204.838299084061	0.899393805079844
204.880873668733	0.899064543860466
204.923419517733	0.898735282641088
204.965936625093	0.898406021421710
205.008424984851	0.898082635376118
205.050884591048	0.897782995439629
205.093315437727	0.897483355503139
205.135717518939	0.897183715566649
205.178090828735	0.896884075630160
205.220435361173	0.896594420714790
205.262751110313	0.896315467329513
205.305038070221	0.896036513944236
205.347296234966	0.895757560558959
205.389525598620	0.895478607173682
205.431726155261	0.895377223946683
205.473897898971	0.895334445831998
205.516040823833	0.895291667717312
205.558154923938	0.895248889602627
205.600240193378	0.895206129160932
205.642296626251	0.895166446648901
205.684324216658	0.895126764136870
205.726322958706	0.895087081624839
205.768292846502	0.895047399112808
205.810233874161	0.895007180319009
205.852146035800	0.894965300551494
205.894029325541	0.894923420783979
205.935883737509	0.894881541016464
205.977709265834	0.894839661248949
206.019505904650	0.894789025773991
206.061273648094	0.894728387978956
206.103012490309	0.894667750183920
206.144722425441	0.894607112388886
206.186403447638	0.894546474593850
206.228055551056	0.894495325554242
206.269678729853	0.894448773464969
206.311272978189	0.894402221375696
206.352838290233	0.894355669286423
206.394374660153	0.894309117197150
206.435882082125	0.894304573612001
206.477360550326	0.894306613572804
206.518810058939	0.894308653533606
206.560230602150	0.894310693494408
206.601622174150	0.894313527086694
206.642984769134	0.894335811055676
206.684318381301	0.894358095024659
206.725623004852	0.894380378993641
206.766898633995	0.894402662962624
206.808145262940	0.894425097767363
206.849362885904	0.894448145335244
206.890551497103	0.894471192903126
206.931711090763	0.894494240471008
206.972841661109	0.894517288038890
207.013943202373	0.894576538923687
207.055015708791	0.894706281393425
207.096059174601	0.894836023863163
207.137073594047	0.894965766332901
207.178058961377	0.895095508802639
207.219015270842	0.895222539152155
207.259942516697	0.895346441183310
207.300840693203	0.895470343214464
207.341709794624	0.895594245245619
207.382549815227	0.895718147276774
207.423360749284	0.895825444285784
207.464142591071	0.895920341936578
207.504895334868	0.896015239587373
207.545618974960	0.896110137238168
207.586313505635	0.896205034888962
207.626978921185	0.896248017918894
207.667615215907	0.896264673821796
207.708222384100	0.896281329724699
207.748800420071	0.896297985627601
207.789349318127	0.896314641530504
207.829869072582	0.896282126376731
207.870359677751	0.896232084088512
207.910821127957	0.896182041800292
207.951253417524	0.896131999512073
207.991656540781	0.896081957223853
208.032030492062	0.895909316822674
208.072375265704	0.895704752956929
208.112690856048	0.895500189091184
208.152977257440	0.895295625225439
208.193234464230	0.895091061359694
208.233462470770	0.894793865018886
208.273661271420	0.894477946675911
208.313830860541	0.894162028332937
208.353971232498	0.893846109989963
208.394082381663	0.893530191646988
208.434164302408	0.893211492268902
208.474216989113	0.892892311358246
208.514240436160	0.892573130447591
208.554234637935	0.892253949536936
208.594199588829	0.891934768626280
208.634135283237	0.891761631305944
208.674041715557	0.891613301421273
208.713918880192	0.891464971536601
208.753766771550	0.891316641651930
208.793585384041	0.891168311767258
208.833374712081	0.891056845152105
208.873134750089	0.890952461092380
208.912865492488	0.890848077032655
208.952566933706	0.890743692972930
208.992239068175	0.890639308913206
209.031881890330	0.890562995545255
209.071495394611	0.890493512839117
209.111079575463	0.890424030132979
209.150634427333	0.890354547426841
209.190159944674	0.890285064720703
209.229656121941	0.890390991964309
209.269122953596	0.890555099815650
209.308560434102	0.890719207666989
209.347968557930	0.890883315518329
209.387347319550	0.891047423369670
209.426696713441	NaN
