54.29326287978864 0.1522058823529413
64.5970937912814 0.26470588235294124
85.20475561426684 0.36397058823529416
101.05680317040952 0.4102941176470589
108.1902245706737 0.46544117647058825
134.34610303830914 0.7147058823529412
150.59445178335534 0.8669117647058824
157.331571994716 0.8647058823529412
171.20211360634084 0.9860294117647059
186.26155878467637 0.9904411764705883
195.37648612945839 0.7985294117647059
202.11360634081905 0.511764705882353
209.6433289299868 0.3022058823529412
214.39894319682958 0.2250000000000001
217.96565389696167 0.21617647058823541
225.49537648612943 0.03529411764705892
233.42140026420077 0.008823529411764675
244.1215323645971 0.015441176470588402
257.19947159841485 0.026470588235294246
272.25891677675037 0.015441176470588402
284.1479524438574 0.004411764705882337
295.24438573315723 0.004411764705882337
