26.948480845442532 0.02205882352941191
34.47820343461029 0.0507352941176471
38.44121532364596 0.11250000000000004
41.215323645970955 0.17647058823529416
46.3672391017173 0.26250000000000007
53.500660501981486 0.361764705882353
65.3896961690885 0.4566176470588236
77.67503302509908 0.586764705882353
81.63804491413475 0.6330882352941177
86.7899603698811 0.6154411764705883
91.54557463672393 0.6485294117647059
96.69749009247028 0.7345588235294118
100.66050198150594 0.8272058823529412
106.60501981505945 0.8514705882352942
109.77542932628796 0.9286764705882353
113.34214002642005 0.9772058823529413
117.30515191545572 0.9816176470588236
121.2681638044914 0.8536764705882354
126.02377807133422 0.6683823529411765
129.9867899603699 0.4125000000000001
132.3645970937913 0.3661764705882353
134.74240422721266 0.1808823529411765
137.91281373844123 0.12352941176470589
140.29062087186264 0.04852941176470593
145.83883751651257 0.17647058823529416
150.59445178335534 0.13235294117647056
152.1796565389696 0.08823529411764719
161.29458388375167 0.024264705882353077
163.67239101717303 0.028676470588235414
166.44649933949802 0.013235294117647234
170.4095112285337 0.01985294117647074
175.56142668428004 0.030882352941176583
191.01717305151914 0.015441176470588402
211.22853368560106 0.006617647058823506
236.59180977542934 0.008823529411764675
