40.828804347826086	 0.8684615384615384
41.44021739130435	 0.850576923076923
42.05163043478261	 0.8419230769230768
42.45923913043478	 0.8396153846153845
43.47826086956522	 0.8433653846153846
44.29347826086956	 0.8572115384615384
45.516304347826086	 0.888076923076923
46.942934782608695	 0.9425961538461538
48.57336956521739	 0.9821153846153846
49.38858695652174	 0.9945192307692308
50	 		 0.9956730769230768
50.61141304347826	 0.9924999999999999
52.03804347826087	 0.9717307692307692
53.46467391304348	 0.9391346153846153
55.09510869565217	 0.9010576923076923
56.72554347826087	 0.8699038461538461
58.35597826086956	 0.847403846153846
59.375	 		 0.8410576923076922
60.19021739130435	 0.8413461538461537
61.61684782608695	 0.8479807692307691
63.858695652173914	 0.8704807692307691
65.89673913043478	 0.9016346153846153
69.97282608695652	 0.9645192307692307
72.01086956521739	 0.9873076923076922
73.6413043478261	 0.9956730769230768
74.25271739130434	 0.9991346153846153
75.47554347826087	 0.9994230769230769
76.29076086956522	 0.9965384615384615
79.55163043478261	 0.9763461538461538
83.62771739130434	 0.9376923076923076
86.27717391304348	 0.9059615384615384
91.16847826086956	 0.8675961538461537
94.22554347826087	 0.8517307692307692
96.875			 0.8445192307692306
98.70923913043478	 0.8410576923076922
101.5625	 	 0.8416346153846153
104.82336956521739	 0.8465384615384615
108.89945652173913	 0.8612499999999998
115.625	 		 0.8912499999999999
121.33152173913044	 0.9212499999999999
125.81521739130434	 0.9434615384615384
131.3179347826087	 0.9650961538461538
136.0054347826087	 0.9798076923076923
141.10054347826087	 0.9916346153846154
144.76902173913044	 0.9959615384615385
148.8451086956522	 0.9982692307692307
151.9021739130435	 0.9979807692307692
156.1820652173913	 0.9942307692307691
166.7798913043478	 0.9798076923076923
176.5625	 	 0.9616346153846154
183.28804347826087	 0.9486538461538461
189.80978260869563	 0.9348076923076922
199.79619565217388	 0.9169230769230768
