40.828804347826086	 0.9725961538461538
42.45923913043478	 0.9397115384615384
43.88586956521739	 0.9059615384615384
44.90489130434783	 0.8745192307692307
46.73913043478261	 0.8497115384615384
47.55434782608696	 0.8445192307692306
48.16576086956522	 0.8445192307692306
48.98097826086956	 0.8491346153846153
49.59239130434783	 0.8549038461538461
52.44565217391305	 0.9027884615384615
55.50271739130435	 0.95875
58.35597826086956	 0.9901923076923076
59.578804347826086	 0.9927884615384615
61.20923913043478	 0.9919230769230769
62.432065217391305	 0.9858653846153845
65.28532608695653	 0.9573076923076922
70.17663043478261	 0.892403846153846
75.27173913043478	 0.8549038461538461
78.125	 		 0.8453846153846153
79.75543478260869	 0.8436538461538461
81.38586956521739	 0.8442307692307691
83.42391304347827	 0.8485576923076922
87.2961956521739	 0.8626923076923076
93.41032608695652	 0.8981730769230769
99.32065217391305	 0.9353846153846153
104.21195652173913	 0.9613461538461537
108.08423913043478	 0.9789423076923076
111.14130434782608	 0.9884615384615384
114.40217391304347	 0.9948076923076923
116.84782608695652	 0.9979807692307692
120.72010869565217	 0.9991346153846153
124.7961956521739	 0.9971153846153845
129.4836956521739	 0.9904807692307692
137.2282608695652	 0.9731730769230769
154.3478260869565	 0.9316346153846153
166.7798913043478	 0.903076923076923
175.74728260869563	 0.888076923076923
187.1603260869565	 0.873076923076923
200	 		 0.8624038461538461
