200.8641465 0.9575683
200.6596002 0.9570554
200.4554705 0.9565328
200.2517557 0.956001
200.0484545 0.955461
199.8455653 0.9549151
199.6430877 0.9543651
199.4410199 0.9538131
199.2393607 0.9532608
199.0381085 0.9527101
198.8372629 0.9521618
198.6368222 0.9516162
198.4367853 0.9510729
198.2371504 0.9505312
198.0379172 0.9499901
197.839084  0.9494482
197.6406493 0.9489046
197.4426127 0.9483578
197.2449726 0.9478076
197.0477277 0.9472536
196.8508765 0.9466958
196.6544187 0.9461345
196.4583526 0.9455702
196.262677  0.9450034
196.0673905 0.9444342
195.8724926 0.943863
195.6779818 0.9432901
195.4838569 0.9427153
195.2901164 0.9421393
195.0967599 0.9415626
194.903786  0.940986
194.7111934 0.9404116
194.5189807 0.9398403
194.3271475 0.9392738
194.1356923 0.938714
193.9446136 0.9381612
193.753911  0.9376158
193.5635831 0.9370773
193.3736287 0.9365439
193.1840465 0.9360133
192.9948359 0.9354826
192.8059957 0.9349486
192.6175246 0.9344082
192.4294213 0.9338587
192.2416854 0.933298
192.0543154 0.932725
191.8673103 0.9321384
191.6806687 0.93154
191.4943902 0.9309305
191.3084734 0.9303125
191.1229173 0.929689
190.9377204 0.9290632
190.7528824 0.9284384
190.568402  0.9278183
190.3842777 0.927205
190.2005091 0.9265999
190.0170951 0.9260028
189.8340344 0.9254127
189.6513257 0.9248257
189.4689687 0.9242377
189.2869621 0.9236432
189.1053049 0.9230372
188.9239956 0.9224146
188.743034  0.9217728
188.5624188 0.9211108
188.3821489 0.920431
188.202223  0.9197383
188.0226408 0.91904
187.843401  0.9183455
187.6645026 0.9176651
187.4859443 0.9170079
187.3077258 0.9163826
187.1298458 0.9157946
186.952303  0.9152466
186.7750971 0.9147377
186.5982269 0.9142644
186.4216913 0.9138199
186.245489  0.9133968
186.0696199 0.9129865
185.8940826 0.9125805
185.7188762 0.912172
185.5439994 0.9117551
185.369452  0.9113256
185.1952327 0.910881
185.0213406 0.91042
184.8477743 0.9099428
184.6745338 0.9094503
184.5016176 0.9089436
184.329025  0.908424
184.1567546 0.9078937
183.9848063 0.9073538
183.8131788 0.9068061
183.6418711 0.9062518
183.4708822 0.905692
183.3002117 0.905127
183.1298584 0.9045568
182.9598212 0.9039794
182.7900997 0.9033924
182.6206928 0.9027917
182.4515997 0.9021721
182.2828191 0.9015275
182.1143507 0.9008514
181.9461935 0.900138
181.7783466 0.8993833
181.6108087 0.8985851
181.4435797 0.8977455
181.2766583 0.8968701
181.1100439 0.8959697
180.943735  0.8950587
180.7777317 0.8941554
180.6120327 0.8932808
180.4466371 0.8924563
180.2815439 0.8917021
180.1167528 0.8910353
179.9522627 0.8904674
179.7880724 0.8900033
179.6241818 0.889641
179.4605898 0.8893712
179.2972954 0.8891785
179.1342976 0.8890427
178.9715963 0.8889415
178.8091902 0.8888525
178.6470786 0.8887545
178.4852603 0.8886303
178.3237353 0.8884667
178.1625024 0.8882564
178.0015607 0.887997
177.8409092 0.8876904
177.6805478 0.8873419
177.5204753 0.8869589
177.360691  0.8865486
177.2011938 0.8861171
177.0419834 0.8856682
176.8830589 0.8852022
176.7244192 0.884716
176.566064  0.8842041
176.4079925 0.8836585
176.2502036 0.8830724
176.0926965 0.8824407
175.935471  0.8817609
175.7785259 0.8810371
175.6218607 0.8802786
175.4654741 0.8795002
175.3093661 0.8787225
175.1535356 0.877969
174.997982  0.877263
174.842704  0.8766263
174.6877017 0.8760751
174.532974  0.8756185
174.3785201 0.8752573
174.224339  0.874984
174.0704307 0.8747839
173.916794  0.8746368
173.7634283 0.8745208
173.6103326 0.874414
173.4575067 0.8742974
173.3049496 0.8741564
173.1526603 0.8739817
173.0006387 0.8737688
172.8488838 0.8735182
172.697395  0.873234
172.5461711 0.8729214
172.3952122 0.8725865
172.2445171 0.8722351
172.0940853 0.8718709
171.9439157 0.8714961
171.7940083 0.8711115
171.644362  0.8707168
171.4949762 0.8703111
171.34585   0.8698942
171.1969831 0.8694668
171.0483747 0.8690309
170.900024  0.8685894
170.7519302 0.8681469
170.6040931 0.8677076
170.4565118 0.8672768
170.3091853 0.8668587
170.1621135 0.8664563
170.0152956 0.8660718
169.8687307 0.8657063
169.7224181 0.8653588
169.5763576 0.8650281
169.4305482 0.864711
169.2849894 0.8644043
169.1396802 0.8641029
168.9946205 0.8638018
168.8498094 0.8634947
168.7052463 0.8631756
168.5609302 0.8628382
168.4168611 0.8624771
168.2730381 0.8620884
168.1294605 0.8616706
167.9861274 0.8612254
167.8430388 0.8607578
167.7001937 0.8602769
167.5575913 0.8597948
167.4152315 0.8593255
167.2731134 0.8588839
167.1312364 0.8584834
166.9895995 0.8581351
166.8482028 0.8578448
166.7070453 0.8576134
166.5661265 0.8574362
166.4254455 0.8573034
166.2850021 0.8572017
166.1447956 0.8571163
166.0048253 0.8570325
165.8650904 0.8569372
165.7255909 0.8568214
165.5863257 0.8566795
165.4472945 0.8565103
165.3084962 0.8563156
165.1699309 0.8561001
165.0315977 0.8558698
164.893496  0.8556314
164.755625  0.8553898
164.6179846 0.8551494
164.480574  0.8549125
164.3433923 0.854679
164.2064396 0.8544492
164.0697149 0.8542206
163.9332177 0.8539917
163.7969472 0.8537605
163.6609032 0.8535264
163.5250851 0.8532885
163.3894923 0.8530478
163.2541238 0.8528054
163.1189797 0.8525633
162.9840592 0.8523232
162.8493617 0.8520871
162.7148864 0.8518561
162.5806333 0.8516297
162.4466015 0.8514071
162.3127905 0.8511851
162.1791996 0.8509603
162.0458286 0.850728
161.9126768 0.8504833
161.7797434 0.8502225
161.6470283 0.8499427
161.5145308 0.8496445
161.3822503 0.8493305
161.2501861 0.8490071
161.1183381 0.8486832
160.9867055 0.8483698
160.8552879 0.8480785
160.7240844 0.847821
160.593095  0.8476058
160.4623189 0.8474392
160.3317556 0.8473226
160.2014044 0.8472534
160.0712653 0.8472251
159.9413374 0.8472278
159.8116202 0.8472505
159.682113  0.8472813
159.5528158 0.8473094
159.4237279 0.847326
159.2948483 0.847325
159.1661773 0.8473029
159.0377139 0.8472593
158.9094578 0.8471956
158.7814081 0.8471149
158.6535648 0.8470217
158.5259273 0.84692
158.3984949 0.846814
158.271267  0.8467057
158.1442436 0.8465962
158.0174239 0.8464848
157.8908074 0.846369
157.7643935 0.8462452
157.638182  0.846109
157.5121724 0.845956
157.386364  0.8457838
157.2607562 0.8455915
157.1353489 0.8453809
157.0101415 0.8451574
156.8851335 0.8449296
156.7603242 0.8447092
156.6357135 0.8445088
156.5113008 0.8443415
156.3870853 0.8442195
156.263067  0.8441512
156.1392453 0.8441409
156.0156197 0.8441881
155.8921894 0.8442876
155.7689546 0.84443
155.6459144 0.8446034
155.5230684 0.8447942
155.400416  0.8449897
155.2779571 0.8451782
155.155691  0.8453513
155.0336174 0.845503
154.9117354 0.8456302
154.7900452 0.8457332
154.668546  0.8458136
154.5472374 0.8458745
154.4261187 0.8459198
154.3051899 0.8459539
154.1844504 0.8459809
154.0638995 0.8460042
153.9435371 0.8460274
153.8233627 0.8460528
153.7033757 0.8460824
153.5835756 0.846118
153.4639622 0.8461599
153.3445351 0.8462084
153.2252937 0.846263
153.1062373 0.8463233
152.9873661 0.846388
152.8686793 0.8464561
152.7501765 0.8465267
152.6318571 0.8465994
152.513721  0.846674
152.3957677 0.8467504
152.2779967 0.8468292
152.1604073 0.8469111
152.0429997 0.846996
151.925773  0.8471166
151.8087268 0.8472372
151.691861  0.8473578
151.5751751 0.8474784
151.4586684 0.847599
151.3423406 0.8477196
151.2261915 0.8478402
151.1102205 0.8479638
150.9944273 0.8480716
150.8788112 0.8481659
150.7633722 0.8482504
150.6481098 0.8483278
150.5330234 0.8484018
150.4181126 0.8484746
150.3033772 0.8485485
150.1888168 0.8486252
150.0744308 0.8487067
149.9602188 0.8487937
149.8461806 0.8488882
149.7323158 0.8489923
149.6186239 0.8491075
149.5051043 0.849236
149.3917571 0.8493794
149.2785815 0.8495393
149.1655772 0.8497157
149.052744  0.8499086
148.9400813 0.850117
148.8275889 0.8503398
148.715266  0.8505751
148.6031128 0.8508212
148.4911286 0.8510772
148.379313  0.8513418
148.2676655 0.8516156
148.1561861 0.8518981
148.0448742 0.8521894
147.9337295 0.8524898
147.8227513 0.8527985
147.7119397 0.853115
147.6012941 0.8534369
147.4908141 0.8537619
147.3804992 0.854087
147.2703494 0.854409
147.1603642 0.8547257
147.0505429 0.8550339
146.9408855 0.8553327
146.8313916 0.8556215
146.7220608 0.8559022
146.6128924 0.8561777
146.5038866 0.8564512
146.3950428 0.8567284
146.2863606 0.8570139
146.1778394 0.857313
146.0694793 0.8576295
145.9612797 0.8579659
145.8532403 0.8583228
145.7453606 0.8586987
145.6376405 0.8590899
145.5300795 0.8594911
145.4226773 0.8598945
145.3154332 0.8602936
145.2083475 0.8606803
145.1014195 0.8610481
144.9946486 0.8613927
144.8880349 0.8617119
144.7815779 0.8620057
144.6752773 0.8622774
144.5691324 0.8625315
144.4631433 0.8627753
144.3573096 0.8630157
144.2516308 0.8632597
144.1461064 0.8635142
144.0407365 0.8637844
143.9355205 0.8640739
143.8304582 0.8643858
143.7255488 0.8647208
143.6207927 0.8650789
143.5161891 0.8654589
143.4117378 0.8658602
143.3074382 0.8662804
143.2032904 0.8667169
143.0992938 0.8671678
142.9954483 0.8676293
142.8917531 0.8680978
142.7882084 0.8685701
142.6848136 0.8690419
142.5815683 0.8695101
142.4784725 0.8699719
142.3755257 0.8704264
142.2727275 0.8708726
142.1700775 0.8713118
142.0675757 0.8717464
141.9652216 0.8721792
141.8630149 0.8726143
141.760955  0.8730544
141.6590421 0.8735037
141.5572756 0.8739635
141.4556552 0.8744351
141.3541804 0.8749181
141.2528513 0.8754104
141.1516674 0.87591
141.0506283 0.876412
140.9497335 0.876914
140.8489832 0.8774112
140.7483769 0.877902
140.6479139 0.8783846
140.5475945 0.8788596
140.4474181 0.8793304
140.3473844 0.8797989
140.2474928 0.880271
140.1477436 0.8807524
140.0481362 0.8812474
139.9486702 0.8817617
139.8493453 0.8822961
139.7501614 0.8828521
139.6511181 0.8834271
139.5522151 0.8840176
139.4534519 0.884616
139.3548285 0.8852146
139.2563446 0.8858051
139.1579998 0.88638
139.0597936 0.8869325
138.9617261 0.8874588
138.8637968 0.8879561
138.7660052 0.888427
138.6683515 0.888874
138.5708351 0.8893034
138.4734558 0.889722
138.3762131 0.890138
138.279107  0.8905584
138.1821372 0.8909912
138.0853032 0.8914417
137.9886047 0.8919143
137.8920417 0.8924116
137.7956137 0.8929342
137.6993205 0.8934794
137.6031616 0.8940434
137.5071372 0.8946216
137.4112466 0.8952053
137.3154897 0.8957858
137.2198659 0.8963557
137.1243755 0.8969066
137.0290178 0.8974324
136.9337925 0.8979281
136.8386997 0.898393
136.7437388 0.8988285
136.6489096 0.8992396
136.5542117 0.8996319
136.4596451 0.9000136
136.3652094 0.9003919
136.2709043 0.9007754
136.1767294 0.9011685
136.0826848 0.901577
135.9887699 0.9020026
135.8949846 0.9024459
135.8013284 0.9029067
135.7078013 0.9033833
135.614403  0.9038734
135.5211332 0.9043747
135.4279914 0.904885
135.3349777 0.9054021
135.2420917 0.9059235
135.1493331 0.9064471
135.0567015 0.9069713
134.964197  0.9074932
134.8718191 0.9080131
134.7795673 0.9085292
134.6874419 0.9090419
134.5954423 0.9095514
134.5035684 0.9100596
134.4118195 0.9105675
134.320196  0.9110783
134.2286973 0.9115936
134.1373231 0.9121152
134.0460731 0.9126451
133.9549473 0.9131843
133.8639454 0.9137321
133.773067  0.9142892
133.6823117 0.9148529
133.5916797 0.9154213
133.5011705 0.9159915
133.4107838 0.9165611
133.3205193 0.9171267
133.230377  0.9176863
133.1403565 0.9182367
133.0504574 0.9187773
132.9606798 0.9193084
132.8710233 0.919831
132.7814876 0.9203472
132.6920724 0.9208611
132.6027776 0.9213759
132.5136029 0.9218963
132.4245482 0.9224261
132.3356128 0.9229683
132.246797  0.9235241
132.1581003 0.9240936
132.0695226 0.9246759
131.9810633 0.9252673
131.8927226 0.9258648
131.8045001 0.9264638
131.7163955 0.927061
131.6284085 0.927653
131.5405391 0.9282378
131.4527869 0.9288139
131.3651516 0.9293818
131.2776332 0.9299412
131.1902314 0.9304945
131.1029459 0.9310431
131.0157762 0.9315879
130.9287226 0.9321311
130.8417846 0.9326737
130.7549619 0.9332171
130.6682543 0.9337607
130.5816617 0.9343055
130.4951838 0.9348523
130.4088204 0.9354015
130.3225711 0.9359535
130.2364359 0.9365088
130.1504145 0.9370696
130.0645067 0.9376357
129.9787121 0.9382085
129.8930307 0.9387884
129.8074622 0.9393759
129.7220064 0.9399701
129.6366628 0.9405713
129.5514317 0.9411774
129.4663125 0.9417867
129.381305  0.9423971
129.2964091 0.9430062
129.2116246 0.9436108
129.1269513 0.944209
129.0423886 0.9447986
128.9579369 0.9453788
128.8735955 0.9459491
128.7893645 0.9465106
128.7052433 0.9470653
128.6212321 0.9476152
128.5373305 0.9481641
128.4535382 0.9487144
128.369855  0.9492692
128.286281  0.949829
128.2028156 0.9503947
128.1194588 0.950964
128.0362102 0.9515348
127.9530698 0.952103
127.8700374 0.9526643
127.7871125 0.9532151
127.7042952 0.9537531
127.6215852 0.9542765
127.5389823 0.9547868
127.4564861 0.9552874
127.3740967 0.9557816
127.2918137 0.9562757
127.209637  0.9567751
127.1275661 0.9572849
127.0456012 0.9578087
126.963742  0.9583479
126.8819882 0.9589012
126.8003394 0.9594662
126.7187958 0.9600372
126.6373571 0.9606082
126.5560229 0.9611728
126.474793  0.9617248
126.3936675 0.9622596
126.3126459 0.9627752
126.231728  0.963271
126.1509139 0.9637486
126.0702032 0.964212
125.9895957 0.9646664
125.909091  0.9651162
125.8286893 0.9655668
125.7483903 0.9660226
125.6681937 0.9664861
125.5880991 0.9669592
125.5081067 0.9674414
125.4282162 0.9679324
125.3484273 0.96843
125.2687397 0.9689319
125.1891535 0.9694353
125.1096683 0.9699391
125.0302841 0.9704416
124.9510003 0.9709416
124.8718172 0.9714381
124.7927344 0.9719306
124.7137517 0.9724185
124.6348688 0.972901
124.5560857 0.973377
124.4774022 0.9738446
124.3988178 0.9743032
124.3203328 0.9747518
124.2419468 0.9751894
124.1636595 0.9756163
124.0854707 0.9760335
124.0073804 0.9764428
123.9293884 0.976846
123.8514944 0.9772448
123.7736982 0.977642
123.6959997 0.978039
123.6183987 0.9784369
123.5408951 0.9788356
123.4634884 0.9792348
123.3861788 0.9796332
123.308966  0.9800296
123.2318497 0.980423
123.1548297 0.9808115
123.077906  0.9811954
123.0010784 0.9815748
122.9243465 0.9819502
122.8477104 0.9823234
122.7711698 0.9826953
122.6947246 0.9830675
122.6183743 0.9834415
122.5421191 0.9838179
122.4659587 0.9841971
122.3898929 0.984579
122.3139215 0.9849633
122.2380444 0.9853495
122.1622614 0.9857363
122.0865723 0.9861236
122.0109768 0.9865106
121.935475  0.9868963
121.8600665 0.9872802
121.7847513 0.9876609
121.709529  0.9880366
121.6343997 0.9884048
121.5593631 0.9887634
121.4844189 0.98911
121.4095672 0.989441
121.3348076 0.9897552
121.2601401 0.990051
121.1855642 0.9903284
121.1110802 0.9905882
121.0366877 0.9908319
120.9623865 0.9910636
120.8881764 0.9912867
120.8140573 0.9915051
120.7400292 0.9917232
120.6660916 0.991944
120.5922445 0.9921707
120.5184878 0.9924053
120.4448213 0.9926485
120.3712448 0.9929003
120.2977579 0.9931604
120.2243609 0.9934266
120.1510534 0.9936976
120.0778353 0.9939711
120.0047062 0.9942442
119.9316662 0.9945146
119.8587151 0.9947798
119.7858526 0.9950377
119.7130787 0.9952852
119.6403932 0.9955213
119.5677959 0.9957447
119.4952865 0.9959543
119.4228652 0.9961505
119.3505315 0.9963336
119.2782855 0.9965053
119.2061267 0.9966664
119.1340553 0.996819
119.0620711 0.9969651
118.9901737 0.9971063
118.918363  0.9972447
118.8466391 0.9973811
118.7750016 0.9975168
118.7034504 0.9976531
118.6319852 0.9977905
118.5606062 0.9979293
118.4893131 0.9980707
118.4181054 0.9982144
118.3469835 0.9983609
118.2759469 0.9985092
118.2049956 0.9986585
118.1341292 0.9988074
118.0633478 0.9989533
117.9926512 0.9990938
117.9220393 0.9992258
117.8515116 0.9993464
117.7810685 0.9994527
117.7107094 0.9995424
117.6404344 0.9996139
117.5702431 0.9996669
117.5001357 0.9997017
117.4301118 0.9997194
117.3601713 0.9997228
117.290314  0.9997138
117.2205399 0.9996958
117.1508488 0.9996707
117.0812403 0.9996408
117.0117147 0.999607
116.9422716 0.9995704
116.8729108 0.999531
116.8036322 0.9994869
116.7344357 0.9994379
116.6653212 0.9993838
116.5962885 0.9993224
116.5273374 0.9992557
116.4584678 0.9991833
116.3896796 0.9991071
116.3209726 0.9990296
116.2523466 0.9989539
116.1838016 0.9988819
116.1153374 0.9988168
116.0469539 0.9987593
115.9786507 0.9987106
115.910428  0.9986702
115.8422855 0.9986361
115.7742231 0.9986065
115.7062405 0.9985782
115.6383378 0.998549
115.5705147 0.9985154
115.5027711 0.9984757
115.4351069 0.9984276
115.367522  0.9983701
115.3000162 0.9983018
115.2325892 0.9982219
115.1652411 0.9981295
115.0979717 0.9980235
115.0307809 0.997902
114.9636683 0.9977648
114.8966341 0.9976109
114.8296781 0.99744
114.7628    0.9972533
114.6959997 0.9970523
114.6292772 0.9968413
114.5626323 0.9966237
114.4960649 0.9964048
114.4295746 0.9961884
114.3631617 0.9959791
114.2968258 0.9957798
114.2305666 0.9955921
114.1643844 0.9954148
114.0982788 0.9952469
114.0322498 0.995084
113.966297  0.9949226
113.9004205 0.9947575
113.8346202 0.9945846
113.7688959 0.9944005
113.7032472 0.994203
113.6376745 0.9939907
113.5721773 0.993764
113.5067556 0.9935243
113.441409  0.9932726
113.3761378 0.9930107
113.3109417 0.99274
113.2458205 0.9924619
113.180774  0.9921759
113.1158023 0.9918826
113.0509051 0.991581
112.9860823 0.9912711
112.9213338 0.9909527
112.8566595 0.9906257
112.7920593 0.9902907
112.7275329 0.9899491
112.6630803 0.9896018
112.5987015 0.9892507
112.5343961 0.9888971
112.4701641 0.9885428
112.4060054 0.9881886
112.3419199 0.9878361
112.2779075 0.9874855
112.2139678 0.9871372
112.150101  0.9867914
112.0863069 0.9864488
112.0225854 0.9861094
111.9589361 0.9857724
111.8953592 0.9854385
111.8318545 0.9851072
111.7684218 0.9847772
111.7050609 0.9844474
111.641772  0.9841164
111.5785547 0.9837821
111.5154089 0.9834421
111.4523346 0.9830943
111.3893316 0.9827358
111.3263998 0.9823651
111.2635389 0.9819805
111.2007492 0.9815812
111.1380302 0.9811665
111.075382  0.980737
111.0128042 0.9802932
110.950297  0.9798369
110.8878602 0.9793696
110.8254936 0.9788937
110.763197  0.9784116
110.7009705 0.9779257
110.6388139 0.9774383
110.5767271 0.9769529
110.5147098 0.9764705
110.4527621 0.9759937
110.3908838 0.9755237
110.3290747 0.9750612
110.2673349 0.9746062
110.2056642 0.9741587
110.1440624 0.973717
110.0825293 0.9732786
110.0210651 0.9728423
109.9596694 0.9724046
109.8983422 0.9719628
109.8370833 0.9715136
109.7758928 0.9710549
109.7147704 0.9705836
109.653716  0.9700981
109.5927294 0.9695969
109.5318108 0.9690798
109.4709598 0.9685473
109.4101764 0.9680005
109.3494603 0.967442
109.2888117 0.9668745
109.2282304 0.966302
109.167716  0.9657289
109.1072688 0.9651588
109.0468885 0.9645958
108.986575  0.9640425
108.9263281 0.9635009
108.8661478 0.9629713
108.806034  0.9624524
108.7459866 0.961942
108.6860052 0.9614368
108.6260902 0.960932
108.5662411 0.9604238
108.506458  0.9599076
108.4467405 0.959381
108.3870889 0.9588416
108.3275028 0.9582896
108.2679822 0.9577262
108.2085269 0.9571546
108.149137  0.9565786
108.0898122 0.9560024
108.0305523 0.95543
107.9713575 0.9548651
107.9122276 0.9543104
107.8531624 0.9537658
107.7941616 0.9532317
107.7352255 0.9527054
107.6763539 0.9521846
107.6175465 0.9516665
107.5588032 0.951147
107.5001241 0.9506233
107.441509  0.9500928
107.3829578 0.9495534
107.3244703 0.9490041
107.2660466 0.9484437
107.2076864 0.9478729
107.1493897 0.9472924
107.0911562 0.9467033
107.0329862 0.9461074
106.9748793 0.9455069
106.9168354 0.944904
106.8588544 0.9443007
106.8009363 0.9437001
106.743081  0.9431044
106.6852883 0.9425154
106.6275582 0.9419357
106.5698905 0.9413657
106.5122852 0.9408064
106.454742  0.9402582
106.3972611 0.9397197
106.3398422 0.9391898
106.2824852 0.938666
106.22519   0.9381456
106.1679566 0.9376252
106.1107849 0.9371013
106.0536747 0.9365706
105.9966259 0.93603
105.9396385 0.9354762
105.8827123 0.9349067
105.8258473 0.9343211
105.7690432 0.9337183
105.7123002 0.9330996
105.655618  0.9324669
105.5989965 0.9318224
105.5424357 0.9311697
105.4859355 0.9305128
105.4294958 0.9298545
105.3731163 0.9291984
105.3167972 0.9285473
105.2605382 0.9279025
105.2043394 0.9272654
105.1482004 0.9266366
105.0921214 0.9260159
105.0361021 0.9254041
104.9801426 0.9248006
104.9242425 0.9242068
104.8684021 0.9236229
104.8126211 0.9230505
104.7568993 0.9224896
104.7012367 0.9219418
104.6456333 0.921406
104.590089  0.9208816
104.5346034 0.9203656
104.4791768 0.9198546
104.423809  0.9193444
104.3684998 0.9188299
104.3132491 0.9183054
104.2580569 0.9177674
104.2029231 0.917212
104.1478476 0.9166378
104.0928302 0.9160445
104.0378709 0.9154347
103.9829697 0.9148115
103.9281264 0.91418
103.8733408 0.9135461
103.818613  0.9129153
103.7639429 0.9122927
103.7093303 0.9116826
103.6547751 0.9110882
103.6002774 0.9105109
103.5458369 0.9099512
103.4914536 0.9094085
103.4371273 0.9088808
103.3828581 0.9083658
103.3286458 0.9078609
103.2744903 0.9073626
103.2203916 0.9068673
103.1663495 0.9063722
103.112364  0.9058734
103.0584349 0.9053685
103.0045622 0.9048554
102.9507459 0.9043317
102.8969857 0.9037971
102.8432816 0.9032517
102.7896336 0.9026963
102.7360415 0.9021329
102.6825053 0.9015639
102.6290247 0.900993
102.5756    0.9004229
102.5222308 0.8998566
102.4689171 0.8992963
102.4156588 0.8987432
102.3624559 0.8981972
102.3093082 0.8976572
102.2562156 0.8971216
102.2031782 0.8965878
102.1501957 0.8960534
102.0972682 0.8955163
102.0443954 0.894975
101.9915774 0.8944291
101.9388141 0.8938799
101.8861053 0.8933287
101.8334509 0.8927789
101.780851  0.8922328
101.7283054 0.8916929
101.6758141 0.8911613
101.6233767 0.8906382
101.5709936 0.8901233
101.5186644 0.8896147
101.4663891 0.8891097
101.4141675 0.8886052
101.3619998 0.8880979
101.3098857 0.8875848
101.257825  0.8870643
101.2058179 0.8865358
101.1538643 0.8860003
101.1019639 0.8854598
101.0501167 0.884918
100.9983227 0.8843792
100.9465818 0.8838474
100.8948938 0.8833267
100.8432587 0.8828204
100.7916765 0.8823301
100.740147  0.8818566
100.6886702 0.8813985
100.6372459 0.8809542
100.5858742 0.8805207
100.5345549 0.8800948
100.4832879 0.8796722
100.4320731 0.8792502
100.3809106 0.8788255
100.3298002 0.878396
100.2787418 0.8779598
100.2277353 0.8775167
100.1767807 0.8770664
100.1258779 0.8766095
100.0750266 0.8761474
100.0242272 0.8756813
99.97347924 0.8752123
99.92278277 0.8747422
99.8721376  0.8742725
99.82154384 0.8738037
99.77100131 0.8733367
99.72050994 0.8728727
99.67006954 0.8724113
99.61968025 0.8719535
99.56934189 0.8714994
99.51905437 0.8710489
99.46881752 0.8706029
99.41863146 0.8701616
99.36849602 0.8697252
99.31841112 0.8692949
99.26837658 0.868871
99.21839253 0.8684545
99.16845879 0.8680463
99.11857518 0.8676466
99.06874184 0.867256
99.01895858 0.866874
98.96922532 0.8665
98.91954191 0.866133
98.86990844 0.8657715
98.82032476 0.8654137
98.77079079 0.865058
98.72130636 0.8647032
98.67187158 0.8643484
98.62248628 0.8639929
98.5731504  0.8636374
98.52386375 0.8632821
98.47462646 0.8629279
98.42543836 0.8625758
98.37629938 0.8622256
98.32720933 0.8618775
98.27816836 0.8615305
98.22917628 0.8611835
98.18023292 0.860835
98.1313384  0.8604841
98.08249257 0.860131
98.03369533 0.859776
97.98494653 0.8594208
97.93624629 0.8590678
97.88759442 0.8587196
97.83899088 0.8583797
97.79043548 0.8580502
97.74192834 0.8577323
97.6934693  0.8574263
97.64505829 0.8571312
97.59669514 0.8568439
97.54837997 0.8565619
97.50011262 0.8562809
97.451893   0.8559983
97.40372096 0.8557119
97.35559662 0.8554203
97.3075198  0.8551241
97.25949045 0.8548245
97.21150839 0.8545236
97.16357375 0.8542241
97.11568635 0.8539283
97.06784605 0.8536375
97.02005294 0.8533521
96.97230688 0.8530719
96.92460778 0.8527957
96.8769555  0.852521
96.82935014 0.8522465
96.78179154 0.8519702
96.73427964 0.8516908
96.68681427 0.8514083
96.63939556 0.8511219
96.59202333 0.8508335
96.54469752 0.8505436
96.49741797 0.8502535
96.4501848  0.8499638
96.40299785 0.8496751
96.35585704 0.8493875
96.30876222 0.8491009
96.26171351 0.8488153
96.21471075 0.8485309
96.16775377 0.8482482
96.12084269 0.8479684
96.07397736 0.847694
96.02715771 0.8474272
95.98038358 0.8471709
95.93365508 0.8469279
95.88697206 0.8467008
95.84033445 0.8464909
95.7937421  0.8462986
95.74719511 0.8461239
95.70069334 0.8459647
95.65423672 0.8458184
95.60782508 0.8456826
95.56145856 0.845554
95.51513698 0.8454297
95.46886029 0.8453072
95.42262833 0.8451849
95.37644122 0.8450611
95.33029879 0.8449349
95.2842009  0.8448057
95.23814766 0.8446725
95.19213892 0.8445346
95.14617461 0.8443912
95.10025457 0.8442419
95.05437893 0.8440862
95.00854753 0.8439243
94.9627603  0.8437576
94.91701709 0.8435883
94.87131802 0.8434192
94.82566294 0.8432539
94.78005177 0.8430968
94.73448437 0.8429517
94.68896086 0.8428219
94.64348107 0.842709
94.59804496 0.8426142
94.55265235 0.8425356
94.50730338 0.8424708
94.46199789 0.8424159
94.41673582 0.842367
94.37151701 0.8423193
94.32634158 0.8422687
94.28120938 0.8422126
94.23612027 0.8421491
94.19107434 0.8420779
94.14607146 0.8419996
94.10111157 0.8419159
94.0561945  0.841829
94.01132039 0.8417414
93.96648907 0.8416554
93.92170049 0.8415728
93.8769545  0.8414951
93.83225121 0.8414227
93.78759048 0.841356
93.74297224 0.8412946
93.69839634 0.8412384
93.6538629  0.8411866
93.60937178 0.8411389
93.56492291 0.8410954
93.52051614 0.8410564
93.47615159 0.8410224
93.43182912 0.8409937
93.38754857 0.8409718
93.34331005 0.8409571
93.29911343 0.8409504
93.25495865 0.8409519
93.21084555 0.8409621
93.16677425 0.8409808
93.1227446  0.8410079
93.07875656 0.8410431
93.03480996 0.8410858
92.99090493 0.8411357
92.94704132 0.8411921
92.90321906 0.8412544
92.85943803 0.8413221
92.81569833 0.841394
92.77199981 0.84147
92.72834242 0.841549
92.68472602 0.8416301
92.64115071 0.8417124
92.59761636 0.8417954
92.55412281 0.841878
92.5106702  0.8419597
92.46725836 0.8420395
92.42388725 0.8421181
92.38055672 0.8421939
92.33726688 0.8422676
92.2940176  0.842339
92.25080881 0.8424088
92.20764038 0.842477
92.16451241 0.8425448
92.12142477 0.8426133
92.0783774  0.8426831
92.03537015 0.8427553
91.99240315 0.8428314
91.94947625 0.8429116
91.90658939 0.8429971
91.86374243 0.8430874
91.82093549 0.8431827
91.77816842 0.8432822
91.73544118 0.8433856
91.69275361 0.8434917
91.65010584 0.8436
91.60749773 0.8437105
91.56492913 0.8438229
91.52240015 0.8439382
91.47991067 0.8440574
91.43746061 0.8441821
91.39504986 0.8443132
91.3526785  0.8444527
91.31034642 0.8446013
91.26805356 0.8447598
91.22579977 0.8449284
91.18358517 0.8451063
91.14140962 0.8452924
91.09927306 0.8454857
91.05717537 0.8456846
91.01511665 0.8458873
90.97309677 0.8460932
90.93111567 0.8463014
90.88917321 0.8465121
90.84726951 0.8467256
90.80540443 0.8469431
90.76357783 0.8471653
90.72178984 0.8473938
90.6800403  0.8476294
90.63832917 0.8478724
90.59665632 0.848123
90.55502184 0.8483804
90.51342562 0.8486431
90.4718676  0.8489099
90.43034763 0.8491781
90.38886584 0.8494459
90.34742209 0.8497114
90.30601633 0.8499728
90.26464842 0.8502297
90.22331848 0.8504819
90.18202636 0.8507297
90.14077202 0.8509751
90.09955533 0.8512191
90.0583764  0.8514645
90.01723509 0.8517127
89.97613127 0.8519664
89.93506505 0.8522269
89.8940363  0.8524952
89.85304497 0.8527715
89.81209092 0.8530558
89.77117427 0.8533475
89.73029489 0.8536457
89.68945272 0.8539492
89.64864763 0.8542576
89.60787974 0.8545694
89.5671489  0.8548853
89.52645508 0.8552052
89.48579814 0.8555306
89.44517819 0.8558618
89.4045951  0.8562016
89.36404882 0.8565505
89.32353922 0.8569102
89.28306641 0.8572809
89.24263025 0.8576623
89.20223071 0.8580527
89.16186766 0.8584496
89.12154119 0.8588495
89.08125118 0.8592487
89.04099751 0.8596427
89.00078027 0.8600284
88.96059936 0.860403
88.9204547  0.8607653
88.88034618 0.861116
88.84027391 0.8614576
88.80023776 0.8617932
88.76023767 0.8621274
88.72027352 0.8624654
88.68034543 0.862812
88.64045326 0.8631712
88.60059696 0.863546
88.56077641 0.8639375
88.52099171 0.8643461
88.48124275 0.8647704
88.44152946 0.8652079
88.40185173 0.8656553
88.36220967 0.8661091
88.32260314 0.8665662
88.28303202 0.8670232
88.24349643 0.8674784
88.20399623 0.8679298
88.16453137 0.8683768
88.12510174 0.8688191
88.08570744 0.8692578
88.04634834 0.8696938
88.0070244  0.8701279
87.96773549 0.8705623
87.92848172 0.8709986
87.88926297 0.871438
87.85007919 0.8718815
87.81093026 0.8723301
87.77181628 0.8727835
87.73273713 0.873241
87.69369276 0.8737022
87.65468306 0.8741654
87.61570812 0.8746288
87.57676782 0.8750915
87.53786205 0.8755519
87.49899091 0.8760092
87.46015427 0.8764633
87.42135209 0.8769144
87.38258425 0.8773632
87.34385086 0.8778111
87.30515178 0.878259
87.26648699 0.8787084
87.22785635 0.8791609
87.18925997 0.8796174
87.15069774 0.880078
87.1121696  0.8805441
87.07367543 0.8810155
87.03521535 0.881492
86.99678922 0.8819739
86.95839702 0.882461
86.9200386  0.882953
86.88171409 0.88345
86.84342336 0.8839516
86.80516629 0.8844584
86.76694299 0.8849697
86.72875333 0.8854859
86.69059728 0.8860062
86.65247471 0.8865307
86.61438573 0.8870585
86.57633022 0.8875891
86.53830813 0.8881218
86.50031936 0.8886556
86.46236399 0.8891904
86.42444192 0.8897249
86.3865531  0.8902596
86.34869741 0.8907942
86.31087497 0.8913287
86.27308563 0.8918633
86.23532938 0.8923985
86.19760608 0.892934
86.15991585 0.8934699
86.12225857 0.8940064
86.08463418 0.8945432
86.04704258 0.8950803
86.00948388 0.8956174
85.97195794 0.8961549
85.93446467 0.8966929
85.89700415 0.8972318
85.85957628 0.897772
85.82218102 0.8983143
85.78481824 0.8988588
85.74748805 0.8994064
85.71019033 0.8999568
85.67292505 0.9005101
85.63569209 0.9010664
85.59849155 0.9016253
85.56132331 0.9021871
85.52418734 0.9027516
85.48708352 0.9033192
85.45001195 0.9038901
85.41297252 0.9044645
85.37596518 0.9050421
85.33898983 0.9056234
85.30204656 0.906207
85.26513527 0.9067924
85.22825583 0.9073782
85.19140835 0.9079634
85.15459273 0.9085467
85.1178089  0.9091272
85.08105677 0.9097052
85.04433644 0.9102812
85.00764779 0.9108563
84.97099078 0.9114324
84.9343653  0.9120113
84.89777145 0.912595
84.86120912 0.913185
84.82467827 0.9137823
84.78817879 0.9143867
84.75171077 0.9149976
84.71527412 0.9156132
84.67886877 0.9162308
84.64249464 0.916848
84.60615181 0.9174621
84.56984017 0.9180707
84.53355962 0.9186723
84.49731026 0.9192658
84.46109197 0.9198517
84.42490472 0.9204304
84.38874839 0.9210038
84.35262309 0.9215745
84.3165287  0.9221452
84.28046519 0.9227188
84.24443245 0.9232985
84.20843057 0.9238862
84.17245945 0.9244835
84.13651905 0.9250909
84.10060926 0.9257079
84.06473018 0.926333
84.0288817  0.9269634
83.99306378 0.9275964
83.95727631 0.9282286
83.9215194  0.9288564
83.88579293 0.9294768
83.85009687 0.930087
83.8144311  0.930686
83.77879573 0.9312724
83.74319065 0.9318466
83.70761575 0.9324091
83.67207114 0.9329616
83.63655669 0.9335058
83.60107239 0.9340444
83.56561811 0.9345791
83.53019395 0.9351126
83.49479982 0.9356469
83.45943567 0.9361844
83.4241014  0.9367265
83.3887971  0.9372748
83.35352267 0.9378304
83.31827807 0.9383938
83.28306319 0.9389654
83.24787814 0.9395452
83.2127228  0.9401326
83.17759715 0.9407266
83.14250106 0.9413264
83.10743465 0.94193
83.07239781 0.9425356
83.03739043 0.9431412
83.00241261 0.9437444
82.96746424 0.9443427
82.93254529 0.9449341
82.89765565 0.9455169
82.86279543 0.9460897
82.82796451 0.9466525
82.79316287 0.9472059
82.75839038 0.9477509
82.72364716 0.9482907
82.6889331  0.9488277
82.65424817 0.9493651
82.61959225 0.9499055
82.58496544 0.9504513
82.55036765 0.9510031
82.51579884 0.9515609
82.4812589  0.9521232
82.44674793 0.9526876
82.41226583 0.953251
82.37781249 0.9538108
82.34338802 0.9543636
82.3089923  0.9549081
82.27462531 0.955443
82.24028693 0.9559687
82.20597728 0.9564861
82.17169624 0.9569978
82.13744377 0.9575062
82.10321979 0.9580141
82.06902438 0.9585245
82.03485744 0.9590392
82.00071894 0.9595601
81.96660878 0.9600875
81.93252705 0.9606209
81.89847364 0.9611602
81.86444854 0.9617032
81.83045162 0.9622477
81.796483   0.9627913
81.76254257 0.9633319
81.72863029 0.9638663
81.69474607 0.9643934
81.66089    0.9649115
81.62706197 0.9654199
81.5932619  0.9659196
81.55948987 0.9664119
81.52574579 0.9668993
81.49202962 0.9673842
81.45834125 0.9678692
81.4246808  0.9683568
81.39104815 0.9688486
81.35744328 0.9693441
81.32386608 0.9698423
81.29031664 0.9703408
81.25679488 0.970836
81.22330075 0.9713238
81.18983416 0.9718012
81.1563952  0.9722646
81.12298378 0.9727125
81.08959985 0.9731444
81.05624332 0.9735617
81.02291429 0.9739667
80.98961266 0.9743628
80.95633833 0.9747542
80.92309139 0.9751443
80.88987174 0.9755368
80.85667936 0.9759337
80.82351415 0.9763366
80.79037619 0.976746
80.7572654  0.9771608
80.72418174 0.9775797
80.6911251  0.9780011
80.6580956  0.9784223
80.62509312 0.9788418
80.59211764 0.9792581
80.55916905 0.9796702
80.52624747 0.9800777
80.49335277 0.9804801
80.46048495 0.9808787
80.42764388 0.9812737
80.39482969 0.9816654
80.36204225 0.9820551
80.32928149 0.9824426
80.29654748 0.9828274
80.26384015 0.9832092
80.23115945 0.9835871
80.19850529 0.9839601
80.16587776 0.9843269
80.13327677 0.9846865
80.10070228 0.9850382
80.06815421 0.9853814
80.03563263 0.9857166
80.00313747 0.9860435
79.97066868 0.9863631
79.93822617 0.986677
79.90581004 0.9869863
79.87342018 0.9872926
79.84105658 0.9875977
79.80871912 0.9879034
79.77640792 0.9882103
79.74412286 0.9885199
79.71186393 0.9888325
79.67963102 0.9891483
79.64742424 0.9894664
79.61524348 0.9897857
79.58308865 0.9901041
79.55095984 0.9904199
79.51885697 0.9907307
79.48678    0.9910347
79.45472883 0.9913304
79.42270356 0.9916162
79.3907041  0.9918925
79.35873041 0.9921591
79.32678241 0.9924166
79.29486018 0.9926669
79.26296363 0.9929096
79.23109273 0.9931462
79.19924739 0.9933769
79.1674277  0.993601
79.13563357 0.9938179
79.10386497 0.9940267
79.0721218  0.9942259
79.04040416 0.9944151
79.00871195 0.9945934
78.97704508 0.9947615
78.94540366 0.9949202
78.91378757 0.9950711
78.8821968  0.9952164
78.85063125 0.9953591
78.81909101 0.9955011
78.787576   0.995645
78.75608618 0.9957923
78.72462146 0.9959437
78.69318193 0.9960994
78.6617675  0.9962593
78.63037814 0.9964219
78.59901377 0.9965858
78.56767446 0.9967493
78.53636014 0.9969103
78.50507077 0.9970673
78.47380626 0.9972186
78.4425667  0.9973623
78.41135201 0.9974974
78.38016209 0.9976224
78.34899703 0.9977365
78.31785674 0.9978392
78.2867412  0.99793
78.25565031 0.9980095
78.22458417 0.9980769
78.19354269 0.9981336
78.16252583 0.9981796
78.13153351 0.9982159
78.10056581 0.998243
78.06962265 0.9982616
78.03870401 0.9982721
78.00780978 0.9982758
77.97694007 0.9982731
77.94609477 0.9982654
77.91527387 0.9982539
77.88447728 0.9982406
77.85370508 0.9982269
77.82295719 0.9982147
77.79223357 0.9982052
77.76153414 0.9981995
77.730859   0.9981979
77.70020805 0.9981994
77.66958119 0.9982032
77.63897854 0.9982069
77.60839999 0.9982066
77.57784552 0.9982001
77.54731503 0.9981839
77.51680863 0.9981553
77.48632622 0.9981127
77.45586777 0.9980558
77.4254332  0.9979855
77.3950226  0.9979046
77.36463588 0.9978167
77.33427301 0.9977255
77.3039339  0.9976365
77.27361865 0.9975535
77.24332716 0.9974791
77.21305942 0.9974153
77.18281532 0.9973616
77.15259497 0.9973156
77.12239828 0.9972736
77.09222515 0.9972303
77.06207569 0.99718
77.03194979 0.9971174
77.00184744 0.9970378
76.97176855 0.9969379
76.94171321 0.996816
76.91168133 0.9966729
76.88167289 0.9965099
76.85168779 0.996331
76.82172614 0.9961398
76.79178783 0.9959401
76.76187286 0.9957368
76.73198112 0.9955327
76.70211271 0.9953297
76.67226755 0.9951293
76.6424456  0.9949319
76.61264678 0.9947369
76.58287118 0.994543
76.55311873 0.9943497
76.52338932 0.9941552
76.49368305 0.9939592
76.46399983 0.9937607
76.43433965 0.9935596
76.4047024  0.9933552
76.37508819 0.9931479
76.34549693 0.9929371
76.31592859 0.9927226
76.28638308 0.9925038
76.2568605  0.9922802
76.22736077 0.9920501
76.19788384 0.9918133
76.16842965 0.9915681
76.13899828 0.9913143
76.10958964 0.9910511
76.08020372 0.9907782
76.05084042 0.9904959
76.02149983 0.9902047
75.99218187 0.989906
75.96288652 0.9896008
75.93361369 0.9892913
75.90436347 0.9889789
75.87513577 0.9886658
75.84593052 0.9883525
75.8167478  0.9880406
75.78758753 0.9877295
75.75844968 0.9874181
75.72933417 0.9871048
75.70024108 0.9867871
75.67117035 0.9864625
75.64212193 0.9861277
75.61309574 0.9857815
75.58409189 0.985422
75.55511027 0.9850487
75.52615087 0.9846625
75.49721361 0.984266
75.46829857 0.9838622
75.43940566 0.9834546
75.41053488 0.9830477
75.38168612 0.9826444
75.35285949 0.9822475
75.32405489 0.9818587
75.29527225 0.9814777
75.26651166 0.9811034
75.23777303 0.9807334
75.20905634 0.9803647
75.1803615  0.9799952
75.15168861 0.9796213
75.12303758 0.9792418
75.09440839 0.9788556
75.06580095 0.9784623
75.03721536 0.9780626
75.00865154 0.9776576
74.98010945 0.9772485
74.95158901 0.976837
74.92309032 0.976424
74.8946133  0.97601
74.86615791 0.9755949
74.83772409 0.9751791
74.80931191 0.9747618
74.78092129 0.9743423
74.75255216 0.97392
74.7242046  0.9734944
74.69587853 0.9730653
74.66757393 0.9726328
74.63929072 0.972197
74.61102898 0.9717588
74.58278864 0.9713183
74.55456966 0.9708754
74.52637198 0.9704302
74.49819567 0.9699826
74.47004066 0.9695311
74.44190692 0.969075
74.41379438 0.968613
74.38570311 0.9681437
74.35763305 0.967666
74.32958417 0.9671788
74.30155638 0.9666818
74.27354978 0.966175
74.24556428 0.965659
74.21759981 0.9651348
74.18965645 0.9646041
74.16173412 0.9640685
74.13383281 0.9635289
74.10595242 0.9629875
74.07809306 0.9624444
74.05025463 0.9619011
74.02243712 0.9613576
73.99464044 0.9608136
73.96686469 0.9602687
73.93910979 0.9597233
73.9113757  0.9591766
73.88366236 0.9586283
73.85596985 0.958079
73.82829808 0.9575296
73.80064705 0.95698
73.77301667 0.956431
73.74540702 0.9558836
73.71781803 0.955338
73.69024967 0.9547944
73.66270188 0.9542524
73.63517472 0.953712
73.60766814 0.9531723
73.58018204 0.9526321
73.55271651 0.9520898
73.52527148 0.9515446
73.49784693 0.9509953
73.47044277 0.9504405
73.44305909 0.9498793
73.41569582 0.9493116
73.38835293 0.9487379
73.36103035 0.9481583
73.33372815 0.9475744
73.30644627 0.9469882
73.27918469 0.9464015
73.25194331 0.9458171
73.22472224 0.9452365
73.19752139 0.9446621
73.17034075 0.9440947
73.14318022 0.9435343
73.11603991 0.9429809
73.08891973 0.9424329
73.06181961 0.941888
73.03473963 0.9413444
73.00767972 0.9407992
72.98063985 0.9402504
72.95361995 0.9396967
72.92662011 0.9391367
72.89964024 0.9385704
72.87268033 0.9379984
72.8457403  0.9374216
72.81882023 0.9368411
72.79192005 0.9362587
72.76503974 0.9356755
72.73817922 0.9350931
72.71133858 0.9345125
72.68451774 0.9339339
72.65771668 0.9333583
72.63093532 0.9327861
72.60417375 0.9322161
72.57743189 0.931648
72.55070968 0.9310809
72.52400719 0.9305134
72.49732434 0.9299437
72.47066113 0.9293707
72.44401746 0.928793
72.41739343 0.9282094
72.39078897 0.9276199
72.36420404 0.9270248
72.33763858 0.9264249
72.31109268 0.9258221
72.28456624 0.9252176
72.25805927 0.9246129
72.23157167 0.9240093
72.20510354 0.9234076
72.17865479 0.9228083
72.15222542 0.9222105
72.12581534 0.9216133
72.09942465 0.9210166
72.07305325 0.9204194
72.04670114 0.9198214
72.02036825 0.9192232
71.99405464 0.918626
71.96776026 0.9180307
71.94148503 0.9174393
71.91522903 0.9168531
71.88899218 0.9162731
71.86277447 0.9156997
71.83657583 0.9151323
71.81039633 0.91457
71.78423591 0.9140114
71.75809454 0.9134545
71.73197215 0.9128978
71.70586883 0.9123403
71.6797845  0.9117808
71.65371913 0.9112185
71.62767267 0.9106535
71.60164519 0.9100861
71.57563661 0.9095163
71.54964692 0.9089442
71.52367605 0.9083705
71.49772408 0.907795
71.47179093 0.9072186
71.44587654 0.9066409
71.41998098 0.9060628
71.39410419 0.9054852
71.36824614 0.9049091
71.34240677 0.9043348
71.31658615 0.9037635
71.29078422 0.9031957
71.26500094 0.902631
71.23923626 0.9020695
71.21349026 0.9015102
71.18776285 0.9009517
71.16205403 0.9003936
71.13636372 0.8998339
71.11069201 0.8992729
71.08503881 0.8987103
71.05940412 0.8981462
71.03378786 0.8975825
71.00819011 0.89702
70.9826108  0.896461
70.95704987 0.895907
70.93150739 0.8953595
70.90598329 0.8948191
70.88047755 0.8942869
70.85499011 0.8937621
70.82952104 0.8932444
70.80407027 0.8927329
70.77863779 0.892226
70.75322352 0.8917221
70.72782755 0.8912197
70.70244979 0.8907173
70.67709025 0.8902135
70.65174884 0.8897071
70.62642564 0.8891972
70.6011206  0.8886836
70.57583368 0.888166
70.55056481 0.8876451
70.52531409 0.8871222
70.50008143 0.8865979
70.47486682 0.8860748
70.44967019 0.8855548
70.42449162 0.8850401
70.39933105 0.8845324
70.37418839 0.8840337
70.34906374 0.8835446
70.32395702 0.8830655
70.29886821 0.8825962
70.27379726 0.882135
70.24874422 0.8816803
70.22370904 0.8812296
70.1986917  0.8807802
70.17369213 0.8803302
70.14871041 0.8798776
70.12374647 0.8794206
70.09880029 0.8789595
70.07387181 0.8784941
70.04896109 0.8780263
70.02406808 0.8775576
69.99919276 0.8770905
69.97433506 0.8766274
69.94949505 0.876171
69.92467267 0.8757229
69.89986786 0.8752842
69.87508068 0.8748558
69.85031108 0.8744379
69.82555904 0.8740288
69.80082448 0.8736284
69.77610749 0.873234
69.75140799 0.8728442
69.72672598 0.8724575
69.70206138 0.8720719
69.67741427 0.8716854
69.65278458 0.8712975
69.6281723  0.8709059
69.60357736 0.8705094
69.57899984 0.8701072
69.55443967 0.8696977
69.52989683 0.8692809
69.50537126 0.8688561
69.48086303 0.8684234
69.45637208 0.8679843
69.43189834 0.8675401
69.40744189 0.8670931
69.38300266 0.866646
69.35858064 0.8662018
69.33417576 0.8657635
69.30978809 0.8653339
69.28541757 0.8649151
69.26106419 0.8645082
69.23672787 0.8641143
69.21240869 0.8637331
69.18810659 0.8633636
69.16382156 0.863004
69.13955351 0.8626532
69.11530254 0.8623086
69.09106858 0.8619688
69.0668516  0.8616313
69.04265155 0.8612949
69.0184685  0.8609579
68.99430238 0.8606197
68.97015318 0.860279
68.94602083 0.8599353
68.92190541 0.8595884
68.89780685 0.8592383
68.8737251  0.8588855
68.84966021 0.8585305
68.82561214 0.8581749
68.80158087 0.85782
68.77756632 0.8574681
68.75356858 0.8571205
68.72958757 0.8567795
68.7056233  0.8564461
68.68167568 0.8561215
68.65774479 0.8558062
68.63383058 0.8554996
68.60993301 0.8552015
68.58605204 0.8549102
68.56218774 0.8546247
68.53834003 0.8543435
68.51450891 0.8540652
68.49069431 0.8537894
68.4668963  0.8535159
68.44311483 0.8532451
68.41934983 0.8529777
68.39560136 0.8527151
68.37186938 0.8524588
68.34815387 0.8522102
68.32445475 0.8519707
68.30077211 0.8517411
68.27710588 0.8515216
68.25345605 0.8513116
68.22982255 0.85111
68.20620545 0.8509159
68.1826047  0.8507273
68.15902028 0.8505419
68.13545212 0.8503586
68.11190029 0.8501758
68.08836475 0.849992
68.06484547 0.8498066
68.04134238 0.8496194
68.01785556 0.8494298
67.99438495 0.849238
67.97093049 0.8490441
67.94749225 0.8488476
67.92407017 0.8486488
67.90066423 0.8484474
67.87727437 0.8482432
67.85390067 0.8480369
67.83054305 0.8478292
67.80720152 0.8476207
67.78387599 0.8474133
67.76056656 0.8472089
67.73727314 0.847009
67.71399574 0.8468157
67.69073429 0.8466301
67.66748886 0.8464533
67.64425938 0.8462852
67.62104585 0.8461255
67.59784821 0.8459727
67.57466651 0.8458257
67.55150072 0.8456829
67.5283508  0.8455431
67.50521669 0.8454057
67.48209848 0.8452702
67.4589961  0.8451381
67.43590948 0.84501
67.41283871 0.8448876
67.38978371 0.8447722
67.36674448 0.8446656
67.34372095 0.844568
67.3207132  0.8444794
67.29772117 0.8443993
67.27474483 0.8443264
67.25178413 0.8442582
67.22883915 0.8441927
67.20590982 0.8441283
67.18299612 0.8440627
67.160098   0.8439956
67.13721552 0.8439261
67.11434863 0.843855
67.09149732 0.8437836
67.06866151 0.8437132
67.04584129 0.843646
67.0230366  0.8435833
67.00024736 0.8435268
66.97747367 0.8434769
66.95471545 0.8434345
66.93197269 0.8433995
66.90924533 0.8433717
66.88653345 0.8433502
66.86383698 0.8433344
66.84115591 0.8433233
66.81849017 0.843316
66.79583985 0.8433113
66.77320487 0.843308
66.75058524 0.8433052
66.72798087 0.8433009
66.70539186 0.8432942
66.68281813 0.8432834
66.66025968 0.8432679
66.63771644 0.8432474
66.61518849 0.8432224
66.59267577 0.8431942
66.57017821 0.8431652
66.54769589 0.8431386
66.52522875 0.8431178
66.50277678 0.843107
66.48033991 0.8431094
66.45791823 0.8431277
66.43551166 0.8431635
66.41312019 0.8432159
66.39074377 0.843284
66.36838247 0.8433641
66.34603622 0.8434528
66.32370502 0.843546
66.3013888  0.8436398
66.27908764 0.8437314
66.25680147 0.8438182
66.23453029 0.8439
66.21227403 0.8439765
66.19003277 0.8440487
66.16780644 0.8441187
66.14559504 0.8441885
66.1233985  0.8442609
66.10121689 0.8443376
66.07905017 0.8444216
66.05689826 0.844514
66.03476124 0.8446163
66.01263905 0.8447289
65.99053168 0.8448523
65.96843907 0.8449858
65.94636129 0.8451288
65.92429829 0.84528
65.90225004 0.8454379
65.88021649 0.8456008
65.85819771 0.8457668
65.83619365 0.8459342
65.81420428 0.846101
65.79222956 0.8462658
65.77026954 0.8464277
65.74832419 0.8465856
65.72639347 0.8467397
65.70447733 0.8468898
65.68257585 0.8470366
65.66068897 0.8471812
65.63881662 0.8473245
65.61695889 0.8474679
65.5951157  0.8476127
65.57328706 0.8477602
65.55147289 0.8479112
65.52967328 0.8480666
65.50788816 0.848227
65.48611752 0.848392
65.4643613  0.8485616
65.44261958 0.8487349
65.42089229 0.8489113
65.39917943 0.8490902
65.37748093 0.8492708
65.35579687 0.8494534
65.33412718 0.8496384
65.31247187 0.8498266
65.29083086 0.8500194
65.26920423 0.8502182
65.24759192 0.8504248
65.22599388 0.8506401
65.20441017 0.8508651
65.18284074 0.8511001
65.16128558 0.8513442
65.13974463 0.8515967
65.11821796 0.8518562
65.09670551 0.8521214
65.07520727 0.8523912
65.05372318 0.8526649
65.03225332 0.8529427
65.01079762 0.8532238
64.98935607 0.8535092
64.96792862 0.8537992
64.94651534 0.8540936
64.92511617 0.854392
64.9037311  0.8546937
64.88236007 0.8549973
64.86100315 0.8553014
64.83966028 0.855604
64.81833146 0.8559039
64.79701662 0.8561995
64.77571583 0.8564908
64.75442905 0.8567773
64.73315621 0.857059
64.71189738 0.8573377
64.69065252 0.857614
64.6694216  0.8578894
64.64820456 0.8581652
64.62700149 0.8584429
64.60581232 0.8587244
64.58463704 0.8590109
64.56347559 0.8593035
64.54232805 0.8596034
64.52119436 0.8599122
64.50007451 0.8602298
64.47896843 0.8605573
64.4578762  0.8608945
64.43679777 0.8612409
64.41573312 0.8615957
64.3946822  0.8619579
64.37364507 0.8623261
64.35262168 0.8626987
64.33161198 0.8630744
64.31061604 0.8634514
64.28963379 0.8638293
64.26866523 0.8642061
64.24771031 0.8645821
64.22676908 0.8649555
64.2058415  0.8653268
64.18492756 0.8656954
64.16402719 0.8660617
64.14314048 0.8664262
64.12226735 0.8667896
64.10140781 0.8671536
64.0805618  0.8675196
64.05972937 0.8678889
64.03891049 0.8682634
64.01810514 0.8686443
63.99731326 0.8690321
63.97653492 0.8694278
63.95577007 0.869831
63.93501866 0.8702411
63.91428074 0.8706573
63.89355628 0.8710784
63.87284525 0.8715033
63.8521476  0.8719308
63.83146341 0.8723605
63.81079261 0.8727915
63.79013519 0.8732234
63.7694911  0.8736559
63.74886042 0.8740888
63.72824307 0.8745221
63.70763906 0.8749558
63.68704833 0.8753896
63.66647094 0.8758231
63.64590684 0.8762565
63.62535603 0.8766897
63.60481844 0.8771217
63.58429415 0.8775528
63.56378309 0.8779823
63.54328523 0.8784099
63.52280062 0.8788348
63.50232922 0.879257
63.481871   0.8796769
63.46142593 0.8800954
63.44099406 0.8805136
63.42057534 0.8809339
63.40016976 0.8813587
63.37977726 0.8817915
63.35939792 0.8822344
63.33903169 0.8826894
63.31867854 0.8831576
63.29833842 0.8836386
63.27801142 0.8841311
63.25769746 0.884632
63.23739654 0.8851379
63.21710861 0.8856451
63.19683373 0.8861508
63.17657185 0.8866523
63.15632296 0.8871484
63.136087   0.8876392
63.11586405 0.8881263
63.09565405 0.888611
63.07545695 0.8890962
63.05527281 0.8895841
63.03510159 0.8900765
63.01494327 0.8905742
62.9947978  0.8910778
62.97466524 0.8915865
62.95454555 0.8920996
62.93443871 0.8926159
62.91434467 0.893134
62.8942635  0.8936537
62.87419514 0.8941746
62.85413959 0.8946968
62.83409679 0.8952209
62.8140668  0.8957472
62.79404958 0.8962766
62.77404512 0.8968086
62.75405335 0.8973432
62.73407436 0.8978795
62.71410808 0.8984168
62.69415447 0.8989538
62.67421359 0.8994896
62.65428539 0.9000236
62.63436987 0.9005553
62.61446696 0.9010842
62.59457673 0.9016111
62.57469913 0.9021359
62.55483416 0.9026591
62.53498176 0.9031807
62.51514199 0.9037009
62.4953148  0.90422
62.47550019 0.9047375
62.4556981  0.9052538
62.4359086  0.9057691
62.41613164 0.9062834
62.3963672  0.906798
62.37661523 0.907313
62.35687581 0.9078299
62.33714887 0.9083495
62.31743438 0.908873
62.29773238 0.9094009
62.27804285 0.9099343
62.25836575 0.9104731
62.23870104 0.9110174
62.2190488  0.911567
62.19940896 0.9121216
62.17978151 0.9126806
62.16016641 0.9132433
62.14056372 0.9138088
62.12097338 0.9143763
62.1013954  0.9149446
62.08182972 0.9155123
62.06227639 0.9160777
62.04273538 0.9166397
62.02320668 0.9171965
62.00369022 0.9177467
61.98418608 0.9182899
61.96469421 0.9188251
61.94521459 0.9193528
61.92574718 0.9198737
61.90629204 0.9203888
61.88684912 0.9209
61.86741837 0.9214093
61.84799985 0.9219183
61.82859353 0.9224293
61.80919937 0.9229436
61.78981734 0.923462
61.77044751 0.9239853
61.75108981 0.924513
61.73174424 0.9250454
61.71241075 0.9255809
61.6930894  0.9261191
61.67378015 0.9266591
61.65448298 0.9272001
61.63519785 0.9277415
61.61592481 0.9282824
61.59666383 0.9288232
61.57741488 0.9293629
61.55817792 0.9299021
61.53895302 0.9304404
61.51974012 0.9309772
61.50053917 0.9315126
61.48135024 0.9320455
61.46217329 0.9325758
61.44300829 0.933103
61.42385521 0.9336261
61.4047141  0.934145
61.38558491 0.9346597
61.36646764 0.9351704
61.34736224 0.9356779
61.32826877 0.9361827
61.30918717 0.9366865
61.29011745 0.9371903
61.27105955 0.9376953
61.25201354 0.938203
61.23297936 0.9387139
61.21395701 0.9392285
61.19494644 0.9397472
61.17594771 0.9402686
61.15696077 0.9407929
61.13798557 0.941318
61.11902219 0.9418429
61.10007056 0.9423667
61.08113069 0.9428876
61.06220251 0.9434055
61.0432861  0.9439198
61.02438141 0.9444309
61.00548842 0.9449394
60.98660709 0.9454463
60.96773748 0.9459524
60.94887955 0.9464588
60.93003327 0.9469661
60.91119861 0.9474744
60.89237563 0.947983
60.87356428 0.9484912
60.85476455 0.9489976
60.83597639 0.9495001
60.81719986 0.9499968
60.79843492 0.950486
60.77968156 0.9509661
60.76093973 0.9514362
60.74220948 0.9518963
60.72349078 0.952347
60.70478358 0.9527896
60.68608794 0.9532257
60.66740381 0.9536578
60.64873118 0.9540883
60.63007    0.9545192
60.61142035 0.9549519
60.59278216 0.9553878
60.57415543 0.9558275
60.55554011 0.9562699
60.53693627 0.9567148
60.51834385 0.9571603
60.49976285 0.9576049
60.48119322 0.9580467
60.46263503 0.9584838
60.44408822 0.958915
60.42555278 0.9593398
60.40702867 0.9597575
60.38851595 0.9601685
60.37001458 0.9605734
60.3515245  0.960973
60.33304579 0.9613689
60.31457838 0.9617621
60.29612228 0.9621531
60.27767743 0.9625431
60.2592439  0.9629323
60.24082164 0.96332
60.22241064 0.9637068
60.20401085 0.9640914
60.18562234 0.9644743
60.16724506 0.9648549
60.148879   0.9652341
60.13052411 0.965612
60.11218046 0.9659897
60.093848   0.9663685
60.07552671 0.9667488
60.05721656 0.9671314
60.0389176  0.9675156
60.02062979 0.9679007
60.00235308 0.9682845
59.98408753 0.9686644
59.9658331  0.9690374
59.94758978 0.9694001
59.92935751 0.9697499
59.91113638 0.9700851
59.89292631 0.9704051
59.87472732 0.9707102
59.85653934 0.9710028
59.83836245 0.9712859
59.82019659 0.9715636
59.80204176 0.9718402
59.78389791 0.9721203
59.7657651  0.9724078
59.74764329 0.9727056
59.72953247 0.9730149
59.71143258 0.9733366
59.6933437  0.9736694
59.67526577 0.9740111
59.65719879 0.974359
59.63914272 0.9747094
59.6210976  0.9750582
59.6030634  0.9754025
59.58504007 0.9757389
59.56702767 0.9760649
59.54902616 0.9763795
59.53103553 0.9766824
59.51305573 0.9769734
59.49508682 0.9772544
59.47712876 0.9775265
59.45918153 0.9777918
59.4412451  0.9780524
59.42331953 0.9783096
59.40540476 0.978565
59.38750079 0.9788194
59.36960757 0.9790725
59.35172517 0.9793246
59.33385353 0.979575
59.31599266 0.9798235
59.2981425  0.9800692
59.28030312 0.9803118
59.26247446 0.9805511
59.2446565  0.9807873
59.22684927 0.9810198
59.20905275 0.981249
59.19126693 0.9814747
59.17349175 0.9816963
59.15572727 0.9819141
59.13797346 0.9821271
59.1202303  0.9823352
59.10249776 0.9825378
59.08477588 0.9827349
59.06706462 0.982927
59.04936398 0.9831136
59.03167391 0.9832963
59.01399448 0.9834753
58.99632562 0.9836505
58.97866735 0.9838228
58.96101961 0.9839914
58.94338246 0.9841558
58.92575586 0.984315
58.90813976 0.9844679
58.89053423 0.9846132
58.87293922 0.98475
58.85535472 0.9848772
58.83778068 0.9849952
58.82021718 0.9851043
58.80266415 0.9852052
58.7851216  0.9852996
58.76758948 0.9853896
58.75006784 0.9854779
58.73255665 0.9855663
58.7150559  0.985657
58.69756554 0.9857521
58.68008563 0.9858524
58.66261613 0.9859578
58.64515703 0.9860681
58.62770828 0.9861818
58.61026995 0.9862979
58.59284198 0.9864143
58.57542438 0.9865288
58.5580171  0.9866401
58.54062019 0.9867467
58.52323362 0.9868469
58.50585734 0.9869402
58.4884914  0.987026
58.47113578 0.9871041
58.45379045 0.9871736
58.43645537 0.9872351
58.41913061 0.987288
58.40181612 0.9873322
58.38451188 0.9873683
58.36721787 0.9873956
58.34993413 0.9874144
58.33266062 0.9874251
58.31539734 0.9874273
58.29814424 0.9874218
58.28090138 0.9874085
58.26366871 0.9873881
58.24644624 0.9873603
58.2292339  0.9873252
58.21203178 0.9872831
58.19483981 0.9872341
58.17765796 0.9871778
58.16048629 0.9871154
58.14332475 0.9870471
58.12617333 0.9869744
58.109032   0.9868983
58.09190081 0.9868213
58.07477971 0.9867447
58.05766871 0.9866709
58.04056775 0.9866007
58.0234769  0.9865356
58.00639611 0.9864758
57.98932537 0.9864213
57.97226464 0.986371
57.95521399 0.9863231
57.93817336 0.9862762
57.92114274 0.9862274
57.90412211 0.9861751
57.8871115  0.9861173
57.87011089 0.9860523
57.85312023 0.9859788
57.83613958 0.9858962
57.81916889 0.9858048
57.80220815 0.9857048
57.78525733 0.9855972
57.76831649 0.9854831
57.75138557 0.985364
57.73446458 0.985241
57.71755346 0.985115
57.70065228 0.9849864
57.683761   0.9848555
57.6668796  0.9847217
57.65000805 0.9845837
57.6331464  0.9844401
57.61629461 0.9842889
57.59945268 0.9841285
57.58262055 0.9839574
57.56579829 0.9837744
57.54898586 0.9835787
57.53218325 0.983371
57.51539041 0.9831522
57.4986074  0.9829241
57.48183419 0.9826884
57.46507072 0.9824483
57.44831707 0.9822065
57.43157318 0.9819658
57.41483904 0.9817291
57.39811463 0.981499
57.38139998 0.981277
57.36469507 0.9810647
57.34799988 0.9808624
57.33131438 0.9806694
57.31463861 0.9804844
57.29797254 0.9803044
57.28131617 0.9801257
57.26466944 0.979945
57.24803241 0.9797571
57.23140505 0.9795577
57.21478734 0.9793425
57.19817925 0.9791089
57.18158084 0.9788545
57.16499205 0.9785783
57.14841285 0.9782817
57.1318433  0.9779667
57.11528335 0.9776371
57.098733   0.9772963
57.08219221 0.9769491
57.06566103 0.9765987
57.04913942 0.976249
57.03262738 0.9759021
57.01612486 0.9755589
56.99963192 0.9752197
56.98314852 0.9748839
56.96667465 0.9745499
56.95021027 0.9742163
56.93375543 0.9738823
56.9173101  0.9735474
56.90087427 0.9732115
56.8844479  0.9728754
56.86803104 0.9725406
56.85162366 0.972208
56.8352257  0.9718792
56.81883724 0.9715546
56.80245822 0.9712341
56.78608864 0.970916
56.76972847 0.9705985
56.75337775 0.9702786
56.73703644 0.9699532
56.72070455 0.9696195
56.70438202 0.9692747
56.68806891 0.9689174
56.67176519 0.9685472
56.65547085 0.9681646
56.63918584 0.9677703
56.62291022 0.9673675
56.60664395 0.9669577
56.59038702 0.966544
56.5741394  0.9661283
56.55790114 0.9657124
56.54167219 0.9652973
56.52545253 0.964883
56.5092422  0.9644693
56.49304116 0.9640549
56.47684941 0.9636385
56.46066691 0.9632186
56.44449371 0.9627932
56.42832977 0.962361
56.41217509 0.9619208
56.39602963 0.9614719
56.37989343 0.9610132
56.36376647 0.9605454
56.34764873 0.9600683
56.33154017 0.9595837
56.31544085 0.959092
56.29935074 0.9585944
56.28326981 0.9580927
56.26719804 0.9575883
56.25113547 0.9570828
56.23508207 0.9565766
56.21903784 0.9560716
56.20300272 0.9555682
56.18697678 0.9550673
56.17095997 0.9545699
56.15495227 0.9540766
56.13895371 0.9535884
56.12296427 0.9531057
56.10698394 0.9526286
56.09101267 0.9521576
56.07505052 0.9516916
56.05909746 0.9512298
56.04315347 0.9507704
56.02721852 0.9503113
56.01129265 0.94985
55.99537584 0.9493836
55.97946807 0.9489098
55.96356931 0.948427
55.9476796  0.9479339
55.93179892 0.9474298
55.91592725 0.9469159
55.90006455 0.9463934
55.88421088 0.9458635
55.8683662  0.9453293
55.85253047 0.944793
55.83670375 0.9442565
55.820886   0.9437223
55.8050772  0.9431913
55.78927733 0.942665
55.77348643 0.942143
55.75770446 0.9416258
55.74193143 0.9411129
55.72616728 0.9406036
55.71041209 0.9400971
55.69466579 0.9395925
55.6789284  0.9390889
55.66319987 0.938585
55.64748025 0.9380801
55.6317695  0.9375734
55.61606763 0.9370641
55.60037459 0.9365519
55.58469043 0.9360367
55.56901511 0.9355183
55.55334861 0.9349962
55.53769096 0.9344706
55.52204214 0.9339409
55.50640214 0.9334073
55.49077091 0.9328681
55.47514852 0.9323231
55.45953492 0.9317711
55.44393011 0.9312111
55.42833404 0.9306427
55.41274678 0.930066
55.39716828 0.9294818
55.38159854 0.9288917
55.36603752 0.9282979
55.35048527 0.9277027
55.33494175 0.9271091
55.31940696 0.9265199
55.30388087 0.9259366
55.28836351 0.9253614
55.27285486 0.9247944
55.25735491 0.9242359
55.24186362 0.923685
55.22638104 0.9231408
55.21090714 0.9226022
55.19544188 0.9220682
55.17998531 0.9215378
55.16453739 0.9210113
55.14909812 0.9204884
55.13366746 0.9199693
55.11824547 0.9194542
55.1028321  0.9189441
55.08742734 0.9184378
55.07203117 0.9179355
55.05664363 0.9174365
55.04126469 0.9169396
55.02589433 0.9164436
55.01053253 0.9159473
54.99517933 0.9154494
54.97983471 0.9149487
54.96449864 0.9144444
54.94917109 0.913935
54.93385212 0.9134198
54.91854169 0.9128973
54.90323976 0.9123663
54.88794639 0.9118258
54.87266153 0.9112753
54.85738519 0.9107143
54.84211732 0.9101436
54.82685797 0.909565
54.81160711 0.9089807
54.79636474 0.9083945
54.78113081 0.9078107
54.76590538 0.9072334
54.75068841 0.9066662
54.73547989 0.9061126
54.72027979 0.9055738
54.70508816 0.9050506
54.68990496 0.9045408
54.67473019 0.9040417
54.65956381 0.9035491
54.64440587 0.9030588
54.62925633 0.9025656
54.61411516 0.9020661
54.59898241 0.9015573
54.58385805 0.9010384
54.56874206 0.9005092
54.55363442 0.8999726
54.53853516 0.8994313
54.52344426 0.8988893
54.50836171 0.8983507
54.49328748 0.8978191
54.47822161 0.8972973
54.46316406 0.8967869
54.44811484 0.8962879
54.4330739  0.8957993
54.4180413  0.895319
54.403017   0.8948442
54.388001   0.8943714
54.37299325 0.8938983
54.35799381 0.8934219
54.34300264 0.892941
54.32801974 0.8924543
54.31304508 0.8919619
54.29807869 0.8914643
54.28312055 0.8909633
54.26817062 0.89046
54.25322895 0.8899564
54.2382955  0.8894534
54.22337028 0.8889521
54.20845324 0.8884535
54.19354443 0.8879573
54.17864382 0.8874633
54.1637514  0.8869713
54.14886714 0.8864803
54.13399109 0.88599
54.1191232  0.8855004
54.10426348 0.8850114
54.08941189 0.8845232
54.07456848 0.8840367
54.05973322 0.8835526
54.04490609 0.8830722
54.03008707 0.8825963
54.0152762  0.8821257
54.00047344 0.881661
53.98567877 0.881202
53.97089223 0.8807482
53.95611379 0.8802987
53.94134344 0.8798527
53.92658115 0.8794078
53.91182696 0.8789628
53.89708085 0.8785158
53.88234279 0.8780654
53.86761277 0.8776106
53.85289083 0.8771514
53.83817693 0.8766878
53.82347107 0.8762211
53.80877322 0.8757529
53.79408342 0.8752852
53.77940163 0.8748204
53.76472786 0.8743603
53.75006207 0.8739071
53.7354043  0.8734624
53.72075452 0.8730272
53.7061127  0.8726019
53.69147889 0.8721862
53.67685305 0.8717793
53.66223518 0.8713804
53.64762524 0.8709886
53.63302328 0.8706023
53.61842927 0.870221
53.6038432  0.8698435
53.58926503 0.8694702
53.57469482 0.8691002
53.56013253 0.8687336
53.54557815 0.8683705
53.53103166 0.8680102
53.51649309 0.8676521
53.50196242 0.8672951
53.48743963 0.8669379
53.4729247  0.8665789
53.45841768 0.8662164
53.44391852 0.8658491
53.42942723 0.8654759
53.41494376 0.8650966
53.40046817 0.8647117
53.38600043 0.8643221
53.3715405  0.8639304
53.35708842 0.8635386
53.34264417 0.8631496
53.32820774 0.8627656
53.31377909 0.8623886
53.29935828 0.86202
53.28494526 0.8616604
53.27054004 0.8613091
53.25614257 0.8609657
53.24175292 0.8606285
53.22737104 0.8602964
53.21299692 0.8599681
53.19863054 0.8596441
53.18427194 0.8593242
53.1699211  0.8590097
53.15557799 0.8587022
53.14124259 0.8584031
53.12691495 0.8581139
53.11259504 0.8578346
53.09828281 0.8575647
53.08397832 0.8573021
53.06968154 0.857044
53.05539246 0.8567865
53.04111104 0.8565254
53.02683734 0.8562574
53.01257131 0.855979
52.99831296 0.8556895
52.98406225 0.8553888
52.96981923 0.8550795
52.95558387 0.8547649
52.94135615 0.8544508
52.92713605 0.8541422
52.91292362 0.8538454
52.89871881 0.8535646
52.88452163 0.8533036
52.87033205 0.8530639
52.8561501  0.8528456
52.84197575 0.8526459
52.82780898 0.8524618
52.81364984 0.8522869
52.79949828 0.8521174
52.7853543  0.8519472
52.77121787 0.8517718
52.75708903 0.8515877
52.74296776 0.8513929
52.72885405 0.8511862
52.71474787 0.8509682
52.70064925 0.8507403
52.68655817 0.8505045
52.67247463 0.8502632
52.65839859 0.8500192
52.6443301  0.8497749
52.63026912 0.8495327
52.61621565 0.8492944
52.60216966 0.8490615
52.58813119 0.8488355
52.57410021 0.8486171
52.56007672 0.8484073
52.54606068 0.848207
52.53205214 0.8480167
52.51805106 0.8478369
52.50405742 0.8476679
52.49007127 0.8475097
52.47609256 0.847362
52.4621213  0.847224
52.44815744 0.8470946
52.43420105 0.8469726
52.42025208 0.8468565
52.40631053 0.846745
52.39237637 0.8466362
52.37844964 0.8465295
52.36453032 0.846424
52.35061839 0.8463188
52.33671382 0.8462146
52.32281666 0.846111
52.30892689 0.846009
52.29504448 0.8459084
52.28116942 0.8458099
52.26730174 0.8457132
52.25344142 0.8456179
52.23958842 0.8455237
52.22574279 0.8454297
52.2119045  0.845335
52.19807353 0.8452395
52.18424987 0.8451425
52.17043356 0.8450449
52.15662456 0.8449471
52.14282286 0.8448505
52.12902845 0.8447566
52.11524135 0.8446676
52.10146155 0.8445845
52.08768903 0.844509
52.07392377 0.8444416
52.0601658  0.8443823
52.0464151  0.8443308
52.03267167 0.8442855
52.01893546 0.8442451
52.00520653 0.8442076
51.99148485 0.8441713
51.97777038 0.8441346
51.96406317 0.8440967
51.95036319 0.8440561
51.93667042 0.8440129
51.92298485 0.8439671
51.90930652 0.8439194
51.89563539 0.8438705
51.88197146 0.8438216
51.86831469 0.8437738
51.85466514 0.8437288
51.84102278 0.8436877
51.82738759 0.8436521
51.81375954 0.843623
51.80013868 0.8436024
51.78652499 0.8435908
51.77291845 0.8435889
51.75931903 0.8435975
51.74572677 0.8436163
51.73214166 0.8436449
51.71856368 0.8436826
51.70499279 0.8437279
51.69142906 0.84378
51.67787243 0.8438363
51.66432289 0.8438956
51.65078048 0.8439562
51.63724517 0.8440171
51.62371695 0.8440773
51.61019579 0.8441373
51.59668174 0.8441972
51.58317476 0.8442589
51.56967485 0.8443236
51.55618198 0.844394
51.54269619 0.8444716
51.52921746 0.8445582
51.51574578 0.8446547
51.50228111 0.8447616
51.48882351 0.8448773
51.47537293 0.8450004
51.46192938 0.8451283
51.44849283 0.8452578
51.43506332 0.8453861
51.42164081 0.8455114
51.40822528 0.8456321
51.39481678 0.8457485
51.38141527 0.8458619
51.36802075 0.8459746
51.35463318 0.8460893
51.34125262 0.846209
51.32787902 0.8463364
51.3145124  0.846473
51.3011527  0.8466193
51.28779999 0.8467749
51.27445422 0.8469381
51.2611154  0.8471066
51.24778349 0.8472776
51.23445854 0.8474488
51.22114052 0.8476182
51.20782942 0.8477849
51.19452521 0.847949
51.18122794 0.8481116
51.16793757 0.8482744
51.15465408 0.8484394
51.14137751 0.8486097
51.12810783 0.8487868
51.11484503 0.8489726
51.10158909 0.8491678
51.08834004 0.8493721
51.07509787 0.8495845
51.06186255 0.849803
51.04863407 0.8500255
51.03541247 0.8502494
51.02219771 0.8504722
51.0089898  0.8506916
50.9957887  0.8509063
50.98259445 0.8511158
50.96940703 0.85132
50.95622643 0.85152
50.94305262 0.8517181
50.92988564 0.8519163
50.91672547 0.8521166
50.90357208 0.8523219
50.8904255  0.852534
50.87728571 0.8527534
50.86415271 0.8529818
50.85102646 0.8532184
50.837907   0.8534625
50.82479432 0.8537132
50.81168839 0.8539695
50.7985892  0.8542303
50.78549679 0.8544948
50.77241112 0.8547629
50.7593322  0.8550348
50.74625999 0.8553107
50.73319453 0.8555915
50.7201358  0.8558776
50.70708379 0.8561696
50.69403847 0.8564675
50.68099989 0.8567714
50.66796801 0.8570808
50.65494283 0.8573951
50.64192432 0.8577133
50.62891253 0.8580348
50.61590742 0.8583586
50.60290897 0.8586839
50.58991721 0.8590102
50.57693213 0.859337
50.56395371 0.8596635
50.55098192 0.8599905
50.53801681 0.8603174
50.52505835 0.8606453
50.51210654 0.8609748
50.49916133 0.8613069
50.48622279 0.8616422
50.47329088 0.861982
50.46036558 0.8623269
50.44744688 0.8626775
50.43453482 0.8630334
50.42162937 0.8633937
50.40873052 0.8637577
50.39583824 0.8641237
50.38295258 0.86449
50.37007351 0.8648553
50.357201   0.8652187
50.34433509 0.8655791
50.33147575 0.8659369
50.31862298 0.8662926
50.30577675 0.8666481
50.2929371  0.8670045
50.280104   0.8673643
50.26727745 0.867729
50.25445741 0.8680997
50.24164394 0.868478
50.22883701 0.8688641
50.2160366  0.8692575
50.20324268 0.8696578
50.19045531 0.8700637
50.17767445 0.8704735
50.1649001  0.8708862
50.15213223 0.8713
50.13937088 0.8717146
50.12661602 0.8721286
50.11386763 0.8725422
50.10112574 0.872956
50.08839033 0.8733705
50.07566139 0.873786
50.0629389  0.8742046
50.0502229  0.8746265
50.03751335 0.8750526
50.02481025 0.8754828
50.01211358 0.875917
49.99942338 0.8763548
49.98673962 0.8767948
49.97406229 0.8772363
49.96139136 0.8776782
49.94872688 0.8781201
49.93606882 0.8785614
49.92341718 0.879003
49.91077192 0.8794455
49.89813309 0.8798901
49.88550065 0.8803383
49.87287462 0.8807912
49.86025494 0.8812495
49.84764168 0.8817129
49.8350348  0.8821812
49.82243426 0.8826531
49.80984013 0.8831267
49.79725235 0.8836007
49.78467094 0.8840733
49.77209586 0.8845434
49.75952716 0.8850115
49.7469648  0.8854776
49.73440878 0.8859432
49.72185908 0.8864107
49.70931573 0.8868822
49.69677871 0.8873597
49.68424801 0.8878447
49.6717236  0.8883382
49.65920553 0.88884
49.64669377 0.8893492
49.63418831 0.8898641
49.62168913 0.8903826
49.60919626 0.8909023
49.59670969 0.8914211
49.58422937 0.891937
49.57175536 0.8924487
49.55928762 0.8929555
49.54682615 0.8934567
49.53437092 0.8939533
49.52192198 0.8944448
49.50947929 0.8949321
49.49704285 0.8954152
49.48461264 0.8958946
49.47218869 0.8963706
49.45977098 0.8968439
49.4473595  0.8973146
49.43495422 0.8977844
49.42255519 0.8982546
49.41016238 0.8987274
49.39777578 0.8992057
49.38539537 0.8996918
49.37302119 0.900188
49.3606532  0.9006966
49.34829139 0.9012187
49.33593579 0.9017543
49.32358637 0.902302
49.31124314 0.9028598
49.29890606 0.9034246
49.28657517 0.9039929
49.27425045 0.9045612
49.2619319  0.9051263
49.24961948 0.9056856
49.23731323 0.9062379
49.22501313 0.9067812
49.21271918 0.9073169
49.20043134 0.9078441
49.18814966 0.9083654
49.17587411 0.9088817
49.16360469 0.9093957
49.15134136 0.9099088
49.13908418 0.9104238
49.1268331  0.9109421
49.11458814 0.9114655
49.10234925 0.9119956
49.09011648 0.9125325
49.07788981 0.9130772
49.0656692  0.9136288
49.0534547  0.9141868
49.04124628 0.9147504
49.02904394 0.9153178
49.01684764 0.9158878
49.00465743 0.9164594
48.99247329 0.9170308
48.9802952  0.917601
48.96812314 0.9181697
48.95595716 0.9187365
48.94379721 0.9193017
48.93164331 0.9198655
48.91949541 0.9204292
48.90735358 0.9209933
48.89521776 0.9215593
48.88308797 0.922128
48.87096417 0.922701
48.85884641 0.9232782
48.84673465 0.9238604
48.83462888 0.9244468
48.82252912 0.9250366
48.81043536 0.9256282
48.7983476  0.9262195
48.78626579 0.9268074
48.77418999 0.9273896
48.76212016 0.9279631
48.75005631 0.9285257
48.7379984  0.9290758
48.72594648 0.9296123
48.71390051 0.9301355
48.7018605  0.9306465
48.68982642 0.9311479
48.67779831 0.9316419
48.66577614 0.9321319
48.6537599  0.9326219
48.64174958 0.9331143
48.6297452  0.9336123
48.61774675 0.9341172
48.6057542  0.9346307
48.59376758 0.9351527
48.58178687 0.9356831
48.56981208 0.9362211
48.55784315 0.9367653
48.54588015 0.9373142
48.53392305 0.9378666
48.52197183 0.9384212
48.51002647 0.9389766
48.49808702 0.939532
48.48615344 0.9400862
48.47422573 0.9406382
48.46230387 0.9411875
48.45038789 0.9417329
48.43847777 0.9422739
48.42657351 0.9428098
48.41467507 0.9433401
48.4027825  0.9438644
48.39089577 0.9443831
48.37901488 0.944896
48.3671398  0.9454044
48.35527057 0.9459088
48.34340716 0.9464107
48.33154955 0.9469112
48.31969778 0.947412
48.30785182 0.9479137
48.29601166 0.9484169
48.28417729 0.9489226
48.27234874 0.9494303
48.26052598 0.9499398
48.24870901 0.9504504
48.2368978  0.9509612
48.2250924  0.9514706
48.21329278 0.951978
48.20149892 0.9524824
48.18971082 0.952983
48.1779285  0.9534791
48.16615194 0.9539706
48.15438114 0.9544575
48.14261606 0.9549397
48.13085676 0.9554177
48.1191032  0.9558919
48.10735535 0.956363
48.09561326 0.9568321
48.08387691 0.9573001
48.07214628 0.9577682
48.06042135 0.9582379
48.04870216 0.9587107
48.03698868 0.9591871
48.02528092 0.9596679
48.01357883 0.9601536
48.00188247 0.9606432
47.99019181 0.9611353
47.97850684 0.961628
47.96682754 0.9621188
47.95515394 0.9626052
47.94348603 0.963085
47.93182379 0.9635559
47.9201672  0.9640171
47.9085163  0.9644684
47.89687107 0.9649106
47.88523147 0.9653444
47.87359756 0.965772
47.86196929 0.9661947
47.85034667 0.9666148
47.83872967 0.9670327
47.82711834 0.9674503
47.81551263 0.9678677
47.80391257 0.9682848
47.7923181  0.9687014
47.78072928 0.9691166
47.76914608 0.9695297
47.75756849 0.9699398
47.74599649 0.9703454
47.73443012 0.9707459
47.72286936 0.97114
47.71131419 0.9715269
47.69976459 0.9719055
47.68822061 0.9722748
47.67668221 0.9726352
47.6651494  0.9729857
47.65362214 0.973327
47.64210047 0.9736599
47.63058438 0.9739859
47.61907383 0.9743066
47.60756887 0.9746243
47.59606946 0.9749413
47.58457561 0.9752598
47.57308728 0.9755817
47.56160452 0.9759093
47.55012731 0.976243
47.53865563 0.9765835
47.52718947 0.9769309
47.51572885 0.9772842
47.50427376 0.9776422
47.4928242  0.9780031
47.48138013 0.9783645
47.46994159 0.9787244
47.45850857 0.97908
47.44708105 0.9794297
47.43565901 0.979771
47.42424249 0.980103
47.41283147 0.9804242
47.40142591 0.9807346
47.39002586 0.9810336
47.3786313  0.9813221
47.36724221 0.9816003
47.35585857 0.9818693
47.34448043 0.9821297
47.33310775 0.9823826
47.32174054 0.9826283
47.31037876 0.982868
47.29902246 0.9831019
47.2876716  0.9833299
47.2763262  0.9835536
47.26498622 0.9837724
47.25365169 0.983987
47.2423226  0.9841975
47.23099895 0.9844036
47.21968069 0.9846056
47.20836789 0.9848028
47.1970605  0.9849945
47.1857585  0.9851805
47.17446194 0.9853598
47.16317079 0.9855324
47.15188504 0.9856986
47.14060467 0.9858585
47.12932972 0.9860134
47.11806016 0.9861652
47.10679598 0.9863153
47.09553717 0.9864659
47.08428376 0.9866186
47.07303573 0.9867749
47.06179307 0.9869354
47.05055576 0.9871
47.03932384 0.9872678
47.02809727 0.987438
47.01687607 0.9876077
47.00566019 0.9877757
46.99444969 0.9879398
46.98324454 0.9880979
46.97204472 0.9882492
46.96085022 0.9883923
46.94966108 0.9885274
46.93847727 0.9886545
46.92729877 0.9887741
46.91612561 0.9888865
46.90495776 0.988992
46.89379524 0.9890922
46.882638   0.9891868
46.8714861  0.9892767
46.86033949 0.9893623
46.84919819 0.9894431
46.83806216 0.9895201
46.82693145 0.9895929
46.81580603 0.9896616
46.80468589 0.9897262
46.79357101 0.9897866
46.78246143 0.9898425
46.77135713 0.9898934
46.76025809 0.9899392
46.7491643  0.9899793
46.7380758  0.9900128
46.72699255 0.9900395
46.71591454 0.9900585
46.7048418  0.9900692
46.6937743  0.9900711
46.68271206 0.9900641
46.67165503 0.9900476
46.66060326 0.9900222
46.64955672 0.9899883
46.63851541 0.9899467
46.6274793  0.9898987
46.61644844 0.9898452
46.60542279 0.9897883
46.59440236 0.9897292
46.58338712 0.9896693
46.57237711 0.9896095
46.5613723  0.9895507
46.55037269 0.9894924
46.53937826 0.9894348
46.52838903 0.9893767
46.517405   0.989317
46.50642613 0.9892545
46.49545246 0.989188
46.48448397 0.9891157
46.47352066 0.9890373
46.46256249 0.9889525
46.45160951 0.9888604
46.44066169 0.9887619
46.42971904 0.9886575
46.41878151 0.9885476
46.40784916 0.9884329
46.39692196 0.9883136
46.38599991 0.98819
46.37508297 0.9880618
46.36417119 0.9879283
46.35326454 0.9877887
46.34236303 0.9876427
46.33146662 0.9874886
46.32057535 0.9873267
46.30968921 0.9871565
46.29880818 0.9869782
46.28793224 0.9867926
46.27706143 0.9866017
46.26619572 0.9864063
46.2553351  0.986208
46.24447959 0.9860089
46.23362918 0.9858102
46.22278386 0.9856125
46.2119436  0.9854158
46.20110845 0.9852191
46.19027838 0.9850212
46.17945339 0.9848199
46.16863344 0.9846126
46.15781859 0.9843972
46.1470088  0.9841713
46.13620407 0.9839329
46.12540439 0.9836811
46.11460977 0.9834158
46.10382021 0.9831381
46.0930357  0.9828498
46.08225621 0.9825533
46.07148178 0.9822515
46.06071239 0.9819478
46.04994801 0.981645
46.03918868 0.9813455
46.02843438 0.9810505
46.0176851  0.9807604
46.00694082 0.9804752
45.99620157 0.9801934
45.98546734 0.9799125
45.97473812 0.9796302
45.96401389 0.9793432
45.95329467 0.9790493
45.94258046 0.9787466
45.93187124 0.978433
45.92116698 0.9781086
45.91046774 0.9777736
45.89977349 0.9774293
45.88908421 0.9770781
45.87839989 0.9767221
45.86772057 0.9763644
45.85704621 0.976007
45.84637681 0.9756528
45.83571238 0.9753026
45.82505292 0.9749574
45.81439842 0.9746165
45.80374884 0.9742783
45.79310424 0.9739415
45.78246458 0.9736026
45.77182987 0.9732597
45.76120008 0.9729102
45.75057524 0.9725521
45.73995533 0.9721853
45.72934036 0.9718085
45.71873029 0.9714235
45.70812516 0.9710312
45.69752495 0.9706337
45.68692965 0.9702325
45.67633925 0.9698288
45.66575378 0.9694235
45.65517321 0.9690168
45.64459753 0.9686082
45.63402676 0.9681968
45.62346089 0.9677812
45.6128999  0.96736
45.60234379 0.9669326
45.59179258 0.9664981
45.58124626 0.9660566
45.57070481 0.9656089
45.56016821 0.9651551
45.54963651 0.9646965
45.53910968 0.9642337
45.52858771 0.9637679
45.51807058 0.9632995
45.50755833 0.9628288
45.49705093 0.9623556
45.48654838 0.9618808
45.47605067 0.9614035
45.46555781 0.9609246
45.4550698  0.9604442
45.44458662 0.9599627
45.43410826 0.9594806
45.42363475 0.9589986
45.41316607 0.9585171
45.40270219 0.9580364
45.39224316 0.9575567
45.38178894 0.9570781
45.37133953 0.9566003
45.36089492 0.9561234
45.35045513 0.9556466
45.34002015 0.95517
45.32958997 0.9546934
45.31916456 0.9542163
45.30874398 0.953738
45.29832818 0.9532582
45.28791717 0.9527764
45.27751092 0.9522916
45.26710948 0.9518035
45.25671281 0.9513109
45.24632092 0.9508134
45.23593378 0.9503102
45.22555143 0.9498012
45.21517384 0.9492853
45.20480099 0.9487627
45.19443292 0.9482334
45.18406961 0.9476975
45.17371105 0.9471551
45.16335721 0.9466072
45.15300815 0.9460547
45.14266382 0.9454989
45.13232423 0.9449414
45.12198936 0.9443837
45.11165924 0.9438277
45.10133385 0.9432747
45.09101318 0.9427254
45.08069722 0.9421803
45.07038599 0.9416394
45.06007948 0.9411017
45.04977769 0.9405661
45.03948058 0.9400308
45.0291882  0.9394946
45.01890052 0.938956
45.00861752 0.938414
44.99833924 0.9378684
44.98806565 0.9373192
44.97779676 0.9367667
44.96753252 0.9362119
44.957273   0.9356559
44.94701815 0.9350989
44.93676798 0.9345421
44.92652246 0.9339857
44.91628164 0.9334301
44.90604548 0.9328749
44.89581399 0.93232
44.88558714 0.9317653
44.87536496 0.9312108
44.86514744 0.9306561
44.85493458 0.9301013
44.84472634 0.9295465
44.83452277 0.9289911
44.82432384 0.9284352
44.81412954 0.927878
44.80393987 0.927319
44.79375484 0.9267568
44.78357445 0.9261909
44.77339866 0.9256202
44.76322752 0.9250445
44.753061   0.9244637
44.74289909 0.9238789
44.73274178 0.9232911
44.72258909 0.9227026
44.71244102 0.922115
44.70229755 0.9215316
44.69215866 0.920954
44.68202439 0.9203842
44.67189471 0.9198232
44.66176963 0.9192708
44.65164911 0.9187269
44.6415332  0.9181893
44.63142188 0.9176564
44.62131513 0.917126
44.61121294 0.9165957
44.60111534 0.9160636
44.59102231 0.9155279
44.58093383 0.9149881
44.57084993 0.9144433
44.56077059 0.9138937
44.55069581 0.9133399
44.54062557 0.9127822
44.5305599  0.9122221
44.52049877 0.9116601
44.51044219 0.9110969
44.50039014 0.9105331
44.49034264 0.9099697
44.48029968 0.9094066
44.47026125 0.9088445
44.46022733 0.9082834
44.45019796 0.9077233
44.44017311 0.9071639
44.43015278 0.9066051
44.42013696 0.9060459
44.41012566 0.9054857
44.40011888 0.9049235
44.39011658 0.9043588
44.38011882 0.9037908
44.37012555 0.903219
44.36013678 0.902644
44.35015249 0.902066
44.34017271 0.9014862
44.33019743 0.9009053
44.32022663 0.9003239
44.31026029 0.8997435
44.30029846 0.8991646
44.2903411  0.8985868
44.28038822 0.8980104
44.2704398  0.8974347
44.26049586 0.8968594
44.25055638 0.896284
44.24062137 0.8957093
44.2306908  0.8951352
44.22076471 0.8945629
44.21084307 0.8939938
44.20092589 0.8934294
44.19101313 0.8928713
44.18110483 0.8923206
44.17120098 0.8917779
44.16130155 0.8912432
44.15140657 0.8907161
44.14151603 0.8901951
44.13162992 0.8896792
44.12174821 0.8891662
44.11187095 0.8886552
44.10199811 0.8881447
44.09212969 0.8876336
44.08226567 0.8871217
44.07240607 0.8866085
44.06255089 0.8860952
44.05270011 0.8855813
44.04285372 0.8850676
44.03301174 0.8845545
44.02317417 0.8840418
44.01334099 0.8835294
44.00351218 0.8830172
43.99368778 0.882504
43.98386776 0.8819893
43.97405211 0.8814724
43.96424086 0.8809528
43.95443399 0.8804298
43.94463149 0.879904
43.93483334 0.8793762
43.92503958 0.8788472
43.91525018 0.8783191
43.90546515 0.8777934
43.89568446 0.877272
43.88590814 0.876757
43.87613618 0.8762496
43.86636857 0.8757509
43.85660528 0.8752612
43.84684636 0.8747807
43.83709179 0.8743088
43.82734155 0.8738447
43.81759563 0.8733877
43.80785406 0.8729374
43.79811682 0.8724924
43.78838389 0.8720525
43.77865531 0.871617
43.76893104 0.8711855
43.7592111  0.8707569
43.74949545 0.870331
43.73978414 0.8699065
43.73007713 0.8694826
43.72037444 0.8690579
43.71067603 0.8686318
43.70098194 0.8682032
43.69129214 0.8677716
43.68160665 0.8673366
43.67192543 0.8668988
43.66224852 0.8664583
43.65257589 0.8660163
43.64290755 0.8655738
43.63324348 0.8651317
43.6235837  0.864692
43.61392819 0.8642547
43.60427696 0.8638213
43.59462999 0.8633928
43.5849873  0.8629691
43.57534887 0.8625507
43.56571469 0.8621377
43.55608478 0.8617296
43.54645913 0.8613262
43.53683774 0.8609271
43.52722057 0.8605317
43.51760767 0.8601402
43.50799902 0.8597519
43.49839461 0.8593665
43.48879442 0.8589841
43.47919849 0.8586044
43.46960679 0.8582273
43.46001932 0.8578527
43.45043606 0.8574802
43.44085705 0.8571091
43.43128225 0.8567399
43.42171168 0.8563717
43.4121453  0.8560047
43.40258316 0.8556386
43.39302523 0.8552744
43.38347149 0.8549119
43.37392198 0.8545519
43.36437666 0.8541952
43.35483555 0.8538422
43.34529862 0.8534935
43.3357659  0.8531488
43.32623737 0.8528084
43.31671303 0.8524718
43.30719286 0.8521383
43.2976769  0.8518078
43.28816511 0.8514796
43.2786575  0.8511538
43.26915405 0.8508302
43.25965479 0.8505092
43.2501597  0.8501909
43.24066877 0.8498761
43.231182   0.8495647
43.2216994  0.8492572
43.21222096 0.848953
43.20274666 0.848652
43.19327653 0.8483531
43.18381056 0.8480557
43.17434873 0.8477589
43.16489102 0.8474622
43.15543748 0.8471651
43.14598808 0.8468674
43.13654282 0.8465698
43.12710167 0.8462725
43.11766467 0.8459763
43.1082318  0.8456816
43.09880306 0.8453894
43.08937842 0.8451004
43.07995793 0.8448149
43.07054155 0.8445333
43.06112928 0.8442562
43.05172111 0.8439837
43.04231707 0.8437162
43.03291714 0.8434541
43.02352131 0.8431979
43.01412957 0.8429484
43.00474194 0.8427055
42.99535841 0.8424699
42.98597895 0.8422418
42.97660361 0.8420208
42.96723235 0.8418068
42.95786518 0.8415991
42.94850208 0.8413966
42.93914307 0.8411986
42.92978814 0.8410041
42.92043729 0.8408116
42.91109049 0.8406203
42.90174778 0.8404298
42.89240914 0.8402394
42.88307456 0.840049
42.87374402 0.8398589
42.86441757 0.8396695
42.85509517 0.8394815
42.84577682 0.8392953
42.83646251 0.8391115
42.82715226 0.8389303
42.81784606 0.8387521
42.80854389 0.8385765
42.79924577 0.8384036
42.7899517  0.8382331
42.78066166 0.8380643
42.77137563 0.8378973
42.76209365 0.8377321
42.7528157  0.8375686
42.74354178 0.8374073
42.73427186 0.8372481
42.72500597 0.8370925
42.71574411 0.8369401
42.70648626 0.8367915
42.6972324  0.8366474
42.68798257 0.8365081
42.67873675 0.8363738
42.66949493 0.8362447
42.6602571  0.8361213
42.65102328 0.8360034
42.64179346 0.8358915
42.63256762 0.8357857
42.62334578 0.8356856
42.61412793 0.8355913
42.60491407 0.835502
42.59570418 0.8354176
42.58649828 0.8353371
42.57729636 0.8352596
42.56809842 0.8351843
42.55890443 0.8351104
42.54971444 0.8350369
42.54052841 0.8349634
42.53134634 0.8348894
42.52216822 0.8348151
42.51299408 0.8347403
42.50382389 0.8346656
42.49465767 0.8345914
42.48549537 0.834519
42.47633705 0.8344494
42.46718267 0.8343841
42.45803223 0.8343239
42.44888573 0.8342702
42.43974318 0.8342242
42.43060456 0.8341861
42.42146986 0.8341563
42.41233912 0.834134
42.4032123  0.8341185
42.39408941 0.8341087
42.38497043 0.8341026
42.37585539 0.8340988
42.36674426 0.8340954
42.35763706 0.8340917
42.34853375 0.8340864
42.33943437 0.8340797
42.3303389  0.8340714
42.32124734 0.8340623
42.31215966 0.8340535
42.3030759  0.8340458
42.29399605 0.8340402
42.28492009 0.8340378
42.275848   0.8340393
42.26677983 0.8340454
42.25771554 0.8340564
42.24865513 0.8340726
42.23959862 0.8340941
42.23054598 0.8341215
42.22149723 0.8341545
42.21245234 0.8341935
42.20341134 0.8342384
42.19437421 0.8342888
42.18534095 0.8343449
42.17631154 0.8344063
42.16728602 0.834472
42.15826435 0.8345422
42.14924654 0.8346155
42.14023258 0.8346918
42.13122248 0.8347706
42.12221624 0.8348511
42.11321385 0.8349332
42.10421529 0.8350164
42.09522059 0.8351005
42.08622973 0.8351853
42.07724269 0.8352712
42.06825951 0.8353574
42.05928016 0.8354446
42.05030465 0.8355327
42.04133295 0.8356221
42.03236509 0.835713
42.02340106 0.835806
42.01444085 0.8359013
42.00548444 0.8359996
41.99653187 0.8361015
41.98758312 0.8362073
41.97863818 0.8363176
41.96969703 0.8364326
41.9607597  0.8365527
41.95182618 0.8366779
41.94289647 0.8368083
41.93397053 0.8369434
41.92504842 0.8370827
41.9161301  0.8372257
41.90721555 0.8373718
41.89830481 0.8375199
41.88939787 0.8376693
41.8804947  0.8378195
41.87159531 0.8379703
41.86269971 0.8381211
41.85380789 0.8382724
41.84491985 0.8384242
41.83603557 0.8385773
41.82715507 0.8387319
41.81827835 0.8388884
41.80940539 0.839047
41.80053618 0.8392076
41.79167074 0.8393698
41.78280907 0.8395336
41.77395115 0.8396983
41.76509698 0.8398635
41.75624657 0.8400294
41.74739991 0.8401957
41.738557   0.8403631
41.72971782 0.8405323
41.7208824  0.8407038
41.71205072 0.840879
41.70322276 0.8410587
41.69439855 0.8412436
41.68557808 0.8414342
41.67676133 0.8416313
41.6679483  0.841835
41.65913902 0.8420457
41.65033345 0.8422627
41.64153161 0.8424862
41.63273347 0.8427154
41.62393907 0.8429496
41.61514838 0.8431879
41.6063614  0.8434288
41.59757812 0.8436711
41.58879856 0.8439132
41.5800227  0.844154
41.57125055 0.8443922
41.56248208 0.8446268
41.55371733 0.8448576
41.54495627 0.8450843
41.53619889 0.8453081
41.52744521 0.8455291
41.51869523 0.8457491
41.50994893 0.8459696
41.5012063  0.8461913
41.49246737 0.8464167
41.48373212 0.8466457
41.47500055 0.8468796
41.46627263 0.8471187
41.4575484  0.8473636
41.44882784 0.8476136
41.44011096 0.8478687
41.43139772 0.8481284
41.42268816 0.8483923
41.41398226 0.8486592
41.40528002 0.8489282
41.39658142 0.8491989
41.38788649 0.8494704
41.37919521 0.8497416
41.37050756 0.8500122
41.36182358 0.8502818
41.35314325 0.85055
41.34446655 0.850817
41.33579348 0.8510834
41.32712407 0.8513493
41.31845829 0.8516159
41.30979614 0.8518841
41.30113761 0.8521548
41.29248272 0.8524286
41.28383146 0.8527064
41.27518383 0.8529889
41.2665398  0.853276
41.2578994  0.8535681
41.24926263 0.8538648
41.24062947 0.8541657
41.2319999  0.8544704
41.22337397 0.8547779
41.21475164 0.8550874
41.20613292 0.8553982
41.19751778 0.8557093
41.18890626 0.8560201
41.18029835 0.8563297
41.17169401 0.8566375
41.16309328 0.8569433
41.15449615 0.8572468
41.14590261 0.8575479
41.13731264 0.8578467
41.12872627 0.8581437
41.12014348 0.8584397
41.11156428 0.8587354
41.10298864 0.8590317
41.09441659 0.8593294
41.08584812 0.8596296
41.07728322 0.859933
41.06872187 0.8602397
41.06016411 0.8605504
41.05160991 0.860864
41.04305928 0.8611802
41.03451219 0.8614984
41.02596868 0.8618171
41.01742872 0.8621356
41.0088923  0.8624533
41.00035946 0.8627694
40.99183016 0.863084
40.98330441 0.8633973
40.97478218 0.8637099
40.96626352 0.8640226
40.9577484  0.8643364
40.94923682 0.8646526
40.94072876 0.8649715
40.93222425 0.8652937
40.92372328 0.8656194
40.91522583 0.8659486
40.90673189 0.8662811
40.8982415  0.8666162
40.88975463 0.8669537
40.88127129 0.8672932
40.87279144 0.8676341
40.86431513 0.8679761
40.85584233 0.868319
40.84737303 0.8686628
40.83890726 0.8690073
40.830445   0.869352
40.82198624 0.8696967
40.81353097 0.8700417
40.80507922 0.8703862
40.79663097 0.8707306
40.78818621 0.8710747
40.77974494 0.8714186
40.77130717 0.8717629
40.76287289 0.8721074
40.75444211 0.872453
40.74601479 0.8728001
40.73759098 0.8731496
40.72917064 0.8735022
40.72075379 0.8738585
40.7123404  0.8742192
40.7039305  0.8745852
40.69552408 0.874957
40.68712112 0.875335
40.67872162 0.8757196
40.67032561 0.8761108
40.66193305 0.876509
40.65354395 0.8769134
40.64515832 0.8773243
40.63677615 0.8777406
40.62839744 0.8781629
40.62002217 0.8785901
40.61165036 0.8790222
40.603282   0.8794588
40.5949171  0.8798996
40.58655562 0.8803445
40.5781976  0.8807927
40.56984303 0.8812438
40.56149189 0.8816968
40.55314417 0.8821514
40.54479991 0.8826066
40.53645908 0.8830619
40.52812168 0.8835173
40.51978769 0.8839727
40.51145715 0.8844283
40.50313003 0.8848846
40.49480631 0.8853421
40.48648604 0.8858018
40.47816918 0.8862638
40.46985574 0.8867283
40.46154569 0.887195
40.45323908 0.8876635
40.44493587 0.8881333
40.43663607 0.8886029
40.42833967 0.8890726
40.42004668 0.8895412
40.41175709 0.8900093
40.4034709  0.8904771
40.3951881  0.8909461
40.3869087  0.8914177
40.3786327  0.8918939
40.37036009 0.8923764
40.36209085 0.8928676
40.35382502 0.8933685
40.34556257 0.8938802
40.33730348 0.8944028
40.3290478  0.8949355
40.32079549 0.8954772
40.31254656 0.8960256
40.30430099 0.8965783
40.2960588  0.8971334
40.28781999 0.897688
40.27958454 0.8982404
40.27135245 0.8987893
40.26312373 0.8993342
40.25489838 0.8998744
40.24667639 0.9004107
40.23845774 0.900944
40.23024246 0.9014755
40.22203053 0.9020064
40.21382196 0.9025382
40.20561672 0.9030716
40.19741484 0.9036072
40.18921631 0.9041457
40.18102113 0.9046866
40.17282926 0.9052304
40.16464076 0.9057766
40.15645559 0.9063248
40.14827374 0.9068753
40.14009524 0.9074279
40.13192007 0.9079828
40.12374824 0.9085403
40.11557971 0.9091009
40.10741452 0.9096648
40.09925266 0.9102314
40.09109412 0.9108014
40.08293888 0.9113743
40.07478697 0.9119492
40.06663838 0.912526
40.05849311 0.9131036
40.05035113 0.9136822
40.04221247 0.9142607
40.03407712 0.9148388
40.02594507 0.9154167
40.01781632 0.9159935
40.00969088 0.9165697
40.00156873 0.917145
